date,code,open,high,low,close,preclose,volume,amount,adjustflag,turn,tradestatus,pctChg,pbMRQ,peTTM,psTTM,pcfNcfTTM,isST,p_change
2004-01-02,sh.000016,996.9960,1021.5680,993.8920,1011.3470,0.0000,806465200,5742758967.0000,3,0.025592,1,0.000000,0.000000,0.000000,0.000000,0.000000,0,
2004-01-05,sh.000016,1008.2790,1060.8980,1008.2790,1060.8010,1011.3470,1446818000,10706463941.0000,3,0.045913,1,4.889918,0.000000,0.000000,0.000000,0.000000,0,4.889914144205698
2004-01-06,sh.000016,1059.1410,1086.6940,1059.0950,1075.6560,1060.8010,1699133400,12416997345.0000,3,0.053920,1,1.400355,0.000000,0.000000,0.000000,0.000000,0,1.4003569001160399
2004-01-07,sh.000016,1075.5620,1095.8410,1070.9800,1086.3030,1075.6560,1372941900,10352534788.0000,3,0.043568,1,0.989812,0.000000,0.000000,0.000000,0.000000,0,0.9898145875633313
2004-01-08,sh.000016,1087.6800,1108.2910,1082.5090,1102.6620,1086.3030,1078042700,8188926758.0000,3,0.034210,1,1.505934,0.000000,0.000000,0.000000,0.000000,0,1.505933427413897
2004-01-09,sh.000016,1105.7700,1115.4610,1079.0720,1081.7850,1102.6620,1346744200,10548445392.0000,3,0.042737,1,-1.893323,0.000000,0.000000,0.000000,0.000000,0,-1.8933272389907274
2004-01-12,sh.000016,1081.8070,1117.5050,1079.7730,1116.7990,1081.7850,1023394300,8376568721.0000,3,0.032476,1,3.236680,0.000000,0.000000,0.000000,0.000000,0,3.23668751184385
2004-01-13,sh.000016,1120.1490,1123.6560,1089.6330,1102.3410,1116.7990,983718900,7989281144.0000,3,0.031136,1,-1.294594,0.000000,0.000000,0.000000,0.000000,0,-1.2945928497428927
2004-01-14,sh.000016,1101.4450,1101.6660,1076.8690,1079.7200,1102.3410,712049900,5343577668.0000,3,0.022537,1,-2.052085,0.000000,0.000000,0.000000,0.000000,0,-2.052087330508423
2004-01-15,sh.000016,1078.5330,1088.6700,1070.7270,1073.9770,1079.7200,617920700,4755875010.0000,3,0.019558,1,-0.531890,0.000000,0.000000,0.000000,0.000000,0,-0.5318971585225762
2004-01-16,sh.000016,1076.6360,1087.8170,1067.8470,1083.6520,1073.9770,717416700,5520318130.0000,3,0.022707,1,0.900850,0.000000,0.000000,0.000000,0.000000,0,0.9008572809287241
2004-01-29,sh.000016,1086.6570,1101.0270,1084.4550,1100.6040,1083.6520,579123000,4529581998.0000,3,0.018330,1,1.564342,0.000000,0.000000,0.000000,0.000000,0,1.564339843418372
2004-01-30,sh.000016,1102.1700,1103.6990,1066.4450,1067.5530,1100.6040,776111800,5943973870.0000,3,0.024565,1,-3.002990,0.000000,0.000000,0.000000,0.000000,0,-3.0029874505271614
2004-02-02,sh.000016,1107.4900,1116.3140,1069.9670,1091.7290,1067.5530,1543292200,11668205473.0000,3,0.048847,1,2.264621,0.000000,0.000000,0.000000,0.000000,0,2.2646182437780604
2004-02-03,sh.000016,1091.8650,1103.2440,1084.3910,1102.9540,1091.7290,841110700,6827915398.0000,3,0.026622,1,1.028183,0.000000,0.000000,0.000000,0.000000,0,1.028185566198192
2004-02-04,sh.000016,1104.7400,1130.1390,1104.7400,1128.4430,1102.9540,1053499000,8915089429.0000,3,0.033344,1,2.310977,0.000000,0.000000,0.000000,0.000000,0,2.310975797721393
2004-02-05,sh.000016,1135.6160,1136.4230,1118.1680,1127.8970,1128.4430,977431400,8521830200.0000,3,0.030937,1,-0.048387,0.000000,0.000000,0.000000,0.000000,0,-0.048385252954741276
2004-02-06,sh.000016,1125.4880,1139.0880,1108.9090,1122.0840,1127.8970,1114033700,9086959709.0000,3,0.035260,1,-0.515383,0.000000,0.000000,0.000000,0.000000,0,-0.5153839402001981
2004-02-09,sh.000016,1122.2850,1134.9100,1122.2750,1134.6110,1122.0840,859830500,7038850173.0000,3,0.027215,1,1.116403,0.000000,0.000000,0.000000,0.000000,0,1.1164048324368014
2004-02-10,sh.000016,1137.7170,1141.9940,1116.9290,1120.9610,1134.6110,866278000,7084279413.0000,3,0.027419,1,-1.203047,0.000000,0.000000,0.000000,0.000000,0,-1.2030554965534512
2004-02-11,sh.000016,1121.8070,1123.7690,1100.2370,1110.0610,1120.9610,924632000,7161101296.0000,3,0.029266,1,-0.972382,0.000000,0.000000,0.000000,0.000000,0,-0.9723799489902096
2004-02-12,sh.000016,1110.8350,1122.4820,1092.2930,1094.1120,1110.0610,958159700,7735862225.0000,3,0.030327,1,-1.436766,0.000000,0.000000,0.000000,0.000000,0,-1.4367678893321911
2004-02-13,sh.000016,1094.0020,1105.8190,1088.8590,1096.3620,1094.1120,690482100,5758474874.0000,3,0.021855,1,0.205646,0.000000,0.000000,0.000000,0.000000,0,0.20564622269019228
2004-02-16,sh.000016,1098.8580,1124.3550,1098.8580,1123.7480,1096.3620,762341000,6197794454.0000,3,0.024129,1,2.497896,0.000000,0.000000,0.000000,0.000000,0,2.497897592218634
2004-02-17,sh.000016,1127.0980,1132.7140,1121.2770,1123.6180,1123.7480,881589700,7856931164.0000,3,0.027903,1,-0.011569,0.000000,0.000000,0.000000,0.000000,0,-0.01156842993269569
2004-02-18,sh.000016,1123.7010,1136.5320,1119.6280,1129.2750,1123.6180,809371100,7208809235.0000,3,0.025618,1,0.503461,0.000000,0.000000,0.000000,0.000000,0,0.5034629206723373
2004-02-19,sh.000016,1130.3960,1138.0820,1119.6690,1122.3800,1129.2750,713080500,6217181258.0000,3,0.022570,1,-0.610570,0.000000,0.000000,0.000000,0.000000,0,-0.6105687277235372
2004-02-20,sh.000016,1122.9300,1125.3720,1112.9440,1124.6610,1122.3800,598875900,5258601253.0000,3,0.018955,1,0.203229,0.000000,0.000000,0.000000,0.000000,0,0.2032288529731474
2004-02-23,sh.000016,1126.2310,1129.5200,1092.0140,1093.1370,1124.6610,880250900,7258275895.0000,3,0.027861,1,-2.802982,0.000000,0.000000,0.000000,0.000000,0,-2.8029779640264985
2004-02-24,sh.000016,1090.2500,1095.9370,1072.3290,1093.1020,1093.1370,844938200,6881090367.0000,3,0.026743,1,-0.003194,0.000000,0.000000,0.000000,0.000000,0,-0.003201794468565833
2004-02-25,sh.000016,1094.4310,1104.3490,1067.1270,1070.3620,1093.1020,806405500,6373129920.0000,3,0.025524,1,-2.080317,0.000000,0.000000,0.000000,0.000000,0,-2.0803182136708176
2004-02-26,sh.000016,1068.1250,1080.2320,1061.1970,1079.8970,1070.3620,810089000,6041586122.0000,3,0.025640,1,0.890812,0.000000,0.000000,0.000000,0.000000,0,0.8908201150638728
2004-02-27,sh.000016,1081.7150,1090.8920,1079.9340,1088.7250,1079.8970,729306900,5654382402.0000,3,0.023083,1,0.817486,0.000000,0.000000,0.000000,0.000000,0,0.8174853712900276
2004-03-01,sh.000016,1089.6530,1095.2330,1076.0760,1094.2420,1088.7250,644171500,5297533595.0000,3,0.020389,1,0.506737,0.000000,0.000000,0.000000,0.000000,0,0.5067395347769121
2004-03-02,sh.000016,1096.1050,1099.7140,1086.7240,1093.3910,1094.2420,557731800,4608231808.0000,3,0.017653,1,-0.077766,0.000000,0.000000,0.000000,0.000000,0,-0.07777073078897301
2004-03-03,sh.000016,1093.3580,1093.7420,1067.9440,1072.6390,1093.3910,521481900,4177177058.0000,3,0.016505,1,-1.897944,0.000000,0.000000,0.000000,0.000000,0,-1.8979486752680574
2004-03-04,sh.000016,1070.9000,1079.2690,1061.8880,1078.3480,1072.6390,481043300,3854363357.0000,3,0.015226,1,0.532237,0.000000,0.000000,0.000000,0.000000,0,0.532238712185551
2004-03-05,sh.000016,1080.3380,1083.1400,1070.3020,1071.5810,1078.3480,336502700,2754915383.0000,3,0.010651,1,-0.627531,0.000000,0.000000,0.000000,0.000000,0,-0.6275339686260928
2004-03-08,sh.000016,1070.1140,1075.7480,1056.0440,1057.1020,1071.5810,459984900,3706593742.0000,3,0.014559,1,-1.351181,0.000000,0.000000,0.000000,0.000000,0,-1.3511811053014022
2004-03-09,sh.000016,1057.3580,1075.2200,1056.8830,1061.1590,1057.1020,691802100,4876685815.0000,3,0.021852,1,0.383786,0.000000,0.000000,0.000000,0.000000,0,0.3837851030458861
2004-03-10,sh.000016,1062.9760,1091.3460,1062.9760,1091.0970,1061.1590,611397300,4768362429.0000,3,0.019312,1,2.821254,0.000000,0.000000,0.000000,0.000000,0,2.8212548732093667
2004-03-11,sh.000016,1092.7410,1102.2210,1086.5470,1095.5640,1091.0970,576179100,4817175725.0000,3,0.018199,1,0.409397,0.000000,0.000000,0.000000,0.000000,0,0.40940448007831254
2004-03-12,sh.000016,1096.3480,1102.1260,1088.4410,1099.0810,1095.5640,523609700,4158684024.0000,3,0.016539,1,0.321030,0.000000,0.000000,0.000000,0.000000,0,0.32102186636286945
2004-03-15,sh.000016,1100.4040,1134.2830,1100.1490,1131.6750,1099.0810,1025206900,8500648458.0000,3,0.032383,1,2.965568,0.000000,0.000000,0.000000,0.000000,0,2.965568506779759
2004-03-16,sh.000016,1136.2730,1139.4860,1127.8510,1135.5710,1131.6750,732935900,6223977129.0000,3,0.023151,1,0.344268,0.000000,0.000000,0.000000,0.000000,0,0.3442684516314243
2004-03-17,sh.000016,1136.4530,1139.2760,1124.6000,1135.1670,1135.5710,548980200,4842844317.0000,3,0.017340,1,-0.035581,0.000000,0.000000,0.000000,0.000000,0,-0.0355768155403724
2004-03-18,sh.000016,1134.9260,1141.8090,1110.3180,1111.8490,1135.1670,686980500,5785905281.0000,3,0.021699,1,-2.054147,0.000000,0.000000,0.000000,0.000000,0,-2.0541470990611987
2004-03-19,sh.000016,1110.4420,1130.2640,1107.1030,1129.7750,1111.8490,588599400,4782877132.0000,3,0.018592,1,1.612272,0.000000,0.000000,0.000000,0.000000,0,1.6122692919632309
2004-03-22,sh.000016,1130.8680,1141.8120,1126.1930,1134.7870,1129.7750,509368600,4319534599.0000,3,0.016089,1,0.443625,0.000000,0.000000,0.000000,0.000000,0,0.4436281560487698
2004-03-23,sh.000016,1133.9930,1134.1260,1115.6700,1121.3320,1134.7870,558753500,4644463952.0000,3,0.017649,1,-1.185681,0.000000,0.000000,0.000000,0.000000,0,-1.1856850668891972
2004-03-24,sh.000016,1120.2060,1125.0600,1109.3340,1115.5120,1121.3320,480013900,4213864128.0000,3,0.015162,1,-0.519032,0.000000,0.000000,0.000000,0.000000,0,-0.5190255874263916
2004-03-25,sh.000016,1114.7480,1126.1870,1108.1790,1115.2390,1115.5120,460921600,3777134579.0000,3,0.014559,1,-0.024469,0.000000,0.000000,0.000000,0.000000,0,-0.024473067075914123
2004-03-26,sh.000016,1115.4930,1118.7240,1105.5540,1112.7820,1115.2390,539454700,4629500173.0000,3,0.017039,1,-0.220314,0.000000,0.000000,0.000000,0.000000,0,-0.22031152066956938
2004-03-29,sh.000016,1112.2760,1115.0540,1100.4280,1101.6590,1112.7820,533627000,4156404720.0000,3,0.016855,1,-0.999560,0.000000,0.000000,0.000000,0.000000,0,-0.9995668513688938
2004-03-30,sh.000016,1100.7990,1106.0100,1093.1190,1101.2710,1101.6590,415867700,3465947282.0000,3,0.013136,1,-0.035225,0.000000,0.000000,0.000000,0.000000,0,-0.03521960969775639
2004-03-31,sh.000016,1102.2860,1113.7370,1097.8680,1108.5400,1101.2710,424786000,3468943518.0000,3,0.013348,1,0.660059,0.000000,0.000000,0.000000,0.000000,0,0.6600555176700329
2004-04-01,sh.000016,1109.7200,1124.2540,1108.9140,1123.4350,1108.5400,468270700,3975839852.0000,3,0.014715,1,1.343661,0.000000,0.000000,0.000000,0.000000,0,1.3436592274523207
2004-04-02,sh.000016,1125.3610,1133.4370,1122.6420,1127.8050,1123.4350,578895400,4954578188.0000,3,0.018191,1,0.388985,0.000000,0.000000,0.000000,0.000000,0,0.38898556658819583
2004-04-05,sh.000016,1128.5060,1129.8150,1112.2910,1118.2730,1127.8050,625974900,5142214408.0000,3,0.019670,1,-0.845191,0.000000,0.000000,0.000000,0.000000,0,-0.8451815695089238
2004-04-06,sh.000016,1117.8860,1124.0170,1106.6000,1123.8560,1118.2730,554598000,4525595373.0000,3,0.017427,1,0.499253,0.000000,0.000000,0.000000,0.000000,0,0.49925197156688306
2004-04-07,sh.000016,1124.2510,1125.6300,1116.1280,1117.4400,1123.8560,467449900,4104683825.0000,3,0.014681,1,-0.570893,0.000000,0.000000,0.000000,0.000000,0,-0.5708916444811418
2004-04-08,sh.000016,1117.1170,1118.4750,1109.7790,1112.8390,1117.4400,575873600,4997167504.0000,3,0.017965,1,-0.411741,0.000000,0.000000,0.000000,0.000000,0,-0.4117447021764087
2004-04-09,sh.000016,1113.7200,1119.1480,1083.3320,1088.1570,1112.8390,692196600,5577014949.0000,3,0.021415,1,-2.217932,0.000000,0.000000,0.000000,0.000000,0,-2.2179308956641552
2004-04-12,sh.000016,1082.4490,1087.4790,1071.1160,1080.0800,1088.1570,502117400,3920294084.0000,3,0.015534,1,-0.742267,0.000000,0.000000,0.000000,0.000000,0,-0.7422642137118074
2004-04-13,sh.000016,1081.0530,1087.3220,1070.8430,1072.7260,1080.0800,495885300,3738541002.0000,3,0.015342,1,-0.680876,0.000000,0.000000,0.000000,0.000000,0,-0.6808754907043801
2004-04-14,sh.000016,1072.1990,1074.6270,1052.9170,1065.6820,1072.7260,483803700,3806044083.0000,3,0.014968,1,-0.656640,0.000000,0.000000,0.000000,0.000000,0,-0.6566448468667718
2004-04-15,sh.000016,1066.1800,1072.2380,1053.0780,1055.8890,1065.6820,360120300,2762241150.0000,3,0.011141,1,-0.918939,0.000000,0.000000,0.000000,0.000000,0,-0.9189420483784239
2004-04-16,sh.000016,1056.7950,1071.5510,1049.0250,1071.2280,1055.8890,443763700,3409113103.0000,3,0.013729,1,1.452708,0.000000,0.000000,0.000000,0.000000,0,1.4527095177618188
2004-04-19,sh.000016,1072.4990,1073.3980,1052.5020,1054.7380,1071.2280,407868300,2964938216.0000,3,0.012463,1,-1.539354,0.000000,0.000000,0.000000,0.000000,0,-1.5393548338915708
2004-04-20,sh.000016,1053.4370,1059.4170,1045.2050,1052.2440,1054.7380,339388700,2559575773.0000,3,0.010371,1,-0.236459,0.000000,0.000000,0.000000,0.000000,0,-0.23645682624501285
2004-04-21,sh.000016,1053.3770,1061.6530,1040.3730,1043.5330,1052.2440,449280400,3406300979.0000,3,0.013728,1,-0.827855,0.000000,0.000000,0.000000,0.000000,0,-0.8278498143016289
2004-04-22,sh.000016,1042.4700,1055.2100,1039.3510,1050.7570,1043.5330,413564600,3094117948.0000,3,0.012637,1,0.692264,0.000000,0.000000,0.000000,0.000000,0,0.6922636850008823
2004-04-23,sh.000016,1048.2330,1048.2680,1032.8680,1034.4090,1050.7570,323634900,2428809078.0000,3,0.009885,1,-1.555821,0.000000,0.000000,0.000000,0.000000,0,-1.555830701104055
2004-04-26,sh.000016,1034.0440,1041.5910,1030.0580,1038.9990,1034.4090,250798500,1895935759.0000,3,0.007661,1,0.443728,0.000000,0.000000,0.000000,0.000000,0,0.44373163806579186
2004-04-27,sh.000016,1040.9150,1045.2450,1027.6130,1031.2170,1038.9990,359931600,2718657863.0000,3,0.010994,1,-0.748988,0.000000,0.000000,0.000000,0.000000,0,-0.7489901337729754
2004-04-28,sh.000016,1028.4580,1034.9120,1015.8670,1029.8060,1031.2170,373342800,2926455856.0000,3,0.011404,1,-0.136830,0.000000,0.000000,0.000000,0.000000,0,-0.1368286209401215
2004-04-29,sh.000016,1028.5850,1037.7510,1015.4970,1016.5130,1029.8060,481146900,3833891295.0000,3,0.014697,1,-1.290829,0.000000,0.000000,0.000000,0.000000,0,-1.2908256506565352
2004-04-30,sh.000016,1017.6410,1029.6200,1011.2090,1025.9540,1016.5130,478189600,3631128478.0000,3,0.014606,1,0.928761,0.000000,0.000000,0.000000,0.000000,0,0.9287633311133137
2004-05-10,sh.000016,1028.4570,1031.0170,993.6430,996.1640,1025.9540,279728500,2017385657.0000,3,0.008544,1,-2.903637,0.000000,0.000000,0.000000,0.000000,0,-2.903638954573007
2004-05-11,sh.000016,994.0550,1006.1660,989.3140,1003.8980,996.1640,213318500,1583534920.0000,3,0.006457,1,0.776379,0.000000,0.000000,0.000000,0.000000,0,0.7763781867242692
2004-05-12,sh.000016,1004.7960,1025.4130,1001.9670,1025.0200,1003.8980,320194100,2256198839.0000,3,0.009691,1,2.103999,0.000000,0.000000,0.000000,0.000000,0,2.1039986134049338
2004-05-13,sh.000016,1026.6690,1026.8170,1016.2490,1020.9980,1025.0200,210518100,1611706388.0000,3,0.006372,1,-0.392386,0.000000,0.000000,0.000000,0.000000,0,-0.39238258765681433
2004-05-14,sh.000016,1020.9020,1021.3080,994.9520,997.9470,1020.9980,267589800,1859103878.0000,3,0.008099,1,-2.257689,0.000000,0.000000,0.000000,0.000000,0,-2.2576929631595744
2004-05-17,sh.000016,993.1400,999.4520,980.6720,981.7370,997.9470,297570400,2112824131.0000,3,0.008958,1,-1.624337,0.000000,0.000000,0.000000,0.000000,0,-1.6243347592607704
2004-05-18,sh.000016,978.2990,989.4970,966.0610,989.2070,981.7370,522288100,3990088878.0000,3,0.015423,1,0.760893,0.000000,0.000000,0.000000,0.000000,0,0.7608962481805204
2004-05-19,sh.000016,989.8660,1001.8960,981.1210,988.9220,989.2070,385234400,2707214720.0000,3,0.011376,1,-0.028808,0.000000,0.000000,0.000000,0.000000,0,-0.028810956655178632
2004-05-20,sh.000016,988.9890,1000.2740,981.2790,985.9310,988.9220,261329500,1916713817.0000,3,0.007717,1,-0.302447,0.000000,0.000000,0.000000,0.000000,0,-0.30245054716144804
2004-05-21,sh.000016,985.9280,995.1790,985.1360,994.4500,985.9310,258370200,1798512030.0000,3,0.007585,1,0.864055,0.000000,0.000000,0.000000,0.000000,0,0.8640564096270342
2004-05-24,sh.000016,995.0750,997.7220,989.2070,991.8470,994.4500,205245700,1540019063.0000,3,0.005981,1,-0.261755,0.000000,0.000000,0.000000,0.000000,0,-0.26175272763839796
2004-05-25,sh.000016,991.7740,991.9980,977.2220,978.5950,991.8470,231180000,1642335890.0000,3,0.006737,1,-1.336095,0.000000,0.000000,0.000000,0.000000,0,-1.336093167595398
2004-05-26,sh.000016,976.5230,986.9400,972.4080,984.9980,978.5950,177462400,1280284170.0000,3,0.005172,1,0.654307,0.000000,0.000000,0.000000,0.000000,0,0.6543054072420285
2004-05-27,sh.000016,984.5810,1006.6860,977.7280,1003.2860,984.9980,401493200,2728369357.0000,3,0.011700,1,1.856656,0.000000,0.000000,0.000000,0.000000,0,1.8566535160477349
2004-05-28,sh.000016,1003.9310,1005.8800,994.4120,995.6370,1003.2860,210253300,1485279799.0000,3,0.006127,1,-0.762393,0.000000,0.000000,0.000000,0.000000,0,-0.7623947707832035
2004-05-31,sh.000016,995.8340,1003.7600,994.6830,1001.1940,995.6370,178767300,1243435743.0000,3,0.005210,1,0.558130,0.000000,0.000000,0.000000,0.000000,0,0.5581351436316773
2004-06-01,sh.000016,1000.2770,1014.2120,999.3320,1014.1740,1001.1940,290410200,2269399926.0000,3,0.008463,1,1.296456,0.000000,0.000000,0.000000,0.000000,0,1.2964520362686915
2004-06-02,sh.000016,1014.3090,1014.7130,999.2210,1001.6870,1014.1740,265661800,1929636378.0000,3,0.007742,1,-1.231248,0.000000,0.000000,0.000000,0.000000,0,-1.2312482867831376
2004-06-03,sh.000016,1000.9980,1001.1360,985.1040,986.4460,1001.6870,208833400,1542200333.0000,3,0.006077,1,-1.521536,0.000000,0.000000,0.000000,0.000000,0,-1.521533173536238
2004-06-04,sh.000016,985.5480,992.0330,981.6150,986.2250,986.4460,209080200,1490411261.0000,3,0.006084,1,-0.022405,0.000000,0.000000,0.000000,0.000000,0,-0.02240365919675691
2004-06-07,sh.000016,984.0360,984.0840,967.6390,973.2200,986.2250,216327100,1456315548.0000,3,0.006295,1,-1.318665,0.000000,0.000000,0.000000,0.000000,0,-1.318664604932951
2004-06-08,sh.000016,971.0270,974.6480,952.8420,954.7700,973.2200,329036000,2191539097.0000,3,0.009575,1,-1.895764,0.000000,0.000000,0.000000,0.000000,0,-1.895768685394883
2004-06-09,sh.000016,952.1890,956.6810,938.9610,941.3040,954.7700,309236100,2182544126.0000,3,0.008940,1,-1.410392,0.000000,0.000000,0.000000,0.000000,0,-1.4103920315887586
2004-06-10,sh.000016,939.4970,951.3480,936.6410,944.2540,941.3040,285158500,1976829929.0000,3,0.008244,1,0.313396,0.000000,0.000000,0.000000,0.000000,0,0.3133950349727632
2004-06-11,sh.000016,947.5000,961.5700,941.5450,942.8620,944.2540,294890700,1948677757.0000,3,0.008430,1,-0.147421,0.000000,0.000000,0.000000,0.000000,0,-0.14741796169251975
2004-06-14,sh.000016,941.0390,941.0390,919.5290,924.5940,942.8620,289100000,1871260637.0000,3,0.008217,1,-1.937506,0.000000,0.000000,0.000000,0.000000,0,-1.9375051704279
2004-06-15,sh.000016,922.9310,948.2800,919.9590,942.6790,924.5940,305725500,2012642986.0000,3,0.008655,1,1.955996,0.000000,0.000000,0.000000,0.000000,0,1.955993657756805
2004-06-16,sh.000016,943.3620,958.9970,933.4800,947.1630,942.6790,336261100,2174803698.0000,3,0.009520,1,0.475666,0.000000,0.000000,0.000000,0.000000,0,0.4756656295515249
2004-06-17,sh.000016,946.5590,948.3650,924.7910,926.0360,947.1630,259071100,1730966541.0000,3,0.007334,1,-2.230557,0.000000,0.000000,0.000000,0.000000,0,-2.2305558810891135
2004-06-18,sh.000016,922.3420,922.3420,899.2680,910.1870,926.0360,357202700,2423699639.0000,3,0.010113,1,-1.711488,0.000000,0.000000,0.000000,0.000000,0,-1.711488538242567
2004-06-21,sh.000016,904.9530,913.9120,899.2150,909.0460,910.1870,212560000,1377606469.0000,3,0.006018,1,-0.125358,0.000000,0.000000,0.000000,0.000000,0,-0.12535885482872766
2004-06-22,sh.000016,908.8560,924.6170,905.9410,918.7980,909.0460,250321300,1619832423.0000,3,0.007087,1,1.072768,0.000000,0.000000,0.000000,0.000000,0,1.0727729949859377
2004-06-23,sh.000016,918.4330,918.4330,905.4140,912.8530,918.7980,222728300,1390556925.0000,3,0.006306,1,-0.647035,0.000000,0.000000,0.000000,0.000000,0,-0.6470410253396341
2004-06-24,sh.000016,911.3640,918.3220,905.0020,906.4170,912.8530,231160600,1452108249.0000,3,0.006526,1,-0.705046,0.000000,0.000000,0.000000,0.000000,0,-0.7050423233532555
2004-06-25,sh.000016,904.4750,912.8830,890.2220,891.7900,906.4170,244864800,1529802288.0000,3,0.006913,1,-1.613718,0.000000,0.000000,0.000000,0.000000,0,-1.613716424118261
2004-06-28,sh.000016,887.1600,892.5810,880.5300,883.7550,891.7900,224605300,1344801499.0000,3,0.006341,1,-0.900994,0.000000,0.000000,0.000000,0.000000,0,-0.9009968714607686
2004-06-29,sh.000016,885.0620,901.3890,877.3240,901.0480,883.7550,313965900,1837818791.0000,3,0.008863,1,1.956761,0.000000,0.000000,0.000000,0.000000,0,1.9567640352812665
2004-06-30,sh.000016,900.3420,907.3730,894.1900,897.7070,901.0480,270063800,1597220086.0000,3,0.007922,1,-0.370791,0.000000,0.000000,0.000000,0.000000,0,-0.37079045733412475
2004-07-01,sh.000016,896.3780,927.6230,896.0120,925.0010,897.7070,446007100,2891951000.0000,3,0.012355,1,3.040414,0.000000,0.000000,0.000000,0.000000,0,3.0404129632497057
2004-07-02,sh.000016,924.0810,931.4160,917.0390,926.6170,925.0010,316089200,2032093065.0000,3,0.008756,1,0.174706,0.000000,0.000000,0.000000,0.000000,0,0.17470251383511215
2004-07-05,sh.000016,925.3690,928.7470,919.0020,928.6660,926.6170,330734900,2111429211.0000,3,0.009162,1,0.221128,0.000000,0.000000,0.000000,0.000000,0,0.22112695968237173
2004-07-06,sh.000016,928.7630,944.2870,928.3860,931.8830,928.6660,422602500,2620930339.0000,3,0.011707,1,0.346409,0.000000,0.000000,0.000000,0.000000,0,0.34641087323106223
2004-07-07,sh.000016,930.6840,930.7390,921.2370,923.8640,931.8830,211908500,1355974934.0000,3,0.005636,1,-0.860514,0.000000,0.000000,0.000000,0.000000,0,-0.8605157514409045
2004-07-08,sh.000016,922.6330,927.3720,917.4700,927.0350,923.8640,207932700,1223529965.0000,3,0.005530,1,0.343228,0.000000,0.000000,0.000000,0.000000,0,0.3432323372271284
2004-07-09,sh.000016,927.2200,936.9210,922.2760,923.2020,927.0350,225625300,1465359315.0000,3,0.006001,1,-0.413463,0.000000,0.000000,0.000000,0.000000,0,-0.41346874713468207
2004-07-12,sh.000016,919.7860,919.7860,901.5180,904.5530,923.2020,252834300,1611869365.0000,3,0.006724,1,-2.020040,0.000000,0.000000,0.000000,0.000000,0,-2.0200346186425078
2004-07-13,sh.000016,902.2700,909.9300,898.0760,906.9660,904.5530,211886700,1347094435.0000,3,0.005635,1,0.266764,0.000000,0.000000,0.000000,0.000000,0,0.26676159384801945
2004-07-14,sh.000016,907.5170,914.7080,897.2320,912.1910,906.9660,305008000,1875739815.0000,3,0.008093,1,0.576094,0.000000,0.000000,0.000000,0.000000,0,0.5760965681183228
2004-07-15,sh.000016,912.9240,926.2500,909.6540,925.6780,912.1910,455494300,3066440290.0000,3,0.011932,1,1.478528,0.000000,0.000000,0.000000,0.000000,0,1.4785280714236348
2004-07-16,sh.000016,927.4020,948.8480,926.4340,946.1780,925.6780,837148900,5033078400.0000,3,0.021930,1,2.214593,0.000000,0.000000,0.000000,0.000000,0,2.2145929794161745
2004-07-19,sh.000016,946.3390,954.1620,938.6880,947.4240,946.1780,425124800,2691093108.0000,3,0.011137,1,0.131691,0.000000,0.000000,0.000000,0.000000,0,0.13168769512712508
2004-07-20,sh.000016,945.7300,946.0130,934.7250,939.2250,947.4240,371586900,2443010167.0000,3,0.009734,1,-0.865403,0.000000,0.000000,0.000000,0.000000,0,-0.8653992299118451
2004-07-21,sh.000016,937.4520,943.1100,932.2830,940.5080,939.2250,232650800,1564224863.0000,3,0.006095,1,0.136604,0.000000,0.000000,0.000000,0.000000,0,0.13660198567968518
2004-07-22,sh.000016,940.3770,941.7560,910.2110,913.1380,940.5080,483267500,3174565344.0000,3,0.012660,1,-2.910129,0.000000,0.000000,0.000000,0.000000,0,-2.910129419420149
2004-07-23,sh.000016,910.2080,915.9450,901.7570,915.0430,913.1380,439159100,2693614747.0000,3,0.011504,1,0.208624,0.000000,0.000000,0.000000,0.000000,0,0.20862125987528568
2004-07-26,sh.000016,910.3060,914.2440,899.6370,903.7510,915.0430,262617500,1605693313.0000,3,0.006880,1,-1.234046,0.000000,0.000000,0.000000,0.000000,0,-1.234040367501854
2004-07-27,sh.000016,902.9020,909.4360,896.2370,903.3210,903.7510,295693800,1838285179.0000,3,0.007746,1,-0.047579,0.000000,0.000000,0.000000,0.000000,0,-0.04757947709047583
2004-07-28,sh.000016,904.2900,914.0420,891.7230,906.0540,903.3210,352455100,2092747447.0000,3,0.009233,1,0.302554,0.000000,0.000000,0.000000,0.000000,0,0.30255025622121234
2004-07-29,sh.000016,905.6720,918.8580,905.5380,918.7920,906.0540,406601200,2257106083.0000,3,0.010652,1,1.405874,0.000000,0.000000,0.000000,0.000000,0,1.405876470938816
2004-07-30,sh.000016,919.9420,920.5230,905.6290,906.2650,918.7920,320130000,1906124568.0000,3,0.008386,1,-1.363418,0.000000,0.000000,0.000000,0.000000,0,-1.3634206653954317
2004-08-02,sh.000016,901.8120,905.9020,897.6130,900.0180,906.2650,199649300,1368181415.0000,3,0.005189,1,-0.689314,0.000000,0.000000,0.000000,0.000000,0,-0.6893127286168976
2004-08-03,sh.000016,898.4890,905.3000,891.7570,893.3010,900.0180,233314600,1636258738.0000,3,0.006064,1,-0.746316,0.000000,0.000000,0.000000,0.000000,0,-0.7463184069651962
2004-08-04,sh.000016,893.0600,938.2350,888.7930,923.0190,893.3010,767183500,4394513358.0000,3,0.019941,1,3.326757,0.000000,0.000000,0.000000,0.000000,0,3.3267621999751418
2004-08-05,sh.000016,919.8390,929.2580,907.6950,909.0770,923.0190,440387400,2575705867.0000,3,0.011447,1,-1.510473,0.000000,0.000000,0.000000,0.000000,0,-1.510478115835101
2004-08-06,sh.000016,908.3300,920.0240,904.5550,911.5550,909.0770,338974100,2125442885.0000,3,0.008811,1,0.272580,0.000000,0.000000,0.000000,0.000000,0,0.27258417053779294
2004-08-09,sh.000016,909.4240,922.9380,906.6570,920.7550,911.5550,293667000,1762248719.0000,3,0.007633,1,1.009266,0.000000,0.000000,0.000000,0.000000,0,1.009264388873965
2004-08-10,sh.000016,921.7000,927.9320,918.0770,926.5370,920.7550,253730200,1594622269.0000,3,0.006595,1,0.627961,0.000000,0.000000,0.000000,0.000000,0,0.6279629217327054
2004-08-11,sh.000016,926.4810,926.9440,911.8610,914.6060,926.5370,250601600,1450838920.0000,3,0.006514,1,-1.287695,0.000000,0.000000,0.000000,0.000000,0,-1.2876981707152568
2004-08-12,sh.000016,909.6840,909.6840,899.6590,907.8270,914.6060,266177400,1539754250.0000,3,0.006919,1,-0.741193,0.000000,0.000000,0.000000,0.000000,0,-0.741193475660562
2004-08-13,sh.000016,901.2600,914.5400,898.7330,907.0010,907.8270,375542200,2447547129.0000,3,0.009714,1,-0.090992,0.000000,0.000000,0.000000,0.000000,0,-0.09098649852891105
2004-08-16,sh.000016,905.5180,912.1200,901.4480,904.0080,907.0010,257884400,1591172636.0000,3,0.006671,1,-0.329987,0.000000,0.000000,0.000000,0.000000,0,-0.32998861081739994
2004-08-17,sh.000016,903.7810,912.6970,898.8700,910.8600,904.0080,207908200,1355623357.0000,3,0.005378,1,0.757957,0.000000,0.000000,0.000000,0.000000,0,0.7579578941779186
2004-08-18,sh.000016,910.9320,922.1690,910.4080,911.8460,910.8600,259399700,1827817754.0000,3,0.006710,1,0.108252,0.000000,0.000000,0.000000,0.000000,0,0.10824934677118314
2004-08-19,sh.000016,911.4850,911.4850,898.9860,903.3160,911.8460,247848900,1588466127.0000,3,0.006411,1,-0.935468,0.000000,0.000000,0.000000,0.000000,0,-0.9354649798321124
2004-08-20,sh.000016,900.8460,909.5200,896.7040,904.8270,903.3160,252475300,1585797144.0000,3,0.006531,1,0.167278,0.000000,0.000000,0.000000,0.000000,0,0.16727258235214038
2004-08-23,sh.000016,903.1860,903.2060,889.0320,889.6580,904.8270,207358400,1388248799.0000,3,0.005364,1,-1.676454,0.000000,0.000000,0.000000,0.000000,0,-1.676453067824013
2004-08-24,sh.000016,887.9060,900.3060,883.2570,897.7670,889.6580,242367900,1407404484.0000,3,0.006269,1,0.911475,0.000000,0.000000,0.000000,0.000000,0,0.9114738472536743
2004-08-25,sh.000016,897.6460,899.2570,892.1440,894.3680,897.7670,154501600,910583445.0000,3,0.003996,1,-0.378611,0.000000,0.000000,0.000000,0.000000,0,-0.3786060302951699
2004-08-26,sh.000016,893.4540,895.6530,886.4270,892.0980,894.3680,153023000,971337060.0000,3,0.003958,1,-0.253806,0.000000,0.000000,0.000000,0.000000,0,-0.2538105120040157
2004-08-27,sh.000016,891.9860,894.8920,879.6650,883.7040,892.0980,207971200,1246730322.0000,3,0.005380,1,-0.940933,0.000000,0.000000,0.000000,0.000000,0,-0.9409280146351673
2004-08-30,sh.000016,880.6450,884.7060,876.5520,882.0460,883.7040,163911300,875080163.0000,3,0.004240,1,-0.187615,0.000000,0.000000,0.000000,0.000000,0,-0.1876193838660778
2004-08-31,sh.000016,896.8600,908.2050,888.3660,895.7830,882.0460,291015200,1758483486.0000,3,0.007528,1,1.557402,0.000000,0.000000,0.000000,0.000000,0,1.557401768161748
2004-09-01,sh.000016,894.6230,894.6230,879.3950,880.5420,895.7830,202012400,1210200557.0000,3,0.005225,1,-1.701420,0.000000,0.000000,0.000000,0.000000,0,-1.7014165261006298
2004-09-02,sh.000016,878.6300,882.6300,867.0190,881.5670,880.5420,315928800,1755491139.0000,3,0.008172,1,0.116408,0.000000,0.000000,0.000000,0.000000,0,0.11640557747387703
2004-09-03,sh.000016,882.0810,884.1550,875.3750,879.4170,881.5670,159727100,888022574.0000,3,0.004132,1,-0.243887,0.000000,0.000000,0.000000,0.000000,0,-0.24388390218780254
2004-09-06,sh.000016,878.4010,879.2690,871.1480,874.6910,879.4170,170044700,890875356.0000,3,0.004398,1,-0.537403,0.000000,0.000000,0.000000,0.000000,0,-0.537401483027955
2004-09-07,sh.000016,874.1000,878.8610,869.8720,877.7730,874.6910,159737900,873013689.0000,3,0.004132,1,0.352357,0.000000,0.000000,0.000000,0.000000,0,0.35235300237455025
2004-09-08,sh.000016,877.1430,877.7500,858.8590,864.5900,877.7730,383409700,1650678497.0000,3,0.009918,1,-1.501867,0.000000,0.000000,0.000000,0.000000,0,-1.501868934223316
2004-09-09,sh.000016,862.3630,862.5370,847.0730,848.4550,864.5900,296052000,1563017827.0000,3,0.007658,1,-1.866204,0.000000,0.000000,0.000000,0.000000,0,-1.8662024774748764
2004-09-10,sh.000016,846.3790,852.6530,839.9270,851.9690,848.4550,180097600,993716674.0000,3,0.004659,1,0.414162,0.000000,0.000000,0.000000,0.000000,0,0.41416456971790083
2004-09-13,sh.000016,850.2250,850.2250,833.0930,834.1040,851.9690,186347600,1039460266.0000,3,0.004820,1,-2.096906,0.000000,0.000000,0.000000,0.000000,0,-2.0969072818377232
2004-09-14,sh.000016,838.5480,864.6560,838.5480,860.0970,834.1040,396294700,2148503645.0000,3,0.010251,1,3.116276,0.000000,0.000000,0.000000,0.000000,0,3.116278066044509
2004-09-15,sh.000016,862.5720,905.6250,859.8930,892.7690,860.0970,852069200,4849469438.0000,3,0.022040,1,3.798641,0.000000,0.000000,0.000000,0.000000,0,3.798641316037621
2004-09-16,sh.000016,899.8980,909.9070,893.3760,903.4030,892.7690,651172300,3628404854.0000,3,0.016844,1,1.191129,0.000000,0.000000,0.000000,0.000000,0,1.1911255879180516
2004-09-17,sh.000016,905.5690,932.8170,901.6540,932.3150,903.4030,987580600,5755648231.0000,3,0.025545,1,3.200342,0.000000,0.000000,0.000000,0.000000,0,3.2003435897379084
2004-09-20,sh.000016,939.4220,965.2870,938.4550,965.1090,932.3150,1313429000,7945315642.0000,3,0.033974,1,3.517481,0.000000,0.000000,0.000000,0.000000,0,3.5174806798131453
2004-09-21,sh.000016,967.5560,967.7820,947.7830,955.0010,965.1090,906859200,5622232888.0000,3,0.023457,1,-1.047346,0.000000,0.000000,0.000000,0.000000,0,-1.047342838995391
2004-09-22,sh.000016,951.8430,957.4720,929.8490,933.1010,955.0010,902149900,5655622840.0000,3,0.023336,1,-2.293188,0.000000,0.000000,0.000000,0.000000,0,-2.29319131603003
2004-09-23,sh.000016,931.6680,967.7580,926.3680,967.3230,933.1010,619782000,4001841745.0000,3,0.016032,1,3.667554,0.000000,0.000000,0.000000,0.000000,0,3.6675558165728983
2004-09-24,sh.000016,975.1200,991.7350,950.3370,951.0910,967.3230,1363541200,9451564848.0000,3,0.035270,1,-1.678033,0.000000,0.000000,0.000000,0.000000,0,-1.6780330871901117
2004-09-27,sh.000016,964.0180,971.3540,940.3720,946.1370,951.0910,638010400,3967508423.0000,3,0.016503,1,-0.520873,0.000000,0.000000,0.000000,0.000000,0,-0.5208754998207388
2004-09-28,sh.000016,948.1840,954.0990,937.3040,947.7730,946.1370,433617200,2713172890.0000,3,0.011216,1,0.172912,0.000000,0.000000,0.000000,0.000000,0,0.17291364781211183
2004-09-29,sh.000016,948.5100,950.9930,934.9510,936.4620,947.7730,388771700,2445125211.0000,3,0.010056,1,-1.193433,0.000000,0.000000,0.000000,0.000000,0,-1.193429228306786
2004-09-30,sh.000016,936.3800,938.6910,920.5390,924.3550,936.4620,431736800,2600394979.0000,3,0.011167,1,-1.292844,0.000000,0.000000,0.000000,0.000000,0,-1.2928447710638502
2004-10-08,sh.000016,922.7990,936.2390,904.9810,936.0080,924.3550,473158300,3030504542.0000,3,0.012238,1,1.260664,0.000000,0.000000,0.000000,0.000000,0,1.2606628405753328
2004-10-11,sh.000016,936.4760,938.6440,920.6040,923.2170,936.0080,630268100,4238534467.0000,3,0.016302,1,-1.366550,0.000000,0.000000,0.000000,0.000000,0,-1.3665481491611287
2004-10-12,sh.000016,920.7790,921.4220,900.1910,902.7180,923.2170,510873200,3339712218.0000,3,0.013119,1,-2.220384,0.000000,0.000000,0.000000,0.000000,0,-2.220388056112488
2004-10-13,sh.000016,901.2720,909.1320,894.6730,901.9700,902.7180,425109300,3012747016.0000,3,0.010916,1,-0.082866,0.000000,0.000000,0.000000,0.000000,0,-0.08286087127984398
2004-10-14,sh.000016,902.4700,903.4780,874.7010,876.8180,901.9700,497222700,3487964612.0000,3,0.012768,1,-2.788560,0.000000,0.000000,0.000000,0.000000,0,-2.788562812510398
2004-10-15,sh.000016,873.7610,884.7780,867.2990,879.7180,876.8180,400242300,2882171232.0000,3,0.010278,1,0.330744,0.000000,0.000000,0.000000,0.000000,0,0.3307413853274044
2004-10-18,sh.000016,880.2670,887.6430,869.0360,882.6630,879.7180,255855200,1805715808.0000,3,0.006414,1,0.334767,0.000000,0.000000,0.000000,0.000000,0,0.33476636831348827
2004-10-19,sh.000016,885.3750,901.2940,882.8510,884.9290,882.6630,345612200,2289001724.0000,3,0.008664,1,0.256722,0.000000,0.000000,0.000000,0.000000,0,0.25672312082867244
2004-10-20,sh.000016,884.5420,884.5420,867.5980,879.3850,884.9290,334770700,2238481067.0000,3,0.008392,1,-0.626492,0.000000,0.000000,0.000000,0.000000,0,-0.6264909388210782
2004-10-21,sh.000016,879.6640,885.5610,861.6120,864.3070,879.3850,605573100,4023164944.0000,3,0.015181,1,-1.714608,0.000000,0.000000,0.000000,0.000000,0,-1.7146073676489793
2004-10-22,sh.000016,864.3810,881.1870,858.6040,878.7400,864.3070,522396300,3418105697.0000,3,0.013096,1,1.669891,0.000000,0.000000,0.000000,0.000000,0,1.6698927580130585
2004-10-25,sh.000016,886.0530,893.1070,864.4210,865.6530,878.7400,593140200,3696518562.0000,3,0.014869,1,-1.489289,0.000000,0.000000,0.000000,0.000000,0,-1.489291485536104
2004-10-26,sh.000016,864.4280,875.9560,851.4520,875.8550,865.6530,581564900,3687137679.0000,3,0.014579,1,1.178528,0.000000,0.000000,0.000000,0.000000,0,1.1785322756346917
2004-10-27,sh.000016,876.9780,885.1050,866.5560,884.8500,875.8550,745079300,4359400740.0000,3,0.018678,1,1.026996,0.000000,0.000000,0.000000,0.000000,0,1.026996477727482
2004-10-28,sh.000016,885.4120,892.7770,879.4720,882.9120,884.8500,592345300,3650357116.0000,3,0.014849,1,-0.219019,0.000000,0.000000,0.000000,0.000000,0,-0.21902017291066667
2004-10-29,sh.000016,867.5740,881.2430,860.6830,870.7900,882.9120,615677100,3746724231.0000,3,0.015434,1,-1.372958,0.000000,0.000000,0.000000,0.000000,0,-1.3729567612627336
2004-11-01,sh.000016,869.1710,875.4320,862.4200,862.8270,870.7900,389620900,2212848230.0000,3,0.009767,1,-0.914451,0.000000,0.000000,0.000000,0.000000,0,-0.9144569873333341
2004-11-02,sh.000016,861.9600,865.1880,853.3890,862.2460,862.8270,350545400,2123590518.0000,3,0.008788,1,-0.067343,0.000000,0.000000,0.000000,0.000000,0,-0.06733678941432952
2004-11-03,sh.000016,864.3580,879.0560,862.0500,877.5300,862.2460,421823600,2859490054.0000,3,0.010575,1,1.772587,0.000000,0.000000,0.000000,0.000000,0,1.7725799829746869
2004-11-04,sh.000016,877.7640,885.6080,858.1410,860.8140,877.5300,464180800,2880399970.0000,3,0.011636,1,-1.904893,0.000000,0.000000,0.000000,0.000000,0,-1.9048921404396402
2004-11-05,sh.000016,864.7110,870.0640,857.4560,862.2610,860.8140,302920400,1841079391.0000,3,0.007594,1,0.168092,0.000000,0.000000,0.000000,0.000000,0,0.1680967084643159
2004-11-08,sh.000016,860.6300,866.1450,853.3090,864.3400,862.2610,199828900,1230129021.0000,3,0.005009,1,0.241115,0.000000,0.000000,0.000000,0.000000,0,0.2411102902717399
2004-11-09,sh.000016,864.8870,871.2180,860.2750,864.5650,864.3400,178827500,1072761557.0000,3,0.004483,1,0.026029,0.000000,0.000000,0.000000,0.000000,0,0.02603142281971671
2004-11-10,sh.000016,867.1000,904.2720,860.9570,897.7650,864.5650,858803600,4734148363.0000,3,0.021529,1,3.840083,0.000000,0.000000,0.000000,0.000000,0,3.840081428232689
2004-11-11,sh.000016,900.3450,914.3600,893.2990,894.1120,897.7650,850618300,5031483266.0000,3,0.021324,1,-0.406901,0.000000,0.000000,0.000000,0.000000,0,-0.4068993556220146
2004-11-12,sh.000016,893.1720,902.9790,890.3500,898.1660,894.1120,445751500,2542837237.0000,3,0.011174,1,0.453413,0.000000,0.000000,0.000000,0.000000,0,0.45341075838374323
2004-11-15,sh.000016,900.6630,909.5480,899.6250,906.9850,898.1660,397722800,2440231608.0000,3,0.009970,1,0.981886,0.000000,0.000000,0.000000,0.000000,0,0.981889762026178
2004-11-16,sh.000016,908.4890,911.0990,901.1100,906.7340,906.9850,361766800,2108219045.0000,3,0.009069,1,-0.027672,0.000000,0.000000,0.000000,0.000000,0,-0.02767410706902007
2004-11-17,sh.000016,906.3030,906.8800,892.9260,896.1050,906.7340,281459600,1658436647.0000,3,0.007056,1,-1.172232,0.000000,0.000000,0.000000,0.000000,0,-1.1722291212196811
2004-11-18,sh.000016,894.3170,901.2220,893.4810,900.8160,896.1050,256991700,1569540104.0000,3,0.006442,1,0.525720,0.000000,0.000000,0.000000,0.000000,0,0.5257196422294275
2004-11-19,sh.000016,902.4760,907.5730,898.2420,906.9910,900.8160,337041600,2014624536.0000,3,0.008449,1,0.685495,0.000000,0.000000,0.000000,0.000000,0,0.6854896005399569
2004-11-22,sh.000016,907.0510,910.0530,901.6740,905.8410,906.9910,346837500,2114586263.0000,3,0.008695,1,-0.126796,0.000000,0.000000,0.000000,0.000000,0,-0.12679287887089608
2004-11-23,sh.000016,905.7900,905.7900,892.6490,893.2850,905.8410,324243500,2042679819.0000,3,0.008128,1,-1.386119,0.000000,0.000000,0.000000,0.000000,0,-1.3861152233118235
2004-11-24,sh.000016,893.3910,902.6880,888.2140,889.1180,893.2850,368819100,2140211194.0000,3,0.009246,1,-0.466480,0.000000,0.000000,0.000000,0.000000,0,-0.46648046256233533
2004-11-25,sh.000016,889.4290,893.8910,883.6860,890.7770,889.1180,349911100,1840650054.0000,3,0.008772,1,0.186589,0.000000,0.000000,0.000000,0.000000,0,0.18658940658045076
2004-11-26,sh.000016,890.3780,893.4640,888.2060,889.0830,890.7770,213038200,1182153764.0000,3,0.005341,1,-0.190168,0.000000,0.000000,0.000000,0.000000,0,-0.1901710529122358
2004-11-29,sh.000016,887.7620,889.2860,877.9810,879.2580,889.0830,231584900,1295307350.0000,3,0.005806,1,-1.105072,0.000000,0.000000,0.000000,0.000000,0,-1.1050711800810409
2004-11-30,sh.000016,878.3530,882.5010,875.8890,879.3080,879.2580,209415500,1175614865.0000,3,0.005250,1,0.005685,0.000000,0.000000,0.000000,0.000000,0,0.005686613030531085
2004-12-01,sh.000016,880.0720,881.7730,874.6550,875.3970,879.3080,190995700,1159091302.0000,3,0.004788,1,-0.444783,0.000000,0.000000,0.000000,0.000000,0,-0.44478157824106024
2004-12-02,sh.000016,874.8790,875.0470,865.1260,871.1250,875.3970,301087100,1932301131.0000,3,0.007548,1,-0.488004,0.000000,0.000000,0.000000,0.000000,0,-0.4880071556105481
2004-12-03,sh.000016,870.5700,878.2700,869.5710,871.5580,871.1250,233573600,1427372675.0000,3,0.005855,1,0.049704,0.000000,0.000000,0.000000,0.000000,0,0.04970584014922785
2004-12-06,sh.000016,872.2790,877.8980,865.9620,874.9980,871.5580,182853900,1124055427.0000,3,0.004584,1,0.394696,0.000000,0.000000,0.000000,0.000000,0,0.3946954763767829
2004-12-07,sh.000016,875.4360,878.1860,867.7350,868.2920,874.9980,216408700,1298700279.0000,3,0.005425,1,-0.766401,0.000000,0.000000,0.000000,0.000000,0,-0.7664017517754362
2004-12-08,sh.000016,874.6020,878.4860,867.0710,868.9040,868.2920,203774400,1152966117.0000,3,0.005108,1,0.070483,0.000000,0.000000,0.000000,0.000000,0,0.07048320150364606
2004-12-09,sh.000016,869.0070,890.5000,861.8210,878.7160,868.9040,568487800,2954707951.0000,3,0.014251,1,1.129240,0.000000,0.000000,0.000000,0.000000,0,1.1292386730870074
2004-12-10,sh.000016,877.1550,881.4450,867.7390,868.4270,878.7160,298853300,1690101638.0000,3,0.007492,1,-1.170913,0.000000,0.000000,0.000000,0.000000,0,-1.1709130139885948
2004-12-13,sh.000016,864.3510,867.7410,859.0030,865.7620,868.4270,227080100,1323523721.0000,3,0.005693,1,-0.306874,0.000000,0.000000,0.000000,0.000000,0,-0.3068766862384553
2004-12-14,sh.000016,865.3830,870.0770,860.3480,862.0560,865.7620,256008400,1385973373.0000,3,0.006418,1,-0.428061,0.000000,0.000000,0.000000,0.000000,0,-0.4280622157128544
2004-12-15,sh.000016,862.2620,872.1150,854.8530,867.6040,862.0560,394449100,2119208433.0000,3,0.009888,1,0.643575,0.000000,0.000000,0.000000,0.000000,0,0.6435776794083026
2004-12-16,sh.000016,867.3810,875.7560,861.1720,866.9980,867.6040,341447500,1832529651.0000,3,0.008560,1,-0.069850,0.000000,0.000000,0.000000,0.000000,0,-0.06984753412847544
2004-12-17,sh.000016,865.5150,866.0410,855.6320,857.2510,866.9980,236069200,1321624413.0000,3,0.005918,1,-1.124225,0.000000,0.000000,0.000000,0.000000,0,-1.124224046652944
2004-12-20,sh.000016,853.0000,853.1600,842.7200,845.6780,857.2510,279111900,1623449488.0000,3,0.006997,1,-1.350013,0.000000,0.000000,0.000000,0.000000,0,-1.3500130066923188
2004-12-21,sh.000016,847.3520,855.0800,842.6510,845.3820,845.6780,264431000,1364565726.0000,3,0.006629,1,-0.034997,0.000000,0.000000,0.000000,0.000000,0,-0.035001501753628705
2004-12-22,sh.000016,848.1650,865.1710,842.3220,865.0770,845.3820,529828400,2770593761.0000,3,0.013282,1,2.329717,0.000000,0.000000,0.000000,0.000000,0,2.3297160336983813
2004-12-23,sh.000016,865.3170,865.3170,850.0320,850.7000,865.0770,235937600,1417125297.0000,3,0.005915,1,-1.661934,0.000000,0.000000,0.000000,0.000000,0,-1.6619329840002584
2004-12-24,sh.000016,848.5740,856.4940,848.0810,851.7750,850.7000,245772600,1480691584.0000,3,0.006161,1,0.126368,0.000000,0.000000,0.000000,0.000000,0,0.12636652168800389
2004-12-27,sh.000016,851.7820,859.0890,846.0150,848.1940,851.7750,316963500,1808642590.0000,3,0.007946,1,-0.420423,0.000000,0.000000,0.000000,0.000000,0,-0.420416189721462
2004-12-28,sh.000016,849.4210,852.6550,843.6250,848.6300,848.1940,289351200,1576055083.0000,3,0.007254,1,0.051407,0.000000,0.000000,0.000000,0.000000,0,0.051403334614485985
2004-12-29,sh.000016,847.8760,854.3310,842.2740,843.7810,848.6300,360432900,1811252639.0000,3,0.009036,1,-0.571391,0.000000,0.000000,0.000000,0.000000,0,-0.5713915369477962
2004-12-30,sh.000016,842.3560,848.1620,837.2050,843.5290,843.7810,358231500,1928677792.0000,3,0.008980,1,-0.029867,0.000000,0.000000,0.000000,0.000000,0,-0.029865569383524804
2004-12-31,sh.000016,846.1160,850.8500,841.7010,842.7280,843.5290,297872000,1680221908.0000,3,0.007912,1,-0.094954,0.000000,0.000000,0.000000,0.000000,0,-0.09495820534919375
2005-01-04,sh.000016,836.9880,836.9880,824.0080,827.0710,842.7280,403169700,2136408535.0000,3,0.010178,1,-1.857900,0.000000,0.000000,0.000000,0.000000,0,-1.8578948367682036
2005-01-05,sh.000016,825.7070,836.4280,822.9660,831.4280,827.0710,302086300,1705649112.0000,3,0.007626,1,0.526798,0.000000,0.000000,0.000000,0.000000,0,0.5267987875285263
2005-01-06,sh.000016,831.9890,833.0700,820.3350,822.4990,831.4280,275357400,1519686788.0000,3,0.006951,1,-1.073930,0.000000,0.000000,0.000000,0.000000,0,-1.0739354460037376
2005-01-07,sh.000016,822.6690,832.9500,819.4400,823.6160,822.4990,306608600,1640665371.0000,3,0.007740,1,0.135806,0.000000,0.000000,0.000000,0.000000,0,0.13580563623785125
2005-01-10,sh.000016,823.7660,833.6500,820.9960,832.9860,823.6160,247941100,1402314275.0000,3,0.006259,1,1.137666,0.000000,0.000000,0.000000,0.000000,0,1.137666096821821
2005-01-11,sh.000016,833.2090,839.6860,831.3830,837.8610,832.9860,245009800,1384285975.0000,3,0.006185,1,0.585244,0.000000,0.000000,0.000000,0.000000,0,0.5852439296698764
2005-01-12,sh.000016,837.3570,837.8050,831.1830,837.2440,837.8610,163275100,913345079.0000,3,0.004122,1,-0.073640,0.000000,0.000000,0.000000,0.000000,0,-0.0736398996969645
2005-01-13,sh.000016,836.1700,838.1920,833.0990,834.2210,837.2440,209669400,1050540719.0000,3,0.005293,1,-0.361067,0.000000,0.000000,0.000000,0.000000,0,-0.36106559139271743
2005-01-14,sh.000016,834.3540,845.5480,828.0460,829.0420,834.2210,362708700,1655199286.0000,3,0.009156,1,-0.620821,0.000000,0.000000,0.000000,0.000000,0,-0.6208187039165813
2005-01-17,sh.000016,821.1890,825.5410,810.0020,811.5540,829.0420,325221700,1694630703.0000,3,0.008210,1,-2.109420,0.000000,0.000000,0.000000,0.000000,0,-2.109422683048634
2005-01-18,sh.000016,811.3160,817.6880,805.3740,817.3090,811.5540,371926500,1756768049.0000,3,0.009389,1,0.709134,0.000000,0.000000,0.000000,0.000000,0,0.7091333417123202
2005-01-19,sh.000016,816.6440,817.1650,809.4930,810.9890,817.3090,329754700,1465256090.0000,3,0.008325,1,-0.773270,0.000000,0.000000,0.000000,0.000000,0,-0.7732693510043243
2005-01-20,sh.000016,807.3950,810.8700,801.0720,805.0810,810.9890,364939500,1794369342.0000,3,0.009213,1,-0.728496,0.000000,0.000000,0.000000,0.000000,0,-0.728493234803429
2005-01-21,sh.000016,803.0910,835.2360,798.3540,831.8470,805.0810,740780600,3793339735.0000,3,0.018701,1,3.324633,0.000000,0.000000,0.000000,0.000000,0,3.3246344156674823
2005-01-24,sh.000016,847.0700,851.2440,831.0840,842.4140,831.8470,648612400,3443129365.0000,3,0.016374,1,1.270308,0.000000,0.000000,0.000000,0.000000,0,1.2703057172773313
2005-01-25,sh.000016,839.7150,842.1920,832.0920,841.6400,842.4140,411928100,2248890591.0000,3,0.010399,1,-0.091877,0.000000,0.000000,0.000000,0.000000,0,-0.09187881492948025
2005-01-26,sh.000016,840.8210,844.0710,833.6420,834.6690,841.6400,301807700,1677342219.0000,3,0.007619,1,-0.828265,0.000000,0.000000,0.000000,0.000000,0,-0.8282638657858499
2005-01-27,sh.000016,831.8320,833.7520,820.9330,821.7050,834.6690,302954000,1531173879.0000,3,0.007648,1,-1.553189,0.000000,0.000000,0.000000,0.000000,0,-1.553190546192551
2005-01-28,sh.000016,819.6560,822.8220,816.5390,820.6890,821.7050,233991800,1189618540.0000,3,0.005907,1,-0.123644,0.000000,0.000000,0.000000,0.000000,0,-0.12364534717448361
2005-01-31,sh.000016,817.9300,819.3470,810.7220,813.7530,820.6890,258840800,1331737139.0000,3,0.006534,1,-0.845148,0.000000,0.000000,0.000000,0.000000,0,-0.8451435318372669
2005-02-01,sh.000016,812.5630,824.1100,812.1520,817.8720,813.7530,273230300,1465250787.0000,3,0.006898,1,0.506176,0.000000,0.000000,0.000000,0.000000,0,0.5061732491308701
2005-02-02,sh.000016,819.2450,860.8790,819.2450,860.5040,817.8720,777403300,4262551034.0000,3,0.019625,1,5.212554,0.000000,0.000000,0.000000,0.000000,0,5.212551597315973
2005-02-03,sh.000016,856.7700,867.1990,846.4070,848.4860,860.5040,712029000,3920720189.0000,3,0.017975,1,-1.396624,0.000000,0.000000,0.000000,0.000000,0,-1.3966233742086054
2005-02-04,sh.000016,847.6170,877.3910,845.4460,872.8840,848.4860,733155500,4193941398.0000,3,0.018508,1,2.875469,0.000000,0.000000,0.000000,0.000000,0,2.8754746689986677
2005-02-16,sh.000016,877.9700,884.9860,871.3750,875.4600,872.8840,505684400,2827036330.0000,3,0.012766,1,0.295119,0.000000,0.000000,0.000000,0.000000,0,0.29511366917025494
2005-02-17,sh.000016,876.6360,876.6360,861.4470,870.0850,875.4600,363484800,2082719031.0000,3,0.009176,1,-0.613963,0.000000,0.000000,0.000000,0.000000,0,-0.6139629451945239
2005-02-18,sh.000016,869.3980,870.5290,855.4160,856.2120,870.0850,352132300,1919298220.0000,3,0.008889,1,-1.594447,0.000000,0.000000,0.000000,0.000000,0,-1.5944419223409279
2005-02-21,sh.000016,856.9540,874.0960,856.9540,874.0210,856.2120,432910000,2395829415.0000,3,0.010929,1,2.079978,0.000000,0.000000,0.000000,0.000000,0,2.0799755200814785
2005-02-22,sh.000016,874.9460,889.9820,870.5860,887.0700,874.0210,667449000,3748027747.0000,3,0.016849,1,1.492986,0.000000,0.000000,0.000000,0.000000,0,1.4929847223350556
2005-02-23,sh.000016,886.6680,886.6680,872.5610,877.9140,887.0700,745959300,4155038972.0000,3,0.018831,1,-1.032163,0.000000,0.000000,0.000000,0.000000,0,-1.0321620616185911
2005-02-24,sh.000016,875.7260,878.1400,870.0400,877.3450,877.9140,547588900,3099816301.0000,3,0.013824,1,-0.064816,0.000000,0.000000,0.000000,0.000000,0,-0.06481272653129366
2005-02-25,sh.000016,878.2160,888.7910,877.0980,878.5030,877.3450,654335800,3923305702.0000,3,0.016518,1,0.131991,0.000000,0.000000,0.000000,0.000000,0,0.13198912628442638
2005-02-28,sh.000016,878.5530,878.6570,864.6500,868.8860,878.5030,484748700,2822666898.0000,3,0.012237,1,-1.094704,0.000000,0.000000,0.000000,0.000000,0,-1.094703148424092
2005-03-01,sh.000016,868.3670,871.4210,863.4920,866.2580,868.8860,317994800,1886264154.0000,3,0.008028,1,-0.302455,0.000000,0.000000,0.000000,0.000000,0,-0.30245624857575537
2005-03-02,sh.000016,866.0780,875.0690,855.2830,855.8790,866.2580,595192200,3591714424.0000,3,0.015025,1,-1.198138,0.000000,0.000000,0.000000,0.000000,0,-1.1981418930618881
2005-03-03,sh.000016,854.7890,863.1000,851.4340,861.6880,855.8790,333921400,1823063553.0000,3,0.008430,1,0.678713,0.000000,0.000000,0.000000,0.000000,0,0.6787174355253445
2005-03-04,sh.000016,862.1120,866.5800,858.1320,859.4890,861.6880,298302300,1788447913.0000,3,0.007531,1,-0.255194,0.000000,0.000000,0.000000,0.000000,0,-0.25519677655949646
2005-03-07,sh.000016,859.6590,865.5290,859.5170,863.7040,859.4890,279701300,1693090958.0000,3,0.007061,1,0.490404,0.000000,0.000000,0.000000,0.000000,0,0.4904076724658424
2005-03-08,sh.000016,867.8340,876.8780,863.5960,876.3440,863.7040,525746400,3158969746.0000,3,0.013272,1,1.463466,0.000000,0.000000,0.000000,0.000000,0,1.4634643350036614
2005-03-09,sh.000016,878.3580,880.4940,867.0650,869.4030,876.3440,697399300,3872790925.0000,3,0.017606,1,-0.792038,0.000000,0.000000,0.000000,0.000000,0,-0.7920405685438614
2005-03-10,sh.000016,869.0240,869.0990,850.0380,851.5310,869.4030,559164300,2948232889.0000,3,0.014116,1,-2.055665,0.000000,0.000000,0.000000,0.000000,0,-2.0556634840229515
2005-03-11,sh.000016,850.9070,857.2710,847.8110,853.8980,851.5310,466169500,2669410222.0000,3,0.011768,1,0.277970,0.000000,0.000000,0.000000,0.000000,0,0.2779699153642179
2005-03-14,sh.000016,853.3550,865.8220,844.1760,857.6140,853.8980,553753400,3548545136.0000,3,0.013979,1,0.435181,0.000000,0.000000,0.000000,0.000000,0,0.4351807827164489
2005-03-15,sh.000016,857.3370,857.6250,839.4460,840.9550,857.6140,466762400,2752373557.0000,3,0.011783,1,-1.942482,0.000000,0.000000,0.000000,0.000000,0,-1.9424822822388665
2005-03-16,sh.000016,839.6010,840.5920,829.3990,832.8230,840.9550,390439600,2322844904.0000,3,0.009857,1,-0.966998,0.000000,0.000000,0.000000,0.000000,0,-0.9669958559019309
2005-03-17,sh.000016,833.7110,835.6860,826.1570,826.6830,832.8230,348309600,2038527363.0000,3,0.008793,1,-0.737253,0.000000,0.000000,0.000000,0.000000,0,-0.7372514928141949
2005-03-18,sh.000016,826.0570,830.1980,818.8000,821.0280,826.6830,340296700,1958062392.0000,3,0.008591,1,-0.684055,0.000000,0.000000,0.000000,0.000000,0,-0.6840590649620171
2005-03-21,sh.000016,820.4210,825.8550,818.2700,823.1290,821.0280,271083200,1452285477.0000,3,0.006843,1,0.255900,0.000000,0.000000,0.000000,0.000000,0,0.25589870260209757
2005-03-22,sh.000016,822.6090,823.2250,805.5050,808.1040,823.1290,421296500,2181712034.0000,3,0.010635,1,-1.825355,0.000000,0.000000,0.000000,0.000000,0,-1.82535179783484
2005-03-23,sh.000016,806.4040,812.2830,798.0050,801.9810,808.1040,403377700,2284393000.0000,3,0.010183,1,-0.757698,0.000000,0.000000,0.000000,0.000000,0,-0.7576995040242451
2005-03-24,sh.000016,800.8050,808.8730,795.8400,808.1800,801.9810,368011400,2103397032.0000,3,0.009290,1,0.772958,0.000000,0.000000,0.000000,0.000000,0,0.7729609554341099
2005-03-25,sh.000016,807.6540,810.4520,802.6100,806.4250,808.1800,274121100,1407812741.0000,3,0.006920,1,-0.217155,0.000000,0.000000,0.000000,0.000000,0,-0.21715459427354977
2005-03-28,sh.000016,805.4100,805.9050,795.4630,805.5560,806.4250,219963600,1257124870.0000,3,0.005553,1,-0.107754,0.000000,0.000000,0.000000,0.000000,0,-0.10775955606533438
2005-03-29,sh.000016,805.4770,812.3300,802.1300,802.7390,805.5560,279148800,1578168399.0000,3,0.007047,1,-0.349698,0.000000,0.000000,0.000000,0.000000,0,-0.3496963587882207
2005-03-30,sh.000016,800.9610,800.9610,790.1920,790.5800,802.7390,338953000,1859165192.0000,3,0.008557,1,-1.514689,0.000000,0.000000,0.000000,0.000000,0,-1.5146890832512194
2005-03-31,sh.000016,788.0060,795.7920,783.9820,795.6670,790.5800,329989200,1708517954.0000,3,0.008330,1,0.643448,0.000000,0.000000,0.000000,0.000000,0,0.6434516430974702
2005-04-01,sh.000016,794.9500,834.5570,791.0970,822.9100,795.6670,720138300,3846584065.0000,3,0.018179,1,3.423917,0.000000,0.000000,0.000000,0.000000,0,3.4239198056473352
2005-04-04,sh.000016,814.5850,818.7990,805.8460,808.5910,822.9100,458191000,2565520008.0000,3,0.011567,1,-1.740041,0.000000,0.000000,0.000000,0.000000,0,-1.7400444763096767
2005-04-05,sh.000016,806.5090,813.8830,800.0890,801.8850,808.5910,402217600,2280359972.0000,3,0.010154,1,-0.829343,0.000000,0.000000,0.000000,0.000000,0,-0.8293438833724354
2005-04-06,sh.000016,800.8910,820.8590,796.3650,816.8790,801.8850,541760000,3158757925.0000,3,0.013676,1,1.869846,0.000000,0.000000,0.000000,0.000000,0,1.869844179651703
2005-04-07,sh.000016,819.0340,840.3710,815.2160,824.6090,816.8790,819426600,4802386564.0000,3,0.020686,1,0.946282,0.000000,0.000000,0.000000,0.000000,0,0.9462845782545637
2005-04-08,sh.000016,824.3210,838.5080,818.9020,838.0560,824.6090,485474000,2901295463.0000,3,0.012256,1,1.630715,0.000000,0.000000,0.000000,0.000000,0,1.6307122527161377
2005-04-11,sh.000016,838.2900,841.6430,827.7990,830.9080,838.0560,549510500,3185414623.0000,3,0.013872,1,-0.852927,0.000000,0.000000,0.000000,0.000000,0,-0.8529262960947692
2005-04-12,sh.000016,828.4130,830.2780,817.8890,818.4670,830.9080,321368800,1780077799.0000,3,0.008113,1,-1.497283,0.000000,0.000000,0.000000,0.000000,0,-1.4972776769510032
2005-04-13,sh.000016,826.9070,842.4770,826.9070,835.6280,818.4670,573497400,3142352562.0000,3,0.014478,1,2.096726,0.000000,0.000000,0.000000,0.000000,0,2.0967247305022862
2005-04-14,sh.000016,840.2410,841.1710,825.3800,826.0050,835.6280,463111100,2517325210.0000,3,0.011691,1,-1.151587,0.000000,0.000000,0.000000,0.000000,0,-1.1515889845720828
2005-04-15,sh.000016,822.1270,822.1270,814.9760,817.0940,826.0050,365698200,2112808199.0000,3,0.009232,1,-1.078808,0.000000,0.000000,0.000000,0.000000,0,-1.0788070290131402
2005-04-18,sh.000016,814.5510,815.4720,803.2340,806.3890,817.0940,361839500,2095877353.0000,3,0.009063,1,-1.310133,0.000000,0.000000,0.000000,0.000000,0,-1.31013078054667
2005-04-19,sh.000016,805.5230,811.0660,802.5890,809.3610,806.3890,360909200,2113496998.0000,3,0.009040,1,0.368562,0.000000,0.000000,0.000000,0.000000,0,0.3685566147355601
2005-04-20,sh.000016,808.6210,808.6210,793.9020,798.5170,809.3610,291189400,1567213790.0000,3,0.007293,1,-1.339822,0.000000,0.000000,0.000000,0.000000,0,-1.3398224031056505
2005-04-21,sh.000016,796.1170,803.4130,790.1040,793.4450,798.5170,372009400,2049040846.0000,3,0.008948,1,-0.635180,0.000000,0.000000,0.000000,0.000000,0,-0.6351774602168736
2005-04-22,sh.000016,792.2010,800.1640,791.6360,794.8190,793.4450,372183300,2098667955.0000,3,0.008952,1,0.173164,0.000000,0.000000,0.000000,0.000000,0,0.17316890269645224
2005-04-25,sh.000016,792.9440,794.4570,783.5980,790.7490,794.8190,402640700,1975297910.0000,3,0.009685,1,-0.512060,0.000000,0.000000,0.000000,0.000000,0,-0.5120662691757372
2005-04-26,sh.000016,789.8870,797.6970,784.9320,792.3030,790.7490,381002500,1954558773.0000,3,0.009164,1,0.196517,0.000000,0.000000,0.000000,0.000000,0,0.19652253749293802
2005-04-27,sh.000016,790.4710,791.2240,781.9460,782.4320,792.3030,412660400,2187345876.0000,3,0.009926,1,-1.245858,0.000000,0.000000,0.000000,0.000000,0,-1.245861747336563
2005-04-28,sh.000016,779.6990,797.7430,773.3830,793.8780,782.4320,535077500,2886503387.0000,3,0.012870,1,1.462873,0.000000,0.000000,0.000000,0.000000,0,1.4628747290499344
2005-04-29,sh.000016,793.4520,798.2120,786.3920,789.7320,793.8780,410954500,2238532620.0000,3,0.009885,1,-0.522246,0.000000,0.000000,0.000000,0.000000,0,-0.5222464912744917
2005-05-09,sh.000016,790.8250,795.0920,775.3210,775.3210,789.7320,303214000,1590645280.0000,3,0.007270,1,-1.824798,0.000000,0.000000,0.000000,0.000000,0,-1.8247962599970524
2005-05-10,sh.000016,772.6090,780.0780,764.8480,779.0990,775.3210,422389300,2392585440.0000,3,0.010127,1,0.487284,0.000000,0.000000,0.000000,0.000000,0,0.4872820418897472
2005-05-11,sh.000016,778.2750,782.2140,770.0850,771.5860,779.0990,310529900,1690750284.0000,3,0.007445,1,-0.964319,0.000000,0.000000,0.000000,0.000000,0,-0.9643190403273549
2005-05-12,sh.000016,770.8180,771.5730,753.5730,753.8750,771.5860,428574900,2481779328.0000,3,0.010275,1,-2.295402,0.000000,0.000000,0.000000,0.000000,0,-2.2954019383451763
2005-05-13,sh.000016,752.3230,768.4030,749.8380,757.3040,753.8750,481831000,2343460972.0000,3,0.011552,1,0.454852,0.000000,0.000000,0.000000,0.000000,0,0.4548499419664953
2005-05-16,sh.000016,754.7790,756.6220,742.4090,747.8710,757.3040,326200500,1722534602.0000,3,0.007821,1,-1.245609,0.000000,0.000000,0.000000,0.000000,0,-1.2456028226445426
2005-05-17,sh.000016,745.8460,757.8780,741.8300,750.7110,747.8710,315759600,1513152159.0000,3,0.007570,1,0.379748,0.000000,0.000000,0.000000,0.000000,0,0.37974463510419554
2005-05-18,sh.000016,751.5600,760.5350,743.8950,752.6620,750.7110,294306400,1651839058.0000,3,0.006989,1,0.259885,0.000000,0.000000,0.000000,0.000000,0,0.2598869604947929
2005-05-19,sh.000016,752.9810,757.7370,742.7810,754.7850,752.6620,347507500,1664489408.0000,3,0.008252,1,0.282064,0.000000,0.000000,0.000000,0.000000,0,0.28206552210685576
2005-05-20,sh.000016,754.1650,760.0160,749.7110,753.0710,754.7850,295633100,1410323550.0000,3,0.007020,1,-0.227083,0.000000,0.000000,0.000000,0.000000,0,-0.22708453400636097
2005-05-23,sh.000016,749.8270,749.8270,736.4690,737.7410,753.0710,260215000,1268098676.0000,3,0.006179,1,-2.035659,0.000000,0.000000,0.000000,0.000000,0,-2.0356646318873017
2005-05-24,sh.000016,734.5330,740.2330,726.2740,737.3500,737.7410,387022600,1786858175.0000,3,0.009191,1,-0.053007,0.000000,0.000000,0.000000,0.000000,0,-0.05299962995142238
2005-05-25,sh.000016,737.1210,744.5150,731.7250,737.5380,737.3500,250711500,1217550315.0000,3,0.005954,1,0.025503,0.000000,0.000000,0.000000,0.000000,0,0.025496711195494015
2005-05-26,sh.000016,737.0980,741.3550,727.2380,728.6970,737.5380,235486700,1137997125.0000,3,0.005592,1,-1.198718,0.000000,0.000000,0.000000,0.000000,0,-1.1987178965694012
2005-05-27,sh.000016,726.9400,736.1590,723.3210,724.5220,728.6970,333722700,1624355385.0000,3,0.007925,1,-0.572947,0.000000,0.000000,0.000000,0.000000,0,-0.5729404677115357
2005-05-30,sh.000016,723.1040,731.8590,717.8230,729.0670,724.5220,250843900,1183167255.0000,3,0.005957,1,0.627316,0.000000,0.000000,0.000000,0.000000,0,0.6273101437913597
2005-05-31,sh.000016,729.8870,737.9440,728.4480,730.9970,729.0670,292055900,1367840958.0000,3,0.006936,1,0.264721,0.000000,0.000000,0.000000,0.000000,0,0.26472189798742995
2005-06-01,sh.000016,730.1210,735.5590,717.6800,719.0250,730.9970,299951200,1469356808.0000,3,0.007123,1,-1.637761,0.000000,0.000000,0.000000,0.000000,0,-1.6377632192744906
2005-06-02,sh.000016,716.7970,718.5070,697.0150,701.3730,719.0250,425631000,2100347020.0000,3,0.010108,1,-2.454997,0.000000,0.000000,0.000000,0.000000,0,-2.4549911338270447
2005-06-03,sh.000016,699.4190,706.8790,693.5530,700.4340,701.3730,334160700,1618448883.0000,3,0.007935,1,-0.133875,0.000000,0.000000,0.000000,0.000000,0,-0.13388026057462588
2005-06-06,sh.000016,699.2660,717.2830,693.5280,717.2130,700.4340,356022100,1666013658.0000,3,0.008455,1,2.395514,0.000000,0.000000,0.000000,0.000000,0,2.3955147808358834
2005-06-07,sh.000016,718.3970,731.7490,712.1350,713.6200,717.2130,467138400,2291755842.0000,3,0.011093,1,-0.500969,0.000000,0.000000,0.000000,0.000000,0,-0.5009669372975645
2005-06-08,sh.000016,729.8050,775.0010,720.3970,772.1340,713.6200,1424482500,7039428484.0000,3,0.033827,1,8.199598,0.000000,0.000000,0.000000,0.000000,0,8.199602029091114
2005-06-09,sh.000016,774.3010,790.3910,762.3720,778.5770,772.1340,1448081300,7174503169.0000,3,0.034381,1,0.834448,0.000000,0.000000,0.000000,0.000000,0,0.8344406540833571
2005-06-10,sh.000016,777.9800,777.9800,761.9770,766.6630,778.5770,1009550700,5267284016.0000,3,0.023969,1,-1.530228,0.000000,0.000000,0.000000,0.000000,0,-1.5302275818576683
2005-06-13,sh.000016,762.0010,765.5960,747.4190,759.9170,766.6630,675693900,3304680389.0000,3,0.016043,1,-0.879922,0.000000,0.000000,0.000000,0.000000,0,-0.8799172517781617
2005-06-14,sh.000016,761.9820,772.8580,753.8520,754.5480,759.9170,625742200,3217174393.0000,3,0.014857,1,-0.706527,0.000000,0.000000,0.000000,0.000000,0,-0.7065245283366495
2005-06-15,sh.000016,752.2960,754.4630,743.5500,745.2160,754.5480,472439400,2490159628.0000,3,0.011217,1,-1.236763,0.000000,0.000000,0.000000,0.000000,0,-1.2367669121116198
2005-06-16,sh.000016,745.2020,757.8720,742.9600,757.3920,745.2160,508383600,2795728477.0000,3,0.012070,1,1.633892,0.000000,0.000000,0.000000,0.000000,0,1.6338886980419076
2005-06-17,sh.000016,761.0930,765.3340,756.1890,762.1780,757.3920,639626100,3399416239.0000,3,0.015079,1,0.631899,0.000000,0.000000,0.000000,0.000000,0,0.6319052749434784
2005-06-20,sh.000016,764.1020,781.8120,759.3380,780.2910,762.1780,804594300,3592672006.0000,3,0.018574,1,2.376484,0.000000,0.000000,0.000000,0.000000,0,2.3764789852239288
2005-06-21,sh.000016,779.8870,779.8870,769.3070,770.2950,780.2910,461727100,2068236181.0000,3,0.010659,1,-1.281065,0.000000,0.000000,0.000000,0.000000,0,-1.2810605274186315
2005-06-22,sh.000016,768.0170,774.5280,766.0270,774.1500,770.2950,402290400,1884644597.0000,3,0.009287,1,0.500463,0.000000,0.000000,0.000000,0.000000,0,0.50045761688704
2005-06-23,sh.000016,773.5840,776.2090,767.7460,768.3310,774.1500,317339800,1525477706.0000,3,0.007326,1,-0.751667,0.000000,0.000000,0.000000,0.000000,0,-0.7516631143835162
2005-06-24,sh.000016,766.5980,772.7040,764.4240,772.3190,768.3310,381535000,1700632995.0000,3,0.008808,1,0.519044,0.000000,0.000000,0.000000,0.000000,0,0.5190471294272747
2005-06-27,sh.000016,776.5960,786.4820,776.5960,782.3820,772.3190,607254700,2855106902.0000,3,0.014018,1,1.302965,0.000000,0.000000,0.000000,0.000000,0,1.3029590104606914
2005-06-28,sh.000016,779.6850,779.6850,773.3830,775.6340,782.3820,360953000,1573392598.0000,3,0.008333,1,-0.862500,0.000000,0.000000,0.000000,0.000000,0,-0.862494280287629
2005-06-29,sh.000016,782.5670,782.8790,771.4230,772.0200,775.6340,525068000,2508147349.0000,3,0.012121,1,-0.465935,0.000000,0.000000,0.000000,0.000000,0,-0.46594141051062854
2005-06-30,sh.000016,770.9610,770.9610,755.8860,758.7170,772.0200,429535100,1894108359.0000,3,0.010551,1,-1.723147,0.000000,0.000000,0.000000,0.000000,0,-1.7231418875158666
2005-07-01,sh.000016,756.2400,756.2400,746.7430,748.0460,758.7170,328197700,1652947994.0000,3,0.007773,1,-1.406448,0.000000,0.000000,0.000000,0.000000,0,-1.4064532625471582
2005-07-04,sh.000016,744.2860,747.6670,738.3150,747.0860,748.0460,295202800,1292418605.0000,3,0.006992,1,-0.128337,0.000000,0.000000,0.000000,0.000000,0,-0.12833435376968794
2005-07-05,sh.000016,743.7220,745.9830,736.2370,741.2050,747.0860,380680400,2319025347.0000,3,0.008986,1,-0.787189,0.000000,0.000000,0.000000,0.000000,0,-0.7871918360135233
2005-07-06,sh.000016,742.1380,744.0750,732.4710,734.7680,741.2050,285762500,1531219284.0000,3,0.006745,1,-0.868452,0.000000,0.000000,0.000000,0.000000,0,-0.8684506985247031
2005-07-07,sh.000016,733.8710,739.2080,731.6480,735.5540,734.7680,244490700,1122976414.0000,3,0.005771,1,0.106974,0.000000,0.000000,0.000000,0.000000,0,0.10697254099252262
2005-07-08,sh.000016,733.9290,733.9290,725.3710,727.5560,735.5540,262778600,1283627553.0000,3,0.006203,1,-1.087342,0.000000,0.000000,0.000000,0.000000,0,-1.0873436892464672
2005-07-11,sh.000016,734.7190,744.9300,725.5800,726.9050,727.5560,329788800,1566829120.0000,3,0.007730,1,-0.089478,0.000000,0.000000,0.000000,0.000000,0,-0.08947764845593786
2005-07-12,sh.000016,724.1640,756.2520,721.8540,753.0600,726.9050,726452000,3661268958.0000,3,0.017027,1,3.598127,0.000000,0.000000,0.000000,0.000000,0,3.5981318053941003
2005-07-13,sh.000016,751.8890,754.0980,745.8440,748.5500,753.0600,396495200,1998032032.0000,3,0.009293,1,-0.598891,0.000000,0.000000,0.000000,0.000000,0,-0.5988898626935413
2005-07-14,sh.000016,746.6710,759.2700,745.0730,753.6390,748.5500,419549600,2139333848.0000,3,0.009834,1,0.679846,0.000000,0.000000,0.000000,0.000000,0,0.6798477055641072
2005-07-15,sh.000016,752.8650,757.7880,744.9270,748.5190,753.6390,333882800,1618061653.0000,3,0.007826,1,-0.679370,0.000000,0.000000,0.000000,0.000000,0,-0.6793703616718383
2005-07-18,sh.000016,746.7680,750.7550,743.1320,746.9210,748.5190,293764700,1361770598.0000,3,0.006885,1,-0.213483,0.000000,0.000000,0.000000,0.000000,0,-0.21348823476757817
2005-07-19,sh.000016,745.2910,752.1440,743.5360,747.4850,746.9210,315655100,1507667753.0000,3,0.007399,1,0.075505,0.000000,0.000000,0.000000,0.000000,0,0.07550999369410061
2005-07-20,sh.000016,747.5850,755.6640,744.9880,753.5460,747.4850,390002700,1821115017.0000,3,0.009141,1,0.810857,0.000000,0.000000,0.000000,0.000000,0,0.8108523916867894
2005-07-21,sh.000016,753.4480,757.3800,750.7400,756.9810,753.5460,357412000,1853936105.0000,3,0.008377,1,0.455844,0.000000,0.000000,0.000000,0.000000,0,0.4558447659466003
2005-07-22,sh.000016,761.1230,774.8050,756.3260,768.7240,756.9810,1002735200,4799998170.0000,3,0.023503,1,1.551291,0.000000,0.000000,0.000000,0.000000,0,1.551293889807015
2005-07-25,sh.000016,767.3020,770.3290,764.1590,764.6470,768.7240,406598200,2123323104.0000,3,0.009530,1,-0.530363,0.000000,0.000000,0.000000,0.000000,0,-0.5303594007732282
2005-07-26,sh.000016,764.5980,785.2390,764.5980,780.7530,764.6470,998226000,4586133637.0000,3,0.023397,1,2.106334,0.000000,0.000000,0.000000,0.000000,0,2.106331418288443
2005-07-27,sh.000016,781.0790,792.7370,780.4480,792.4890,780.7530,787326200,3641296869.0000,3,0.018407,1,1.503167,0.000000,0.000000,0.000000,0.000000,0,1.5031642529711675
2005-07-28,sh.000016,792.5460,797.3950,787.8640,789.8530,792.4890,708435000,3451296910.0000,3,0.016563,1,-0.332621,0.000000,0.000000,0.000000,0.000000,0,-0.332622913377989
2005-07-29,sh.000016,788.7370,792.4520,785.7850,788.6320,789.8530,563501900,2400946824.0000,3,0.013119,1,-0.154587,0.000000,0.000000,0.000000,0.000000,0,-0.1545857267111761
2005-08-01,sh.000016,788.2170,796.5230,786.8780,789.9960,788.6320,422743100,1898200604.0000,3,0.009842,1,0.172952,0.000000,0.000000,0.000000,0.000000,0,0.17295772933383358
2005-08-02,sh.000016,790.3060,797.5270,787.8180,797.3480,789.9960,460645800,2153594895.0000,3,0.010725,1,0.930644,0.000000,0.000000,0.000000,0.000000,0,0.9306376234816449
2005-08-03,sh.000016,798.3920,805.1230,797.0490,797.7440,797.3480,774597000,3492760896.0000,3,0.018034,1,0.049664,0.000000,0.000000,0.000000,0.000000,0,0.049664638275892514
2005-08-04,sh.000016,796.0720,798.5290,792.6220,795.1450,797.7440,462092000,1988638928.0000,3,0.010758,1,-0.325794,0.000000,0.000000,0.000000,0.000000,0,-0.3257937383421283
2005-08-05,sh.000016,798.2020,812.6550,797.8840,812.3290,795.1450,685386400,3675673140.0000,3,0.015916,1,2.161110,0.000000,0.000000,0.000000,0.000000,0,2.161115268284397
2005-08-08,sh.000016,814.1230,818.9770,811.3620,812.7220,812.3290,650889800,3370386224.0000,3,0.015115,1,0.048380,0.000000,0.000000,0.000000,0.000000,0,0.048379412774868236
2005-08-09,sh.000016,811.9040,815.1240,806.5110,814.6110,812.7220,550879700,2838443461.0000,3,0.012780,1,0.232433,0.000000,0.000000,0.000000,0.000000,0,0.23242880099221264
2005-08-10,sh.000016,814.6750,822.2420,812.8840,822.1640,814.6110,700321600,3289040497.0000,3,0.016247,1,0.927188,0.000000,0.000000,0.000000,0.000000,0,0.9271910150979945
2005-08-11,sh.000016,822.5710,832.8920,821.7140,832.2380,822.1640,954925700,4770407972.0000,3,0.022153,1,1.225300,0.000000,0.000000,0.000000,0.000000,0,1.2253029809137894
2005-08-12,sh.000016,833.9550,834.9850,817.7900,822.3290,832.2380,1008524400,4885669416.0000,3,0.023150,1,-1.190645,0.000000,0.000000,0.000000,0.000000,0,-1.1906449837666755
2005-08-15,sh.000016,832.1490,839.8680,826.4550,839.5120,822.3290,993365500,5518804501.0000,3,0.022729,1,2.089558,0.000000,0.000000,0.000000,0.000000,0,2.0895529648109257
2005-08-16,sh.000016,840.0660,842.8410,824.4500,828.2290,839.5120,827817100,4600222760.0000,3,0.018941,1,-1.343997,0.000000,0.000000,0.000000,0.000000,0,-1.343995082857652
2005-08-17,sh.000016,828.2230,834.0290,817.8460,833.8380,828.2290,715173100,3798211137.0000,3,0.016290,1,0.677229,0.000000,0.000000,0.000000,0.000000,0,0.6772281579128459
2005-08-18,sh.000016,841.7030,843.3220,812.0140,814.2910,833.8380,1546582300,7564720352.0000,3,0.034557,1,-2.344220,0.000000,0.000000,0.000000,0.000000,0,-2.3442203401619843
2005-08-19,sh.000016,813.1130,820.7790,809.2220,817.6850,814.2910,831383300,3980049571.0000,3,0.018576,1,0.416802,0.000000,0.000000,0.000000,0.000000,0,0.41680431197199663
2005-08-22,sh.000016,819.3570,824.7730,814.6380,823.0830,817.6850,825990300,4150542403.0000,3,0.018395,1,0.660158,0.000000,0.000000,0.000000,0.000000,0,0.660156417202229
2005-08-23,sh.000016,823.1950,823.4480,811.1380,818.0530,823.0830,646263100,3179673176.0000,3,0.014392,1,-0.611121,0.000000,0.000000,0.000000,0.000000,0,-0.6111169833418972
2005-08-24,sh.000016,818.1890,830.5380,818.1890,825.4530,818.0530,742881600,3646750937.0000,3,0.016544,1,0.904590,0.000000,0.000000,0.000000,0.000000,0,0.9045868666211154
2005-08-25,sh.000016,825.5470,828.7380,816.4360,823.5760,825.4530,689105500,3340115541.0000,3,0.015346,1,-0.227392,0.000000,0.000000,0.000000,0.000000,0,-0.22739029357212726
2005-08-26,sh.000016,823.7620,825.0010,817.8690,822.1970,823.5760,596951600,2841920883.0000,3,0.013294,1,-0.167437,0.000000,0.000000,0.000000,0.000000,0,-0.16744052765015338
2005-08-29,sh.000016,821.7910,822.4900,808.4900,811.3120,822.1970,578123900,2788725309.0000,3,0.012875,1,-1.323893,0.000000,0.000000,0.000000,0.000000,0,-1.323891962631829
2005-08-30,sh.000016,809.9770,814.5620,807.4420,809.0630,811.3120,413086000,1960544324.0000,3,0.009199,1,-0.277208,0.000000,0.000000,0.000000,0.000000,0,-0.2772053168201616
2005-08-31,sh.000016,809.5550,817.5100,806.5770,816.7550,809.0630,392936600,2031461420.0000,3,0.008751,1,0.950731,0.000000,0.000000,0.000000,0.000000,0,0.9507294240374442
2005-09-01,sh.000016,817.2290,828.9710,814.5980,827.9000,816.7550,663805600,3329067089.0000,3,0.014783,1,1.364549,0.000000,0.000000,0.000000,0.000000,0,1.3645462837692968
2005-09-02,sh.000016,829.2440,831.6640,825.6780,829.4630,827.9000,553176800,2795105229.0000,3,0.012319,1,0.188789,0.000000,0.000000,0.000000,0.000000,0,0.18879091677739268
2005-09-05,sh.000016,829.7730,832.4540,823.3650,829.3410,829.4630,576209100,2714440426.0000,3,0.012832,1,-0.014709,0.000000,0.000000,0.000000,0.000000,0,-0.01470831128090877
2005-09-06,sh.000016,829.5500,830.0520,815.1520,815.7530,829.3410,613558700,3176387532.0000,3,0.013664,1,-1.638411,0.000000,0.000000,0.000000,0.000000,0,-1.6384092912324344
2005-09-07,sh.000016,815.0330,825.5990,812.9890,825.1180,815.7530,593964100,3102557081.0000,3,0.013228,1,1.148018,0.000000,0.000000,0.000000,0.000000,0,1.1480190694977521
2005-09-08,sh.000016,826.6480,830.6720,822.1180,827.1160,825.1180,712356500,3906819921.0000,3,0.015864,1,0.242153,0.000000,0.000000,0.000000,0.000000,0,0.24214718379673705
2005-09-09,sh.000016,827.0000,832.1160,820.9430,823.6390,827.1160,548476700,2714519055.0000,3,0.012214,1,-0.420382,0.000000,0.000000,0.000000,0.000000,0,-0.4203763438260122
2005-09-12,sh.000016,824.4410,826.0550,818.9650,821.9780,823.6390,389478100,1957629102.0000,3,0.008673,1,-0.201660,0.000000,0.000000,0.000000,0.000000,0,-0.2016660211573318
2005-09-13,sh.000016,821.5420,830.3450,819.6010,829.9200,821.9780,518563300,2438424552.0000,3,0.011548,1,0.966201,0.000000,0.000000,0.000000,0.000000,0,0.9662059081873231
2005-09-14,sh.000016,831.1930,834.2650,828.1650,834.0130,829.9200,673494000,3366341853.0000,3,0.014998,1,0.493182,0.000000,0.000000,0.000000,0.000000,0,0.49318006554850413
2005-09-15,sh.000016,834.4440,834.9990,831.0630,833.5090,834.0130,501905900,2509809041.0000,3,0.011177,1,-0.060434,0.000000,0.000000,0.000000,0.000000,0,-0.060430712710712875
2005-09-16,sh.000016,833.5600,834.9720,828.6350,830.6210,833.5090,426771700,2179638417.0000,3,0.009504,1,-0.346487,0.000000,0.000000,0.000000,0.000000,0,-0.34648696054871975
2005-09-19,sh.000016,831.0400,832.5660,828.2220,831.5690,830.6210,447420600,2482396305.0000,3,0.009964,1,0.114131,0.000000,0.000000,0.000000,0.000000,0,0.11413147512524535
2005-09-20,sh.000016,832.2180,833.1000,824.0930,827.2660,831.5690,580745400,2849099223.0000,3,0.012933,1,-0.517453,0.000000,0.000000,0.000000,0.000000,0,-0.5174555569050776
2005-09-21,sh.000016,827.0090,827.0090,810.1060,811.1350,827.2660,677982000,3212568018.0000,3,0.015098,1,-1.949915,0.000000,0.000000,0.000000,0.000000,0,-1.9499169553686468
2005-09-22,sh.000016,808.8920,809.3520,789.9360,796.9390,811.1350,637333900,3180658135.0000,3,0.014193,1,-1.750138,0.000000,0.000000,0.000000,0.000000,0,-1.7501402355958096
2005-09-23,sh.000016,796.0900,800.6780,791.5140,793.1630,796.9390,368138100,1859362222.0000,3,0.008198,1,-0.473813,0.000000,0.000000,0.000000,0.000000,0,-0.473812926710826
2005-09-26,sh.000016,793.3070,796.4750,790.4420,793.7300,793.1630,326669400,1723709908.0000,3,0.007275,1,0.071480,0.000000,0.000000,0.000000,0.000000,0,0.07148593668639958
2005-09-27,sh.000016,793.7140,796.3710,781.1260,782.2350,793.7300,399539200,2078401581.0000,3,0.008898,1,-1.448225,0.000000,0.000000,0.000000,0.000000,0,-1.4482254670983852
2005-09-28,sh.000016,781.7270,787.8570,780.7650,782.9980,782.2350,309605900,1629223575.0000,3,0.006895,1,0.097541,0.000000,0.000000,0.000000,0.000000,0,0.09754102028163292
2005-09-29,sh.000016,784.1510,792.7110,784.1510,792.2510,782.9980,461185400,2227871095.0000,3,0.010270,1,1.181739,0.000000,0.000000,0.000000,0.000000,0,1.1817399278158947
2005-09-30,sh.000016,792.7880,794.9360,789.6880,793.6520,792.2510,278292600,1427884263.0000,3,0.006184,1,0.176838,0.000000,0.000000,0.000000,0.000000,0,0.1768378960708139
2005-10-10,sh.000016,792.7590,793.8090,787.0410,787.7480,793.6520,224197300,1137788009.0000,3,0.004982,1,-0.743902,0.000000,0.000000,0.000000,0.000000,0,-0.743902869267643
2005-10-11,sh.000016,787.2740,796.3790,785.7420,796.0710,787.7480,220438100,1167697592.0000,3,0.004899,1,1.056556,0.000000,0.000000,0.000000,0.000000,0,1.0565561575529125
2005-10-12,sh.000016,796.0450,797.9710,791.7270,795.3240,796.0710,395783200,2252258695.0000,3,0.008795,1,-0.093837,0.000000,0.000000,0.000000,0.000000,0,-0.09383585132483052
2005-10-13,sh.000016,795.0530,797.5940,787.8240,788.3610,795.3240,362651500,2097107342.0000,3,0.008059,1,-0.875486,0.000000,0.000000,0.000000,0.000000,0,-0.8754922522141828
2005-10-14,sh.000016,788.3980,790.7930,775.3080,777.4920,788.3610,319598200,1773646714.0000,3,0.007102,1,-1.378685,0.000000,0.000000,0.000000,0.000000,0,-1.3786831159836699
2005-10-17,sh.000016,776.2620,777.2450,765.7070,769.3210,777.4920,391225300,1946012129.0000,3,0.008694,1,-1.050946,0.000000,0.000000,0.000000,0.000000,0,-1.0509432894486248
2005-10-18,sh.000016,769.5720,773.7750,767.1410,771.4480,769.3210,458133400,2220501075.0000,3,0.010181,1,0.276479,0.000000,0.000000,0.000000,0.000000,0,0.27647756918112165
2005-10-19,sh.000016,771.0370,777.7510,767.6530,769.6820,771.4480,379093400,1823896316.0000,3,0.008424,1,-0.228919,0.000000,0.000000,0.000000,0.000000,0,-0.22892016052928899
2005-10-20,sh.000016,768.6190,774.0550,764.4260,773.6760,769.6820,347059800,1732261875.0000,3,0.007712,1,0.518918,0.000000,0.000000,0.000000,0.000000,0,0.5189156041066401
2005-10-21,sh.000016,773.5220,777.8570,770.8060,774.0580,773.6760,414627500,2004008541.0000,3,0.009214,1,0.049369,0.000000,0.000000,0.000000,0.000000,0,0.04937467363599346
2005-10-24,sh.000016,774.5810,774.5810,767.0410,771.1540,774.0580,504026100,2281164973.0000,3,0.011081,1,-0.375165,0.000000,0.000000,0.000000,0.000000,0,-0.37516568525872707
2005-10-25,sh.000016,771.0190,771.3740,763.7860,765.0290,771.1540,425217800,2072605262.0000,3,0.009153,1,-0.794264,0.000000,0.000000,0.000000,0.000000,0,-0.7942641806954254
2005-10-26,sh.000016,763.1190,763.1190,747.0020,749.1250,765.0290,542256700,2415615353.0000,3,0.011672,1,-2.078874,0.000000,0.000000,0.000000,0.000000,0,-2.078875441323136
2005-10-27,sh.000016,747.5050,753.7340,744.0800,751.2610,749.1250,538031200,2493844674.0000,3,0.011581,1,0.285131,0.000000,0.000000,0.000000,0.000000,0,0.2851326547638866
2005-10-28,sh.000016,751.2100,756.1570,742.2280,749.9640,751.2610,504593200,2218747204.0000,3,0.010835,1,-0.172643,0.000000,0.000000,0.000000,0.000000,0,-0.1726430627970732
2005-10-31,sh.000016,749.1920,761.7900,747.7270,759.2390,749.9640,486388900,2100633058.0000,3,0.010419,1,1.236729,0.000000,0.000000,0.000000,0.000000,0,1.2367260295160776
2005-11-01,sh.000016,758.2680,759.5310,748.7210,757.0530,759.2390,342356700,1623590431.0000,3,0.007334,1,-0.287925,0.000000,0.000000,0.000000,0.000000,0,-0.2879198776669867
2005-11-02,sh.000016,757.9270,768.0980,757.9270,762.9380,757.0530,461265600,2010973294.0000,3,0.009881,1,0.777358,0.000000,0.000000,0.000000,0.000000,0,0.7773564070151062
2005-11-03,sh.000016,763.0600,767.1180,753.5350,755.7770,762.9380,495662600,2290128545.0000,3,0.010618,1,-0.938610,0.000000,0.000000,0.000000,0.000000,0,-0.9386083797110589
2005-11-04,sh.000016,755.5430,760.3430,753.5470,758.9240,755.7770,333720800,1637186549.0000,3,0.007149,1,0.416397,0.000000,0.000000,0.000000,0.000000,0,0.41639266609065917
2005-11-07,sh.000016,758.4500,758.7290,749.2120,754.2010,758.9240,273829800,1337065263.0000,3,0.005866,1,-0.622331,0.000000,0.000000,0.000000,0.000000,0,-0.6223284544961016
2005-11-08,sh.000016,753.3230,759.6670,749.3920,758.3220,754.2010,353818200,1533887018.0000,3,0.007579,1,0.546410,0.000000,0.000000,0.000000,0.000000,0,0.5464060641659163
2005-11-09,sh.000016,758.5050,763.7370,755.2990,756.1710,758.3220,468470000,2128667459.0000,3,0.010036,1,-0.283653,0.000000,0.000000,0.000000,0.000000,0,-0.28365259085190164
2005-11-10,sh.000016,756.2100,756.5620,745.0480,746.3520,756.1710,390146300,1743964100.0000,3,0.008358,1,-1.298520,0.000000,0.000000,0.000000,0.000000,0,-1.298515811899703
2005-11-11,sh.000016,745.1730,748.5170,740.0940,746.4500,746.3520,313211300,1369896022.0000,3,0.006710,1,0.013134,0.000000,0.000000,0.000000,0.000000,0,0.013130533582028647
2005-11-14,sh.000016,746.0570,746.9930,740.9780,743.3450,746.4500,190915600,837873549.0000,3,0.004090,1,-0.415975,0.000000,0.000000,0.000000,0.000000,0,-0.4159689195525562
2005-11-15,sh.000016,743.3660,748.5550,737.4380,739.2340,743.3450,285656200,1394150726.0000,3,0.006119,1,-0.553036,0.000000,0.000000,0.000000,0.000000,0,-0.5530406473440941
2005-11-16,sh.000016,739.0690,744.1690,733.0320,744.1380,739.2340,310162200,1438925183.0000,3,0.006644,1,0.663388,0.000000,0.000000,0.000000,0.000000,0,0.6633894003793106
2005-11-17,sh.000016,743.8000,745.9710,739.5790,743.7990,744.1380,291839900,1229085087.0000,3,0.006252,1,-0.045555,0.000000,0.000000,0.000000,0.000000,0,-0.045556066213536806
2005-11-18,sh.000016,743.9260,765.0420,743.3030,760.5660,743.7990,670200900,3095545705.0000,3,0.014357,1,2.254234,0.000000,0.000000,0.000000,0.000000,0,2.254238040115686
2005-11-21,sh.000016,758.2340,760.8220,754.9850,758.5550,760.5660,465111000,1908845526.0000,3,0.009863,1,-0.264407,0.000000,0.000000,0.000000,0.000000,0,-0.2644083485194071
2005-11-22,sh.000016,758.4200,758.4200,747.2590,747.3070,758.5550,491024600,1868941339.0000,3,0.010413,1,-1.482817,0.000000,0.000000,0.000000,0.000000,0,-1.4828193077627727
2005-11-23,sh.000016,746.3950,755.5300,744.4050,754.1560,747.3070,522361400,1815135104.0000,3,0.011078,1,0.916491,0.000000,0.000000,0.000000,0.000000,0,0.9164908130125715
2005-11-24,sh.000016,753.4350,765.6180,752.7130,761.6620,754.1560,783833800,3107948244.0000,3,0.016622,1,0.995282,0.000000,0.000000,0.000000,0.000000,0,0.9952847951882671
2005-11-25,sh.000016,761.5540,766.7870,758.4550,766.6780,761.6620,778202600,2913015334.0000,3,0.016476,1,0.658559,0.000000,0.000000,0.000000,0.000000,0,0.6585598336269927
2005-11-28,sh.000016,765.2700,770.8420,760.2130,762.9050,766.6780,527320400,2133708554.0000,3,0.011164,1,-0.492117,0.000000,0.000000,0.000000,0.000000,0,-0.49212315991851163
2005-11-29,sh.000016,761.9230,763.0980,753.9170,755.2930,762.9050,452758400,1763663524.0000,3,0.009586,1,-0.997765,0.000000,0.000000,0.000000,0.000000,0,-0.9977651214764571
2005-11-30,sh.000016,754.4870,759.9620,751.9000,759.6330,755.2930,413264200,1769678041.0000,3,0.008750,1,0.574607,0.000000,0.000000,0.000000,0.000000,0,0.5746114421820492
2005-12-01,sh.000016,759.3460,763.6510,756.5260,758.9360,759.6330,324492600,1495920542.0000,3,0.006870,1,-0.091758,0.000000,0.000000,0.000000,0.000000,0,-0.09175483424233022
2005-12-02,sh.000016,758.6900,762.6030,753.3800,757.0210,758.9360,382121800,1770303121.0000,3,0.008090,1,-0.252324,0.000000,0.000000,0.000000,0.000000,0,-0.2523269419292373
2005-12-05,sh.000016,756.0370,756.0650,750.1780,751.3530,757.0210,380336200,1688297948.0000,3,0.008053,1,-0.748720,0.000000,0.000000,0.000000,0.000000,0,-0.7487242758126955
2005-12-06,sh.000016,750.1560,762.0030,748.0130,760.2020,751.3530,500898100,2331706362.0000,3,0.010605,1,1.177742,0.000000,0.000000,0.000000,0.000000,0,1.1777420200624888
2005-12-07,sh.000016,760.0140,767.7140,758.6730,767.5430,760.2020,459375200,2118098167.0000,3,0.009726,1,0.965665,0.000000,0.000000,0.000000,0.000000,0,0.9656643892018257
2005-12-08,sh.000016,767.7820,772.7410,762.4620,765.5550,767.5430,411250800,2016711760.0000,3,0.008707,1,-0.259013,0.000000,0.000000,0.000000,0.000000,0,-0.25900829008929094
2005-12-09,sh.000016,765.2470,777.6490,762.9860,777.0310,765.5550,503754500,2349406691.0000,3,0.010666,1,1.499045,0.000000,0.000000,0.000000,0.000000,0,1.4990431778252322
2005-12-12,sh.000016,776.1930,777.4640,772.6110,774.7090,777.0310,346547500,1743956020.0000,3,0.007337,1,-0.298833,0.000000,0.000000,0.000000,0.000000,0,-0.29882977641818576
2005-12-13,sh.000016,774.0640,774.8000,767.6120,773.5890,774.7090,372990300,1847858821.0000,3,0.007897,1,-0.144570,0.000000,0.000000,0.000000,0.000000,0,-0.144570412890499
2005-12-14,sh.000016,773.0380,780.6940,768.6340,778.4940,773.5890,505377900,2611225129.0000,3,0.010700,1,0.634061,0.000000,0.000000,0.000000,0.000000,0,0.6340576197438219
2005-12-15,sh.000016,778.4740,784.1750,777.1000,778.2330,778.4940,617065700,2814602660.0000,3,0.013046,1,-0.033532,0.000000,0.000000,0.000000,0.000000,0,-0.03352626995200003
2005-12-16,sh.000016,777.9300,782.8560,776.0140,782.0400,778.2330,421359800,1952211758.0000,3,0.008908,1,0.489186,0.000000,0.000000,0.000000,0.000000,0,0.4891851155116811
2005-12-19,sh.000016,781.9310,783.4810,777.8610,781.8040,782.0400,349617700,1572123568.0000,3,0.007392,1,-0.030173,0.000000,0.000000,0.000000,0.000000,0,-0.030177484527649234
2005-12-20,sh.000016,781.4960,787.2340,779.9010,787.2340,781.8040,392396800,1867567293.0000,3,0.008283,1,0.694546,0.000000,0.000000,0.000000,0.000000,0,0.6945474824892273
2005-12-21,sh.000016,787.0580,791.6360,783.0360,783.9840,787.2340,392017000,1934272452.0000,3,0.008275,1,-0.412838,0.000000,0.000000,0.000000,0.000000,0,-0.4128378601534033
2005-12-22,sh.000016,783.1550,788.4540,781.9370,787.3880,783.9840,308402700,1589421180.0000,3,0.006510,1,0.434192,0.000000,0.000000,0.000000,0.000000,0,0.43419253454151097
2005-12-23,sh.000016,788.1030,791.6510,786.7660,791.4410,787.3880,434414900,2048038184.0000,3,0.009170,1,0.514737,0.000000,0.000000,0.000000,0.000000,0,0.514739874115433
2005-12-26,sh.000016,791.3880,798.3390,790.9850,795.5590,791.4410,582536700,2845016018.0000,3,0.012296,1,0.520322,0.000000,0.000000,0.000000,0.000000,0,0.5203167387082486
2005-12-27,sh.000016,796.6560,797.0230,790.3990,792.1550,795.5590,488013800,2351807281.0000,3,0.010279,1,-0.427874,0.000000,0.000000,0.000000,0.000000,0,-0.4278752424395904
2005-12-28,sh.000016,792.0940,793.6500,787.8710,793.5400,792.1550,525619200,2500006029.0000,3,0.011071,1,0.174833,0.000000,0.000000,0.000000,0.000000,0,0.17483952004342385
2005-12-29,sh.000016,793.3160,802.1010,793.1200,801.8990,793.5400,694629200,3468721998.0000,3,0.014630,1,1.053382,0.000000,0.000000,0.000000,0.000000,0,1.0533810519948617
2005-12-30,sh.000016,804.0570,804.6100,793.7700,796.3960,801.8990,720453100,3754507553.0000,3,0.015843,1,-0.686245,0.000000,0.000000,0.000000,0.000000,0,-0.6862460235017132
2006-01-04,sh.000016,801.4130,812.8430,800.2140,812.5970,796.3960,997307300,5495885380.0000,3,0.021319,1,2.034288,,,,,0,2.0342894740807305
2006-01-05,sh.000016,815.4700,829.0870,813.2470,827.8360,812.5970,1153632700,6274597087.0000,3,0.024661,1,1.875347,,,,,0,1.8753453433866918
2006-01-06,sh.000016,828.8780,842.6920,824.5300,836.8950,827.8360,1211249900,6483148080.0000,3,0.025893,1,1.094301,,,,,0,1.0942988707908219
2006-01-09,sh.000016,837.7600,841.1320,832.3300,838.2920,836.8950,903786600,4933678764.0000,3,0.019320,1,0.166923,,,,,0,0.1669265559000932
2006-01-10,sh.000016,837.9440,838.8500,826.9650,838.5630,838.2920,875412100,5035340982.0000,3,0.018714,1,0.032327,,,,,0,0.03232763762506252
2006-01-11,sh.000016,837.9710,842.0620,829.3210,832.2760,838.5630,912504600,5018799469.0000,3,0.019507,1,-0.749733,,,,,0,-0.7497349632645367
2006-01-12,sh.000016,830.6940,837.9740,827.4960,836.5790,832.2760,644727500,3271603287.0000,3,0.013782,1,0.517013,,,,,0,0.5170159898879589
2006-01-13,sh.000016,838.3760,840.6780,828.3380,831.1360,836.5790,674453700,3527432891.0000,3,0.014397,1,-0.650625,,,,,0,-0.6506259420807847
2006-01-16,sh.000016,830.4780,830.4780,814.5700,814.8910,831.1360,698572300,3505395845.0000,3,0.014912,1,-1.954553,,,,,0,-1.9545537673738123
2006-01-17,sh.000016,813.8800,819.9520,813.1220,818.3550,814.8910,535048100,2794019582.0000,3,0.011421,1,0.425086,,,,,0,0.4250875270435106
2006-01-18,sh.000016,818.0290,836.2050,817.5420,835.1500,818.3550,743448500,3735509700.0000,3,0.015870,1,2.052293,,,,,0,2.0522878213000473
2006-01-19,sh.000016,835.9320,842.7400,830.5810,840.5910,835.1500,891361200,4245242674.0000,3,0.019005,1,0.651497,,,,,0,0.6514997305873127
2006-01-20,sh.000016,840.0890,844.4300,836.6780,840.3760,840.5910,871186100,4201753739.0000,3,0.018575,1,-0.025580,,,,,0,-0.025577242678076484
2006-01-23,sh.000016,840.9620,843.0930,835.6740,840.1280,840.3760,710968700,3482126238.0000,3,0.015135,1,-0.029509,,,,,0,-0.029510600017124133
2006-01-24,sh.000016,841.7290,843.7780,834.7490,838.4600,840.1280,749015500,4664090011.0000,3,0.015634,1,-0.198538,,,,,0,-0.19854117467814625
2006-01-25,sh.000016,838.1950,847.1610,837.4700,846.9890,838.4600,684300100,3729054517.0000,3,0.014283,1,1.017221,,,,,0,1.0172220499487183
2006-02-06,sh.000016,849.5100,861.4260,849.3710,861.0700,846.9890,920965600,4676352364.0000,3,0.019223,1,1.662477,,,,,0,1.6624773167065898
2006-02-07,sh.000016,861.6660,863.9640,848.4940,856.6690,861.0700,1163391100,6180448799.0000,3,0.024283,1,-0.511108,,,,,0,-0.5111082722659144
2006-02-08,sh.000016,856.9370,863.4450,854.1710,862.5750,856.6690,1139878800,5653861355.0000,3,0.023792,1,0.689415,,,,,0,0.6894144646298672
2006-02-09,sh.000016,862.0490,862.0490,848.7810,850.8020,862.5750,861723400,4117262935.0000,3,0.017987,1,-1.364868,,,,,0,-1.364866823174804
2006-02-10,sh.000016,850.9320,860.2960,848.4320,859.9700,850.8020,680595800,3560998015.0000,3,0.014134,1,1.077568,,,,,0,1.077571514876552
2006-02-13,sh.000016,862.4870,863.2090,852.5920,859.5980,859.9700,625776300,3342150585.0000,3,0.012996,1,-0.043251,,,,,0,-0.04325732292987938
2006-02-14,sh.000016,859.9740,863.0740,857.1580,862.6480,859.5980,473859600,2554083964.0000,3,0.009841,1,0.354816,,,,,0,0.3548170191182365
2006-02-15,sh.000016,865.2230,872.4140,864.7690,868.0210,862.6480,949085600,4782417174.0000,3,0.019710,1,0.622848,,,,,0,0.6228496443508647
2006-02-16,sh.000016,869.1290,869.1300,854.0800,856.0500,868.0210,914574300,4806376697.0000,3,0.018993,1,-1.379115,,,,,0,-1.3791140997740814
2006-02-17,sh.000016,855.7010,864.6230,853.1470,857.9940,856.0500,688340000,3773933054.0000,3,0.014295,1,0.227093,,,,,0,0.22708953916243946
2006-02-20,sh.000016,858.6520,865.6870,856.7600,857.9730,857.9940,570599900,3048679226.0000,3,0.011849,1,-0.002447,,,,,0,-0.00244756956343517
2006-02-21,sh.000016,857.6500,872.7390,854.3640,872.5650,857.9730,933467400,5034637283.0000,3,0.019385,1,1.700750,,,,,0,1.70075282089297
2006-02-22,sh.000016,873.3730,878.2250,868.1620,870.0970,872.5650,1002999600,5093874591.0000,3,0.020829,1,-0.282846,,,,,0,-0.28284425802089785
2006-02-23,sh.000016,870.5080,877.8950,866.7590,877.6540,870.0970,649082000,3543910038.0000,3,0.013479,1,0.868525,,,,,0,0.8685238542369467
2006-02-24,sh.000016,878.1060,883.0200,877.4000,882.7770,877.6540,647549800,3577469455.0000,3,0.013447,1,0.583714,,,,,0,0.5837152226276121
2006-02-27,sh.000016,893.2110,894.8290,886.8290,887.6160,882.7770,1098005500,6155730931.0000,3,0.022352,1,0.548162,,,,,0,0.5481565559591894
2006-02-28,sh.000016,886.7890,893.4930,874.6920,892.9040,887.6160,754223500,4271423456.0000,3,0.015353,1,0.595749,,,,,0,0.5957531184656473
2006-03-01,sh.000016,893.4900,897.1030,891.2130,895.6260,892.9040,728015100,3979255423.0000,3,0.014820,1,0.304846,,,,,0,0.3048480015768851
2006-03-02,sh.000016,890.6700,891.7650,873.2700,876.6210,895.6260,909894500,5175364042.0000,3,0.018468,1,-2.121980,,,,,0,-2.1219794869733577
2006-03-03,sh.000016,876.4330,880.8340,869.8400,880.3710,876.6210,841666900,4673736777.0000,3,0.017084,1,0.427779,,,,,0,0.42777893753400686
2006-03-06,sh.000016,880.1100,884.2140,876.6160,879.3300,880.3710,769250800,3694547996.0000,3,0.015614,1,-0.118240,,,,,0,-0.11824560327406974
2006-03-07,sh.000016,879.2890,879.3260,860.4510,861.8650,879.3300,737837200,3788534627.0000,3,0.014976,1,-1.986174,,,,,0,-1.9861712895045125
2006-03-08,sh.000016,860.1220,862.1040,852.2340,859.3200,861.8650,675409100,3483841758.0000,3,0.013709,1,-0.295288,,,,,0,-0.2952898655821934
2006-03-09,sh.000016,856.3080,859.9410,852.0860,853.3810,859.3200,451332000,2610167267.0000,3,0.009161,1,-0.691131,,,,,0,-0.6911278685472366
2006-03-10,sh.000016,853.9440,860.4910,853.4770,857.1430,853.3810,420112100,2456991366.0000,3,0.008527,1,0.440838,,,,,0,0.4408347502463883
2006-03-13,sh.000016,857.2080,864.9460,856.7430,863.6770,857.1430,404203400,2206738716.0000,3,0.008204,1,0.762299,,,,,0,0.762299872950023
2006-03-14,sh.000016,864.4480,866.0220,855.8170,860.8740,863.6770,427555900,2243194489.0000,3,0.008678,1,-0.324540,,,,,0,-0.32454262415231305
2006-03-15,sh.000016,860.7040,868.5820,859.8070,868.3240,860.8740,501933300,2754142141.0000,3,0.010180,1,0.865394,,,,,0,0.8653995822849758
2006-03-16,sh.000016,868.0680,869.1000,864.4970,865.7220,868.3240,521240500,2868193252.0000,3,0.010571,1,-0.299656,,,,,0,-0.29965773144586816
2006-03-17,sh.000016,865.2450,866.9430,859.3000,863.2670,865.7220,515616100,2692276892.0000,3,0.010457,1,-0.283573,,,,,0,-0.2835783311501805
2006-03-20,sh.000016,863.5580,875.5470,858.9600,875.1260,863.2670,583775400,3087384378.0000,3,0.011840,1,1.373729,,,,,0,1.373734893144296
2006-03-21,sh.000016,875.0160,881.2820,872.8920,875.2320,875.1260,619565000,3313542996.0000,3,0.012566,1,0.012115,,,,,0,0.012112541508302321
2006-03-22,sh.000016,875.0960,876.5170,869.6500,875.8230,875.2320,503065000,2633507561.0000,3,0.010203,1,0.067525,,,,,0,0.06752495338377962
2006-03-23,sh.000016,875.3380,875.9240,869.0750,875.1080,875.8230,652849200,3510599876.0000,3,0.013241,1,-0.081641,,,,,0,-0.08163749981446866
2006-03-24,sh.000016,874.7060,876.5200,867.9240,869.4390,875.1080,644229500,3399865450.0000,3,0.013066,1,-0.647800,,,,,0,-0.6478057565466155
2006-03-27,sh.000016,869.5370,872.5570,864.3920,872.5570,869.4390,592346100,3201640577.0000,3,0.012014,1,0.358620,,,,,0,0.3586220539911533
2006-03-28,sh.000016,872.7550,877.2920,871.3920,874.7730,872.5570,638420800,3370833936.0000,3,0.012948,1,0.253967,,,,,0,0.25396621653370755
2006-03-29,sh.000016,879.9180,891.0190,878.7480,885.2910,874.7730,1103253000,6064720683.0000,3,0.022326,1,1.202370,,,,,0,1.2023690717477553
2006-03-30,sh.000016,885.1500,889.3700,877.4130,877.7810,885.2910,728205400,4072285759.0000,3,0.014736,1,-0.848310,,,,,0,-0.8483086352397251
2006-03-31,sh.000016,876.2700,879.5520,873.5940,878.3660,877.7810,669675400,3547835669.0000,3,0.013474,1,0.066648,,,,,0,0.06664532497286935
2006-04-03,sh.000016,879.5440,891.5980,879.5440,891.5560,878.3660,780656800,4502396150.0000,3,0.015684,1,1.501652,,,,,0,1.5016519309718257
2006-04-04,sh.000016,892.4040,901.0400,890.9050,900.8400,891.5560,960805700,5563671014.0000,3,0.019303,1,1.041325,,,,,0,1.0413255028287605
2006-04-05,sh.000016,901.6750,908.0680,900.6660,906.3010,900.8400,956086600,5425445423.0000,3,0.019181,1,0.606212,,,,,0,0.6062119799298493
2006-04-06,sh.000016,907.1480,910.5360,900.3610,901.6470,906.3010,977617600,5743301137.0000,3,0.019613,1,-0.513522,,,,,0,-0.5135159290346136
2006-04-07,sh.000016,901.4850,903.1740,891.3890,897.3120,901.6470,900483600,4999448462.0000,3,0.018066,1,-0.480783,,,,,0,-0.48078682677367146
2006-04-10,sh.000016,898.0050,909.5280,896.1420,909.2810,897.3120,868073500,4927134557.0000,3,0.017415,1,1.333872,,,,,0,1.3338727220855162
2006-04-11,sh.000016,909.9150,916.2670,906.1490,912.3910,909.2810,1012604500,5893687469.0000,3,0.020315,1,0.342027,,,,,0,0.34202848184445855
2006-04-12,sh.000016,912.6800,914.1020,907.8130,908.9480,912.3910,786684600,4457305917.0000,3,0.015681,1,-0.377359,,,,,0,-0.37736014493785497
2006-04-13,sh.000016,908.2530,911.4660,891.5450,892.1330,908.9480,896707900,4850927375.0000,3,0.017874,1,-1.849941,,,,,0,-1.8499408106954385
2006-04-14,sh.000016,889.7570,910.8180,889.7570,910.6330,892.1330,1054715000,5442625885.0000,3,0.020844,1,2.073682,,,,,0,2.0736818389186285
2006-04-17,sh.000016,915.5350,924.9550,908.7050,921.2100,910.6330,1402948600,6715727435.0000,3,0.027102,1,1.161503,,,,,0,1.1614997479775013
2006-04-18,sh.000016,924.9270,931.9590,916.7620,927.4780,921.2100,1103404000,5443406881.0000,3,0.021315,1,0.680410,,,,,0,0.6804094614691447
2006-04-19,sh.000016,932.4690,937.0450,922.8060,930.8330,927.4780,1251428900,6707823946.0000,3,0.024105,1,0.361731,,,,,0,0.3617336475905564
2006-04-20,sh.000016,931.4440,934.4470,916.9370,922.0500,930.8330,1238121100,6873218790.0000,3,0.023849,1,-0.943565,,,,,0,-0.9435634533799364
2006-04-21,sh.000016,921.8650,942.2340,919.4580,939.8730,922.0500,1388164000,7633540106.0000,3,0.026920,1,1.932975,,,,,0,1.9329754351716355
2006-04-24,sh.000016,949.6750,955.8690,933.8530,940.9020,939.8730,1639260200,9304368197.0000,3,0.031502,1,0.109482,,,,,0,0.10948287694187986
2006-04-25,sh.000016,938.2430,938.3640,924.4540,931.3230,940.9020,1099197200,6619994212.0000,3,0.021124,1,-1.018063,,,,,0,-1.0180656433932622
2006-04-26,sh.000016,930.6830,950.2940,928.9150,948.2070,931.3230,1314202700,7867473307.0000,3,0.025256,1,1.812902,,,,,0,1.8129048675915804
2006-04-27,sh.000016,949.4930,953.3940,939.0520,943.3430,948.2070,925096400,5702847092.0000,3,0.017778,1,-0.512963,,,,,0,-0.5129681599060132
2006-04-28,sh.000016,939.5030,966.3210,934.0560,964.4460,943.3430,1480795100,9017330804.0000,3,0.028457,1,2.237041,,,,,0,2.237044214034567
2006-05-08,sh.000016,968.9190,996.9080,968.9190,996.2350,964.4460,1614747900,9918043325.0000,3,0.031031,1,3.296090,,,,,0,3.296089153773263
2006-05-09,sh.000016,999.1120,1019.6430,995.2600,1017.6190,996.2350,1843125300,11376939682.0000,3,0.035420,1,2.146485,,,,,0,2.146481502858255
2006-05-10,sh.000016,1021.3200,1029.4060,1008.4890,1022.9990,1017.6190,1572220100,10151346742.0000,3,0.030214,1,0.528686,,,,,0,0.5286850972711754
2006-05-11,sh.000016,1022.2450,1042.7810,1012.5590,1012.9000,1022.9990,1764740400,11459974960.0000,3,0.033914,1,-0.987195,,,,,0,-0.9871954909046909
2006-05-12,sh.000016,1015.3940,1051.1160,1012.2670,1050.9580,1012.9000,1802125300,12151384941.0000,3,0.034453,1,3.757329,,,,,0,3.7573304373580863
2006-05-15,sh.000016,1059.7730,1086.3480,1049.9380,1086.0010,1050.9580,2383300300,15458113934.0000,3,0.045564,1,3.334383,,,,,0,3.334386340843287
2006-05-16,sh.000016,1096.2410,1117.4310,1068.7230,1079.7050,1086.0010,2563467800,16589322535.0000,3,0.049009,1,-0.579744,,,,,0,-0.5797416392802623
2006-05-17,sh.000016,1079.3640,1097.2040,1058.7950,1080.9650,1079.7050,1746396900,12338564299.0000,3,0.033388,1,0.116699,,,,,0,0.11669854265747848
2006-05-18,sh.000016,1069.4420,1076.4260,1046.8900,1068.2020,1080.9650,1546964000,10453447637.0000,3,0.029575,1,-1.180699,,,,,0,-1.180704278121858
2006-05-19,sh.000016,1072.1640,1101.6220,1068.3740,1096.2060,1068.2020,2781155200,13425826138.0000,3,0.051255,1,2.621604,,,,,0,2.6216015322944486
2006-05-22,sh.000016,1096.4490,1107.6610,1089.4230,1095.5680,1096.2060,2367166200,13412106508.0000,3,0.043625,1,-0.058206,,,,,0,-0.05820073964198924
2006-05-23,sh.000016,1088.0750,1088.0750,1055.1630,1058.9910,1095.5680,2121343800,12036142963.0000,3,0.039043,1,-3.338636,,,,,0,-3.338633475968633
2006-05-24,sh.000016,1062.8890,1081.4280,1035.4550,1055.8090,1058.9910,1678894300,9675244165.0000,3,0.030900,1,-0.300475,,,,,0,-0.3004746971409622
2006-05-25,sh.000016,1056.5450,1060.8430,1034.2220,1050.6960,1055.8090,1144062000,7211718550.0000,3,0.021056,1,-0.484265,,,,,0,-0.4842731971407721
2006-05-26,sh.000016,1053.5830,1065.2840,1049.2850,1064.1280,1050.6960,1272654400,7349715821.0000,3,0.023423,1,1.278391,,,,,0,1.2783907048280474
2006-05-29,sh.000016,1069.8810,1090.5920,1063.2260,1090.5710,1064.1280,1419688400,8833215263.0000,3,0.026129,1,2.484945,,,,,0,2.4849454200998267
2006-05-30,sh.000016,1098.4570,1099.6620,1083.4690,1092.2510,1090.5710,1273744900,8207679108.0000,3,0.023443,1,0.154041,,,,,0,0.154047741962704
2006-05-31,sh.000016,1091.3890,1093.6750,1070.9000,1078.8630,1092.2510,1315424800,8189982665.0000,3,0.024210,1,-1.225720,,,,,0,-1.2257255887154095
2006-06-01,sh.000016,1076.7870,1107.1750,1073.4890,1106.2330,1078.8630,1657681000,9928417621.0000,3,0.030509,1,2.536930,,,,,0,2.536930082874278
2006-06-02,sh.000016,1110.1910,1113.9480,1090.7940,1097.5090,1106.2330,1886964800,11437028951.0000,3,0.034729,1,-0.788622,,,,,0,-0.7886222884329053
2006-06-05,sh.000016,1097.5310,1103.2400,1072.8530,1102.9040,1097.5090,1834625300,9573545034.0000,3,0.033684,1,0.491569,,,,,0,0.4915677229070603
2006-06-06,sh.000016,1101.5380,1114.2520,1093.7330,1100.5600,1102.9040,1533151700,8609846956.0000,3,0.027964,1,-0.212529,,,,,0,-0.21252983033881456
2006-06-07,sh.000016,1102.1510,1102.1510,1045.1730,1046.4220,1100.5600,1908125100,11873949666.0000,3,0.034764,1,-4.919137,,,,,0,-4.919132078214716
2006-06-08,sh.000016,1039.2310,1059.9940,1026.3170,1057.0830,1046.4220,1577591900,9878875559.0000,3,0.028742,1,1.018806,,,,,0,1.0188050327688103
2006-06-09,sh.000016,1053.3670,1058.5450,1030.5680,1031.4580,1057.0830,1175022800,7384799018.0000,3,0.021408,1,-2.424124,,,,,0,-2.4241237443038965
2006-06-12,sh.000016,1024.2720,1045.5200,1017.8440,1034.6810,1031.4580,879463100,5671505503.0000,3,0.016023,1,0.312472,,,,,0,0.3124703090188863
2006-06-13,sh.000016,1035.2340,1045.4410,1023.7910,1032.6180,1034.6810,801161200,5318851671.0000,3,0.014596,1,-0.199384,,,,,0,-0.19938512449731993
2006-06-14,sh.000016,1027.1890,1027.1890,1011.8950,1022.1200,1032.6180,771839400,4863324119.0000,3,0.014062,1,-1.016644,,,,,0,-1.016639260597818
2006-06-15,sh.000016,1022.5470,1033.8160,1018.8780,1021.9920,1022.1200,558316500,3586753499.0000,3,0.010172,1,-0.012522,,,,,0,-0.012522991429586572
2006-06-16,sh.000016,1025.4150,1047.4560,1025.4150,1047.3320,1021.9920,834429400,5120049713.0000,3,0.015203,1,2.479474,,,,,0,2.479471463573124
2006-06-19,sh.000016,1036.9680,1061.4830,1027.5580,1056.6360,1047.3320,908514300,5822339830.0000,3,0.016534,1,0.888348,,,,,0,0.8883524994939496
2006-06-20,sh.000016,1055.6650,1062.2280,1049.0100,1060.5420,1056.6360,861645100,5423193778.0000,3,0.015681,1,0.369664,,,,,0,0.36966372525637503
2006-06-21,sh.000016,1060.5390,1067.8650,1043.7390,1056.5010,1060.5420,1019657500,5867682523.0000,3,0.018557,1,-0.381033,,,,,0,-0.38103158573634666
2006-06-22,sh.000016,1054.2380,1066.2330,1051.9860,1057.2310,1056.5010,797381700,4903314916.0000,3,0.014482,1,0.069094,,,,,0,0.06909600653477455
2006-06-23,sh.000016,1056.2310,1064.1210,1048.3030,1061.4120,1057.2310,721334400,4432902576.0000,3,0.013101,1,0.395470,,,,,0,0.3954670266006266
2006-06-26,sh.000016,1063.0860,1084.3510,1063.0860,1083.0460,1061.4120,968094900,6120928133.0000,3,0.017583,1,2.038231,,,,,0,2.038228322272606
2006-06-27,sh.000016,1084.8260,1088.8370,1075.1710,1081.1310,1083.0460,721544600,4736363203.0000,3,0.013105,1,-0.176820,,,,,0,-0.17681612784682388
2006-06-28,sh.000016,1080.0120,1083.7730,1073.1850,1080.6080,1081.1310,683503700,4232683685.0000,3,0.012414,1,-0.048371,,,,,0,-0.048375266272093764
2006-06-29,sh.000016,1082.5100,1105.3440,1082.5100,1105.0480,1080.6080,1322524100,7474706836.0000,3,0.024020,1,2.261684,,,,,0,2.261689715419468
2006-06-30,sh.000016,1110.5660,1117.0540,1096.3490,1102.6960,1105.0480,1188447500,7237296673.0000,3,0.022382,1,-0.212835,,,,,0,-0.21284143313232695
2006-07-03,sh.000016,1108.0260,1125.7030,1104.7270,1125.3580,1102.6960,1415988100,8321917080.0000,3,0.024382,1,2.055144,,,,,0,2.0551448449980914
2006-07-04,sh.000016,1128.0790,1129.5430,1106.7450,1115.1690,1125.3580,1371545200,8845173851.0000,3,0.023617,1,-0.905408,,,,,0,-0.9054007702437694
2006-07-05,sh.000016,1114.5610,1114.5610,1082.7150,1092.8180,1115.1690,1099053200,6913378979.0000,3,0.018892,1,-2.004266,,,,,0,-2.004270204785119
2006-07-06,sh.000016,1091.4380,1110.1690,1090.2330,1109.8270,1092.8180,920777900,6083515934.0000,3,0.015828,1,1.556438,,,,,0,1.5564348317835153
2006-07-07,sh.000016,1112.1280,1114.6370,1094.9690,1099.0600,1109.8270,962321300,6491399952.0000,3,0.016542,1,-0.970148,,,,,0,-0.9701512037461724
2006-07-10,sh.000016,1098.7690,1101.3770,1089.3570,1098.8130,1099.0600,769187200,5238439178.0000,3,0.013222,1,-0.022480,,,,,0,-0.022473750295692874
2006-07-11,sh.000016,1100.4790,1102.7760,1092.6070,1101.8200,1098.8130,750669900,4715178596.0000,3,0.012904,1,0.273655,,,,,0,0.27365893923714246
2006-07-12,sh.000016,1102.7970,1106.6550,1096.6160,1100.5920,1101.8200,916466400,6121011934.0000,3,0.015754,1,-0.111443,,,,,0,-0.11145196130037949
2006-07-13,sh.000016,1098.4490,1099.2100,1049.5930,1051.9790,1100.5920,1443339200,8920160312.0000,3,0.024811,1,-4.416989,,,,,0,-4.41698649454112
2006-07-14,sh.000016,1043.7630,1067.3320,1038.4680,1059.2550,1051.9790,926028400,5710249614.0000,3,0.015918,1,0.691649,,,,,0,0.6916487876659216
2006-07-17,sh.000016,1057.2450,1068.5670,1051.0260,1067.5310,1059.2550,696672600,4569216711.0000,3,0.011976,1,0.781304,,,,,0,0.7813038409070439
2006-07-18,sh.000016,1067.4230,1067.4230,1056.8470,1064.7460,1067.5310,627694900,4041565807.0000,3,0.010885,1,-0.260885,,,,,0,-0.26088235376769964
2006-07-19,sh.000016,1063.1620,1063.5320,1036.4220,1040.5860,1064.7460,760051200,4598348068.0000,3,0.012435,1,-2.269078,,,,,0,-2.269085772569235
2006-07-20,sh.000016,1039.2330,1048.1700,1034.7390,1046.9870,1040.5860,547910600,3331287844.0000,3,0.008964,1,0.615134,,,,,0,0.6151341647879338
2006-07-21,sh.000016,1047.4470,1057.3050,1047.2360,1056.6270,1046.9870,620398900,3549269146.0000,3,0.010150,1,0.920727,,,,,0,0.9207373157450682
2006-07-24,sh.000016,1044.8650,1059.7180,1037.3420,1058.0710,1056.6270,620987600,3543813223.0000,3,0.010160,1,0.136670,,,,,0,0.13666128160647606
2006-07-25,sh.000016,1059.6680,1071.9390,1059.6680,1068.1060,1058.0710,684568600,4174907720.0000,3,0.011200,1,0.948416,,,,,0,0.9484240660598386
2006-07-26,sh.000016,1070.2610,1073.6350,1063.9680,1069.4440,1068.1060,601041400,3544923706.0000,3,0.009833,1,0.125270,,,,,0,0.1252684658638703
2006-07-27,sh.000016,1068.4180,1077.0850,1055.0660,1060.5850,1069.4440,810924000,4574258460.0000,3,0.013267,1,-0.828375,,,,,0,-0.8283743702334978
2006-07-28,sh.000016,1060.1070,1062.4830,1041.8350,1050.6390,1060.5850,645130100,4064748279.0000,3,0.010555,1,-0.937777,,,,,0,-0.9377843360032556
2006-07-31,sh.000016,1049.6950,1049.6950,1019.4630,1020.5410,1050.6390,740608800,4047594156.0000,3,0.012117,1,-2.864735,,,,,0,-2.864732795946068
2006-08-01,sh.000016,1018.6820,1025.6610,1009.3720,1011.1460,1020.5410,574745400,3103948030.0000,3,0.009357,1,-0.920592,,,,,0,-0.9205901575732978
2006-08-02,sh.000016,1011.1650,1016.6860,997.0150,1007.5960,1011.1460,647421900,3429300333.0000,3,0.010540,1,-0.351086,,,,,0,-0.3510867866757028
2006-08-03,sh.000016,1009.5020,1013.1290,999.3640,1008.1830,1007.5960,482082200,2769339954.0000,3,0.007845,1,0.058255,,,,,0,0.0582574762107102
2006-08-04,sh.000016,1009.3640,1015.1420,988.8630,990.8340,1008.1830,574700600,3301132047.0000,3,0.009353,1,-1.720819,,,,,0,-1.7208185418718713
2006-08-07,sh.000016,984.2610,992.2230,974.8440,978.0850,990.8340,557051100,2949024731.0000,3,0.009029,1,-1.286690,,,,,0,-1.286693835697994
2006-08-08,sh.000016,977.8420,995.0000,977.8420,994.5370,978.0850,532703900,3125615649.0000,3,0.008635,1,1.682059,,,,,0,1.6820623974398874
2006-08-09,sh.000016,996.4490,999.9230,990.2110,993.6580,994.5370,444528700,2546022969.0000,3,0.007205,1,-0.088380,,,,,0,-0.08838283542995651
2006-08-10,sh.000016,993.4590,1011.9240,993.3400,1011.6440,993.6580,743868500,3987617353.0000,3,0.012057,1,1.810076,,,,,0,1.8100795243433776
2006-08-11,sh.000016,1011.2650,1015.4050,1005.7240,1011.6390,1011.6440,524241300,3005085519.0000,3,0.008497,1,-0.000495,,,,,0,-0.0004942450110956287
2006-08-14,sh.000016,1011.9740,1016.7080,988.9880,992.4530,1011.6390,583606100,3386520134.0000,3,0.009568,1,-1.896524,,,,,0,-1.8965263300446122
2006-08-15,sh.000016,990.5420,1008.1830,989.5780,1007.7980,992.4530,509458800,3039344440.0000,3,0.007972,1,1.546166,,,,,0,1.5461689369672849
2006-08-16,sh.000016,1008.4730,1018.9070,1004.2810,1018.8940,1007.7980,768540800,4305356688.0000,3,0.012027,1,1.101015,,,,,0,1.1010142905621967
2006-08-17,sh.000016,1016.1840,1016.1840,1004.4060,1009.3110,1018.8940,514412700,2884826762.0000,3,0.007988,1,-0.940530,,,,,0,-0.940529633111975
2006-08-18,sh.000016,1010.7190,1018.2910,1006.0370,1008.0470,1009.3110,532581600,2809838868.0000,3,0.008270,1,-0.125232,,,,,0,-0.12523394672206978
2006-08-21,sh.000016,986.4540,1008.5600,982.8960,1008.3100,1008.0470,486239800,2746857297.0000,3,0.007550,1,0.026090,,,,,0,0.02609005334075487
2006-08-22,sh.000016,1008.1640,1023.6930,1008.0080,1018.5080,1008.3100,595672900,3800169600.0000,3,0.009250,1,1.011395,,,,,0,1.011395305015328
2006-08-23,sh.000016,1017.4640,1028.0860,1017.4640,1021.8730,1018.5080,693273400,4478493542.0000,3,0.010765,1,0.330384,,,,,0,0.3303852301602017
2006-08-24,sh.000016,1021.9290,1028.5450,1014.1700,1028.2430,1021.8730,526704200,3263356948.0000,3,0.008179,1,0.623371,,,,,0,0.6233651344149216
2006-08-25,sh.000016,1029.7220,1033.8220,1027.0340,1028.2870,1028.2430,597156900,3479303025.0000,3,0.009273,1,0.004274,,,,,0,0.004279144132279811
2006-08-28,sh.000016,1030.9800,1049.3460,1030.8180,1048.8530,1028.2870,855266600,5371407107.0000,3,0.013281,1,2.000029,,,,,0,2.000025284769724
2006-08-29,sh.000016,1050.3100,1060.6100,1048.1610,1049.6400,1048.8530,1004711200,6339720235.0000,3,0.015601,1,0.075033,,,,,0,0.07503434704387857
2006-08-30,sh.000016,1047.5610,1051.7340,1041.4240,1048.7760,1049.6400,577480700,3569476012.0000,3,0.009030,1,-0.082315,,,,,0,-0.08231393620670158
2006-08-31,sh.000016,1049.1180,1053.5170,1044.4620,1048.5770,1048.7760,683195100,4060649920.0000,3,0.010651,1,-0.018972,,,,,0,-0.018974499797863587
2006-09-01,sh.000016,1047.8120,1049.6930,1032.7150,1033.7390,1048.5770,792554900,4542776394.0000,3,0.012355,1,-1.415062,,,,,0,-1.4150606011766431
2006-09-04,sh.000016,1032.6360,1046.3220,1032.5320,1046.1410,1033.7390,612497400,3369344271.0000,3,0.009548,1,1.199720,,,,,0,1.1997225605302697
2006-09-05,sh.000016,1048.0620,1056.8070,1045.3780,1052.1660,1046.1410,907996500,5180219167.0000,3,0.014155,1,0.575928,,,,,0,0.5759261896818746
2006-09-06,sh.000016,1052.9130,1057.1410,1047.3230,1056.2640,1052.1660,687736500,3546987975.0000,3,0.010721,1,0.389484,,,,,0,0.38948226800714636
2006-09-07,sh.000016,1059.1210,1059.1470,1041.6810,1045.1540,1056.2640,815238600,4687540199.0000,3,0.012709,1,-1.051819,,,,,0,-1.0518203782387658
2006-09-08,sh.000016,1045.1480,1051.1800,1042.4710,1050.8000,1045.1540,592079700,3459139748.0000,3,0.009230,1,0.540207,,,,,0,0.5402074718175554
2006-09-11,sh.000016,1051.7510,1058.0020,1045.1800,1057.8530,1050.8000,762507400,4381018133.0000,3,0.011887,1,0.671201,,,,,0,0.6712028930338843
2006-09-12,sh.000016,1058.3130,1070.0180,1056.9600,1066.8230,1057.8530,1265850000,6607902648.0000,3,0.019734,1,0.847941,,,,,0,0.8479439014683621
2006-09-13,sh.000016,1068.4170,1084.2080,1067.7850,1069.0110,1066.8230,1664913500,8792777924.0000,3,0.025955,1,0.205094,,,,,0,0.20509494077272095
2006-09-14,sh.000016,1071.1340,1077.8720,1060.1690,1070.1080,1069.0110,942533600,5621452561.0000,3,0.014693,1,0.102623,,,,,0,0.10261821440564756
2006-09-15,sh.000016,1070.3920,1094.8160,1070.3920,1094.1490,1070.1080,2012093700,9960018815.0000,3,0.031367,1,2.246597,,,,,0,2.246595670717344
2006-09-18,sh.000016,1098.6120,1102.6740,1091.9860,1096.4660,1094.1490,1365472400,7596149850.0000,3,0.021287,1,0.211753,,,,,0,0.21176274894918468
2006-09-19,sh.000016,1098.3070,1108.7230,1095.4830,1101.9560,1096.4660,959809700,5693571082.0000,3,0.014963,1,0.500710,,,,,0,0.5006995200945497
2006-09-20,sh.000016,1100.2700,1101.8260,1090.4460,1098.9290,1101.9560,872558900,4995286815.0000,3,0.013563,1,-0.274702,,,,,0,-0.2746933634373616
2006-09-21,sh.000016,1098.7660,1109.9200,1098.7660,1106.8730,1098.9290,1016696000,5947101997.0000,3,0.015803,1,0.722894,,,,,0,0.7228856459334354
2006-09-22,sh.000016,1110.3270,1116.2560,1093.3920,1094.1790,1106.8730,1149407900,7279262708.0000,3,0.017866,1,-1.146843,,,,,0,-1.1468343703387784
2006-09-25,sh.000016,1092.4070,1099.4490,1082.4720,1091.7170,1094.1790,963493200,5970127514.0000,3,0.014976,1,-0.225001,,,,,0,-0.22500888794246832
2006-09-26,sh.000016,1090.8470,1091.4650,1072.3220,1077.3020,1091.7170,730508400,4217116388.0000,3,0.011355,1,-1.320401,,,,,0,-1.3203971358877964
2006-09-27,sh.000016,1076.4930,1089.4760,1076.1900,1088.7490,1077.3020,583120900,3423294006.0000,3,0.009064,1,1.062564,,,,,0,1.062561844311083
2006-09-28,sh.000016,1089.6210,1102.6150,1085.7620,1101.9720,1088.7490,791643200,4727446275.0000,3,0.012305,1,1.214515,,,,,0,1.2145131706205792
2006-09-29,sh.000016,1103.5200,1117.5740,1103.4220,1115.7180,1101.9720,991639900,6031801314.0000,3,0.015414,1,1.247398,,,,,0,1.2474001154294312
2006-10-09,sh.000016,1134.4020,1151.7060,1131.3520,1151.4330,1115.7180,1842281000,9920940060.0000,3,0.028251,1,3.201075,,,,,0,3.2010776916747696
2006-10-10,sh.000016,1152.1480,1160.6190,1144.9920,1152.2380,1151.4330,1593510700,9404478053.0000,3,0.024146,1,0.069918,,,,,0,0.06991288246906979
2006-10-11,sh.000016,1151.9480,1155.9130,1139.8610,1152.4140,1152.2380,1291316700,6913561640.0000,3,0.019567,1,0.015266,,,,,0,0.01527462208328334
2006-10-12,sh.000016,1153.0300,1158.8550,1144.2290,1147.2290,1152.4140,1430443200,7467843055.0000,3,0.021675,1,-0.449920,,,,,0,-0.4499251137178084
2006-10-13,sh.000016,1145.8280,1155.6850,1142.3740,1149.5790,1147.2290,1138397600,6220404487.0000,3,0.017249,1,0.204839,,,,,0,0.2048414048110736
2006-10-16,sh.000016,1150.8300,1152.5410,1133.1080,1135.4830,1149.5790,1014304600,5791241049.0000,3,0.015369,1,-1.226184,,,,,0,-1.2261880218758403
2006-10-17,sh.000016,1132.2350,1138.4800,1122.2170,1125.4420,1135.4830,817217400,4704951983.0000,3,0.012383,1,-0.884295,,,,,0,-0.8842932919295055
2006-10-18,sh.000016,1124.7250,1147.1510,1124.1590,1146.9260,1125.4420,836466500,4914580824.0000,3,0.012674,1,1.908940,,,,,0,1.9089388880102254
2006-10-19,sh.000016,1148.7140,1154.7950,1144.3470,1148.4050,1146.9260,827863900,4658461755.0000,3,0.012544,1,0.128954,,,,,0,0.12895339368015346
2006-10-20,sh.000016,1149.9260,1161.2980,1149.0970,1152.3130,1148.4050,912923200,5437710380.0000,3,0.013833,1,0.340294,,,,,0,0.3402980655779153
2006-10-23,sh.000016,1151.3900,1157.9520,1130.2100,1132.6860,1152.3130,1068274400,5977921770.0000,3,0.016187,1,-1.703266,,,,,0,-1.7032698581028072
2006-10-24,sh.000016,1132.1260,1159.4230,1132.1260,1159.1330,1132.6860,1035017400,6006091318.0000,3,0.015683,1,2.334894,,,,,0,2.3348924591634512
2006-10-25,sh.000016,1161.2760,1180.4780,1157.3430,1166.2480,1159.1330,1368301100,8494298595.0000,3,0.020733,1,0.613820,,,,,0,0.6138208471331508
2006-10-26,sh.000016,1166.1760,1178.6310,1157.2950,1178.0770,1166.2480,2154165100,10144448579.0000,3,0.030578,1,1.014277,,,,,0,1.0142782667151407
2006-10-27,sh.000016,1178.0770,1181.0610,1160.3400,1164.5740,1178.0770,1921926300,9698182200.0000,3,0.027281,1,-1.146194,,,,,0,-1.1461899349533122
2006-10-30,sh.000016,1163.1840,1176.7640,1160.2420,1175.7960,1164.5740,1530236800,7896198741.0000,3,0.021721,1,0.963618,,,,,0,0.9636141627753947
2006-10-31,sh.000016,1177.9830,1194.1730,1177.9830,1193.8430,1175.7960,1647336400,8704378416.0000,3,0.023384,1,1.534875,,,,,0,1.534875097380839
2006-11-01,sh.000016,1194.6360,1211.8120,1191.8780,1211.5530,1193.8430,1724548900,9556925816.0000,3,0.024323,1,1.483441,,,,,0,1.4834446405431967
2006-11-02,sh.000016,1213.1780,1214.1350,1197.2620,1208.2720,1211.5530,1905245800,10698162331.0000,3,0.026871,1,-0.270810,,,,,0,-0.2708094486993273
2006-11-03,sh.000016,1211.4460,1227.7830,1209.2550,1219.0030,1208.2720,1867977500,10229462551.0000,3,0.026346,1,0.888134,,,,,0,0.888127838764774
2006-11-06,sh.000016,1210.0560,1245.9870,1205.5820,1245.6940,1219.0030,1886549600,10749400185.0000,3,0.026608,1,2.189569,,,,,0,2.18957623566145
2006-11-07,sh.000016,1252.0170,1259.2900,1235.4540,1258.6460,1245.6940,1809159500,11211118972.0000,3,0.025516,1,1.039744,,,,,0,1.0397417022157907
2006-11-08,sh.000016,1253.4740,1255.4040,1240.3100,1241.4440,1258.6460,1251313600,8018777551.0000,3,0.017648,1,-1.366709,,,,,0,-1.366706762664005
2006-11-09,sh.000016,1234.5620,1273.2600,1232.7840,1268.3320,1241.4440,1642688000,9763380906.0000,3,0.023392,1,2.165870,,,,,0,2.1658649121506945
2006-11-10,sh.000016,1267.1420,1293.3510,1251.9020,1262.5290,1268.3320,3101492300,17107264097.0000,3,0.040251,1,-0.457528,,,,,0,-0.457530047337773
2006-11-13,sh.000016,1259.1000,1274.9330,1237.2640,1245.8280,1262.5290,2153303200,12002878912.0000,3,0.027945,1,-1.322825,,,,,0,-1.3228210995549383
2006-11-14,sh.000016,1246.4490,1263.7340,1227.6240,1262.1580,1245.8280,1888293500,10304827963.0000,3,0.024506,1,1.310771,,,,,0,1.3107748421130383
2006-11-15,sh.000016,1263.3490,1293.7990,1255.3310,1293.2530,1262.1580,2086352700,12155338392.0000,3,0.027077,1,2.463645,,,,,0,2.463637674522534
2006-11-16,sh.000016,1298.6290,1322.0960,1296.4080,1299.1160,1293.2530,3491558600,18194798393.0000,3,0.045218,1,0.453346,,,,,0,0.4533529015591009
2006-11-17,sh.000016,1292.5090,1321.9600,1286.7150,1321.0110,1299.1160,2281189600,12610246001.0000,3,0.029543,1,1.685378,,,,,0,1.6853768254720958
2006-11-20,sh.000016,1327.1230,1362.8360,1327.1230,1362.4510,1321.0110,2849501600,15624513831.0000,3,0.036903,1,3.136996,,,,,0,3.136991289247404
2006-11-21,sh.000016,1359.3570,1376.8810,1338.9660,1376.6320,1362.4510,2358553900,14530692746.0000,3,0.030545,1,1.040838,,,,,0,1.0408447716651947
2006-11-22,sh.000016,1372.6810,1400.7710,1362.2360,1382.2350,1376.6320,2867467300,17962053136.0000,3,0.036913,1,0.407010,,,,,0,0.40700782780001
2006-11-23,sh.000016,1382.9150,1403.8710,1380.6870,1395.6780,1382.2350,2654549800,14740346376.0000,3,0.034172,1,0.972555,,,,,0,0.972555318017565
2006-11-24,sh.000016,1387.9910,1390.4900,1369.7800,1385.9390,1395.6780,2393161100,13830399384.0000,3,0.030807,1,-0.697798,,,,,0,-0.6977970563410762
2006-11-27,sh.000016,1378.4760,1387.2120,1366.2560,1381.3250,1385.9390,2118674800,13171470879.0000,3,0.027274,1,-0.332916,,,,,0,-0.3329150850073459
2006-11-28,sh.000016,1378.6530,1385.9570,1354.0980,1367.5150,1381.3250,1935836700,11699132923.0000,3,0.024920,1,-0.999760,,,,,0,-0.9997647186578029
2006-11-29,sh.000016,1343.0190,1389.0520,1333.1400,1382.7170,1367.5150,1894034900,11801524804.0000,3,0.024382,1,1.111653,,,,,0,1.1116514261269472
2006-11-30,sh.000016,1386.6930,1425.7940,1386.6930,1425.2110,1382.7170,2426322000,15506470602.0000,3,0.031234,1,3.073226,,,,,0,3.073224672872321
2006-12-01,sh.000016,1427.7540,1440.2990,1420.6040,1430.3630,1425.2110,2142347200,14811943390.0000,3,0.027578,1,0.361489,,,,,0,0.3614903337120001
2006-12-04,sh.000016,1431.0390,1486.9990,1431.0390,1486.5310,1430.3630,3249494800,20161314213.0000,3,0.041831,1,3.926833,,,,,0,3.9268353557803115
2006-12-05,sh.000016,1490.8470,1517.2560,1488.7260,1500.4750,1486.5310,2779066700,18244932275.0000,3,0.035775,1,0.938021,,,,,0,0.9380228195712048
2006-12-06,sh.000016,1500.5620,1521.4400,1445.7530,1498.3120,1500.4750,3585558800,21830683630.0000,3,0.046060,1,-0.144152,,,,,0,-0.14415435112214992
2006-12-07,sh.000016,1496.7410,1552.4440,1495.6620,1507.8570,1498.3120,3837759100,23230085232.0000,3,0.049299,1,0.637053,,,,,0,0.6370502271890066
2006-12-08,sh.000016,1486.7110,1511.7460,1451.8440,1453.9180,1507.8570,3245343400,19137982215.0000,3,0.041689,1,-3.577201,,,,,0,-3.5771959807859854
2006-12-11,sh.000016,1447.2550,1525.8710,1447.2550,1524.9650,1453.9180,2607922500,15422615686.0000,3,0.033493,1,4.886589,,,,,0,4.886589202417202
2006-12-12,sh.000016,1533.9730,1560.2340,1517.3800,1544.9080,1524.9650,3137640200,18960215696.0000,3,0.040296,1,1.307767,,,,,0,1.3077677192591342
2006-12-13,sh.000016,1548.2200,1558.4260,1523.0700,1544.1580,1544.9080,2446161000,15806542536.0000,3,0.031415,1,-0.048547,,,,,0,-0.048546580119979144
2006-12-14,sh.000016,1547.6020,1574.1490,1544.9130,1573.4780,1544.1580,1984482500,13799080868.0000,3,0.025486,1,1.898774,,,,,0,1.898769426444713
2006-12-15,sh.000016,1578.7960,1599.0810,1566.0070,1597.1160,1573.4780,1876137400,13679558350.0000,3,0.024095,1,1.502273,,,,,0,1.5022771211291142
2006-12-18,sh.000016,1602.5930,1638.2410,1602.5930,1637.1420,1597.1160,2690245400,18712147944.0000,3,0.034550,1,2.506142,,,,,0,2.5061423215345657
2006-12-19,sh.000016,1645.4100,1666.2140,1613.9830,1643.1410,1637.1420,3147650600,21305058669.0000,3,0.040424,1,0.366433,,,,,0,0.3664312564212624
2006-12-20,sh.000016,1632.6630,1649.3460,1611.1970,1643.9710,1643.1410,2211244300,15022735933.0000,3,0.028391,1,0.050510,,,,,0,0.05051301136056452
2006-12-21,sh.000016,1643.9090,1654.1180,1618.6140,1620.2410,1643.9710,2420829500,16702974318.0000,3,0.031082,1,-1.443455,,,,,0,-1.4434561193597761
2006-12-22,sh.000016,1610.8280,1634.9460,1602.4020,1614.2380,1620.2410,1918215000,14307393720.0000,3,0.024628,1,-0.370496,,,,,0,-0.37050043789781384
2006-12-25,sh.000016,1619.5690,1683.4440,1619.5690,1665.1590,1614.2380,2855232500,20033829614.0000,3,0.036659,1,3.154493,,,,,0,3.1544914690398773
2006-12-26,sh.000016,1666.0730,1692.8290,1650.7960,1673.8800,1665.1590,2966404400,18984144583.0000,3,0.038086,1,0.523731,,,,,0,0.5237337695679578
2006-12-27,sh.000016,1678.0190,1726.5820,1676.4740,1726.4330,1673.8800,3040042700,19528071651.0000,3,0.039002,1,3.139591,,,,,0,3.1395918464883987
2006-12-28,sh.000016,1730.7970,1773.3210,1723.5350,1737.1610,1726.4330,3375844600,23041981684.0000,3,0.043310,1,0.621398,,,,,0,0.6213968338186326
2006-12-29,sh.000016,1751.4050,1819.0350,1751.4050,1805.3140,1737.1610,3968634500,28775585239.0000,3,0.053341,1,3.923238,,,,,0,3.9232402753688334
2007-01-04,sh.000016,1842.6330,1924.9220,1821.4760,1836.1360,1805.3140,5477866300,42475425830.0000,3,0.072427,1,1.707294,,,,,0,1.7072930249252938
2007-01-05,sh.000016,1814.7020,1844.2280,1791.6380,1815.1200,1836.1360,4584554400,33274113492.0000,3,0.059922,1,-1.144577,,,,,0,-1.1445775258477675
2007-01-08,sh.000016,1813.6190,1862.8390,1804.4090,1856.6160,1815.1200,3705397400,28444112060.0000,3,0.048431,1,2.286128,,,,,0,2.286129842655038
2007-01-09,sh.000016,1858.0930,1933.3210,1852.4690,1932.2770,1856.6160,3564845900,28364687397.0000,3,0.046594,1,4.075211,,,,,0,4.07520995186943
2007-01-10,sh.000016,1945.2960,1964.3470,1915.8090,1963.6330,1932.2770,3481026700,28485628332.0000,3,0.045498,1,1.622753,,,,,0,1.6227487052839829
2007-01-11,sh.000016,1964.6520,1977.8790,1922.3230,1927.2190,1963.6330,3126178600,26144990535.0000,3,0.040860,1,-1.854423,,,,,0,-1.8544198432191794
2007-01-12,sh.000016,1911.5080,1941.5070,1861.5530,1876.1430,1927.2190,2907315300,23832066139.0000,3,0.038000,1,-2.650246,,,,,0,-2.6502436931142737
2007-01-15,sh.000016,1872.0780,1963.8450,1872.0780,1963.1630,1876.1430,2650460700,22186985316.0000,3,0.034642,1,4.638240,,,,,0,4.638239196052751
2007-01-16,sh.000016,1989.2220,2005.5110,1950.0240,1992.0960,1963.1630,3105324300,26997689491.0000,3,0.040588,1,1.473794,,,,,0,1.4737950949564649
2007-01-17,sh.000016,1997.8070,2033.9230,1927.1200,1955.7420,1992.0960,3281286700,29260824517.0000,3,0.042888,1,-1.824912,,,,,0,-1.8249120524312157
2007-01-18,sh.000016,1942.9880,1964.5520,1884.3880,1936.9210,1955.7420,3085115100,26842802349.0000,3,0.040324,1,-0.962342,,,,,0,-0.9623457490814169
2007-01-19,sh.000016,1937.0380,1997.1550,1937.0380,1995.5320,1936.9210,2911839900,26004575383.0000,3,0.038059,1,3.025986,,,,,0,3.0259881533629907
2007-01-22,sh.000016,2020.0000,2076.6910,2020.0000,2075.5370,1995.5320,3629792700,31017599503.0000,3,0.047753,1,4.009213,,,,,0,4.009206567471724
2007-01-23,sh.000016,2095.2210,2113.3970,2025.8270,2105.9900,2075.5370,4266021400,39411490807.0000,3,0.055683,1,1.467229,,,,,0,1.4672347445504386
2007-01-24,sh.000016,2111.7080,2170.3330,2106.1410,2145.6940,2105.9900,3585993700,35259504342.0000,3,0.046757,1,1.885294,,,,,0,1.8852891039368824
2007-01-25,sh.000016,2124.1670,2160.8870,2088.9310,2098.1810,2145.6940,3272307400,32276271554.0000,3,0.042667,1,-2.214350,,,,,0,-2.2143418399827697
2007-01-26,sh.000016,2066.5150,2176.3470,2026.1140,2164.5140,2098.1810,3247158200,30693694325.0000,3,0.042339,1,3.161453,,,,,0,3.161452705939105
2007-01-29,sh.000016,2181.8720,2238.4330,2175.8450,2222.4140,2164.5140,3752230100,34670456048.0000,3,0.047470,1,2.674972,,,,,0,2.674965373289351
2007-01-30,sh.000016,2232.2040,2251.5670,2176.9990,2197.1930,2222.4140,3465440400,31350825208.0000,3,0.043842,1,-1.134845,,,,,0,-1.1348470626984852
2007-01-31,sh.000016,2186.4160,2193.8300,2034.3550,2052.9050,2197.1930,3648846000,31271164758.0000,3,0.046156,1,-6.566927,,,,,0,-6.566924252899042
2007-02-01,sh.000016,2021.4420,2064.6110,1981.5580,2051.6620,2052.9050,2700041200,23725516560.0000,3,0.033959,1,-0.060544,,,,,0,-0.06054834490638594
2007-02-02,sh.000016,2052.9530,2057.1620,1945.0980,1954.9660,2051.6620,2541257700,22792346857.0000,3,0.031962,1,-4.713065,,,,,0,-4.713057024012723
2007-02-05,sh.000016,1943.0560,1956.7880,1899.6820,1906.0300,1954.9660,2024525000,17918375804.0000,3,0.025463,1,-2.503160,,,,,0,-2.5031637378859717
2007-02-06,sh.000016,1901.5760,1955.7080,1824.5990,1954.1550,1906.0300,3306200500,29123076555.0000,3,0.041582,1,2.524881,,,,,0,2.5248815601013552
2007-02-07,sh.000016,1964.2550,2029.9920,1964.2550,2001.3730,1954.1550,3196791700,30187390134.0000,3,0.040206,1,2.416288,,,,,0,2.4162873467048485
2007-02-08,sh.000016,2006.7520,2031.5360,1980.3170,2023.1780,2001.3730,2253814400,21169477514.0000,3,0.028346,1,1.089499,,,,,0,1.0895020568379765
2007-02-09,sh.000016,2024.9020,2027.8540,1987.0080,2003.3240,2023.1780,2140754600,19956851416.0000,3,0.026924,1,-0.981328,,,,,0,-0.9813273967985037
2007-02-12,sh.000016,2004.2160,2083.1110,2001.3420,2082.4020,2003.3240,2180922000,20789295546.0000,3,0.027427,1,3.947346,,,,,0,3.94733952171491
2007-02-13,sh.000016,2091.3030,2114.5130,2081.3300,2108.6260,2082.4020,1972803200,18559698072.0000,3,0.024803,1,1.259309,,,,,0,1.2593149641615842
2007-02-14,sh.000016,2112.6770,2181.8400,2105.5920,2174.0020,2108.6260,2446306400,23306229927.0000,3,0.030756,1,3.100407,,,,,0,3.1004075639776696
2007-02-15,sh.000016,2192.8960,2236.8250,2192.8960,2235.4470,2174.0020,2713651800,25557776642.0000,3,0.034117,1,2.826358,,,,,0,2.8263543455801843
2007-02-16,sh.000016,2255.5760,2266.4260,2217.7940,2232.9780,2235.4470,2896536000,26447385979.0000,3,0.036566,1,-0.110447,,,,,0,-0.11044770911590174
2007-02-26,sh.000016,2225.8690,2248.3800,2197.3680,2242.7640,2232.9780,3142746800,29513545400.0000,3,0.039450,1,0.438244,,,,,0,0.4382488318290578
2007-02-27,sh.000016,2251.2040,2253.4740,2027.7490,2030.3570,2242.7640,4061446500,37912949319.0000,3,0.050982,1,-9.470763,,,,,0,-9.470769104551358
2007-02-28,sh.000016,1996.5640,2104.5760,1996.5640,2096.2260,2030.3570,3108744000,28479196013.0000,3,0.039023,1,3.244209,,,,,0,3.244207792028697
2007-03-01,sh.000016,2097.1030,2097.1030,2009.5300,2039.6780,2096.2260,2830149400,26719127992.0000,3,0.035520,1,-2.697614,,,,,0,-2.697609895116271
2007-03-02,sh.000016,2033.8990,2082.0490,2022.8550,2069.0740,2039.6780,2146501000,19900444332.0000,3,0.026907,1,1.441208,,,,,0,1.4412078769295844
2007-03-05,sh.000016,2062.0320,2088.4690,1978.5700,2019.7270,2069.0740,2559609400,22921298951.0000,3,0.032079,1,-2.384976,,,,,0,-2.3849799475514133
2007-03-06,sh.000016,2015.6890,2100.9980,2004.3820,2076.8710,2019.7270,2166508400,20740075298.0000,3,0.027152,1,2.829295,,,,,0,2.829293265872068
2007-03-07,sh.000016,2086.6240,2143.5920,2084.0290,2129.4800,2076.8710,2323343300,21999929725.0000,3,0.029118,1,2.533084,,,,,0,2.5330894407981974
2007-03-08,sh.000016,2134.7590,2150.9480,2105.6610,2150.1530,2129.4800,1828594900,17736812920.0000,3,0.022917,1,0.970805,,,,,0,0.9708003831921275
2007-03-09,sh.000016,2154.5080,2171.8400,2125.5590,2144.2180,2150.1530,2861351000,25843456225.0000,3,0.035860,1,-0.276030,,,,,0,-0.2760268687856171
2007-03-12,sh.000016,2146.9790,2148.2920,2105.8450,2140.5280,2144.2180,2293043900,21590513668.0000,3,0.028738,1,-0.172088,,,,,0,-0.17209071092585404
2007-03-13,sh.000016,2145.1780,2152.0010,2125.9630,2149.9720,2140.5280,2213055600,20733398728.0000,3,0.027735,1,0.441192,,,,,0,0.4411995545024583
2007-03-14,sh.000016,2119.8680,2123.0120,2074.5010,2100.5600,2149.9720,2314319200,22274593263.0000,3,0.029075,1,-2.298256,,,,,0,-2.2982624889998693
2007-03-15,sh.000016,2098.6380,2138.9190,2098.6380,2138.0500,2100.5600,2105707000,21355668639.0000,3,0.026253,1,1.784762,,,,,0,1.7847621586624562
2007-03-16,sh.000016,2145.9190,2154.7340,2085.3630,2107.6270,2138.0500,2780355200,28749842355.0000,3,0.034654,1,-1.422937,,,,,0,-1.4229321110357684
2007-03-19,sh.000016,2060.7650,2195.2760,2054.9260,2176.1520,2107.6270,3414070300,33494751703.0000,3,0.042552,1,3.251294,,,,,0,3.251286873815906
2007-03-20,sh.000016,2184.3130,2187.2340,2152.9630,2175.1310,2176.1520,2217974000,22572195945.0000,3,0.027644,1,-0.046918,,,,,0,-0.046917678544522445
2007-03-21,sh.000016,2182.4510,2204.0700,2170.9310,2192.9310,2175.1310,2139605100,23331086712.0000,3,0.026668,1,0.818333,,,,,0,0.8183415159822571
2007-03-22,sh.000016,2212.1550,2228.3160,2199.7790,2208.4700,2192.9310,3188893600,32133778915.0000,3,0.039746,1,0.708598,,,,,0,0.7085950264736907
2007-03-23,sh.000016,2206.5430,2220.3670,2151.8790,2200.0420,2208.4700,2809587200,27560983540.0000,3,0.035018,1,-0.381621,,,,,0,-0.3816216656780447
2007-03-26,sh.000016,2204.7690,2230.8330,2188.9160,2230.0040,2200.0420,2862444100,28132724955.0000,3,0.035677,1,1.361879,,,,,0,1.3618830913227908
2007-03-27,sh.000016,2234.6260,2244.2100,2216.7990,2237.2200,2230.0040,3013627900,30135059509.0000,3,0.037561,1,0.323590,,,,,0,0.32358686352131905
2007-03-28,sh.000016,2240.2390,2280.5720,2184.4000,2277.9650,2237.2200,5185636800,49291846978.0000,3,0.064480,1,1.821239,,,,,0,1.8212334951413167
2007-03-29,sh.000016,2285.0210,2351.3480,2281.2470,2301.4830,2277.9650,5807905200,59017950052.0000,3,0.072079,1,1.032405,,,,,0,1.0324127016877016
2007-03-30,sh.000016,2287.7100,2313.4830,2274.7150,2288.2630,2301.4830,2842434200,29101347609.0000,3,0.034967,1,-0.574411,,,,,0,-0.574412237674593
2007-04-02,sh.000016,2299.4930,2343.1990,2299.4930,2342.5250,2288.2630,3041266000,32137389232.0000,3,0.037344,1,2.371317,,,,,0,2.371318331852601
2007-04-03,sh.000016,2352.3840,2367.7090,2337.7700,2362.9820,2342.5250,3084551400,32589455793.0000,3,0.037875,1,0.873290,,,,,0,0.8732884387573137
2007-04-04,sh.000016,2367.9240,2386.1490,2350.8570,2372.6570,2362.9820,2967453300,33114753983.0000,3,0.036036,1,0.409442,,,,,0,0.4094402750423054
2007-04-05,sh.000016,2367.4240,2398.4720,2352.9220,2392.6400,2372.6570,2883958600,31925758292.0000,3,0.035022,1,0.842217,,,,,0,0.8422203462194355
2007-04-06,sh.000016,2369.8920,2399.8290,2361.3650,2390.6420,2392.6400,2940040200,33129721600.0000,3,0.035703,1,-0.083498,,,,,0,-0.08350608532834425
2007-04-09,sh.000016,2398.8560,2443.1000,2398.8560,2442.9260,2390.6420,3472781600,38381324022.0000,3,0.042172,1,2.187025,,,,,0,2.187027585058754
2007-04-10,sh.000016,2459.4110,2479.2000,2419.8400,2473.7580,2442.9260,4250166500,47928733197.0000,3,0.051425,1,1.262094,,,,,0,1.2620930801833463
2007-04-11,sh.000016,2486.9740,2514.0230,2464.2120,2508.4720,2473.7580,4193280800,48095031407.0000,3,0.050737,1,1.403285,,,,,0,1.4032900550498661
2007-04-12,sh.000016,2513.8460,2540.5430,2502.1850,2535.0980,2508.4720,3372634900,41302454285.0000,3,0.040808,1,1.061442,,,,,0,1.061442982022509
2007-04-13,sh.000016,2538.4030,2551.0610,2507.5840,2517.7890,2535.0980,3749205200,45612466110.0000,3,0.045364,1,-0.682768,,,,,0,-0.6827743937315112
2007-04-16,sh.000016,2519.6570,2586.8010,2519.3280,2585.3430,2517.7890,3318663700,40349250785.0000,3,0.039947,1,2.683067,,,,,0,2.6830683587862003
2007-04-17,sh.000016,2595.0510,2603.7040,2504.1010,2577.0150,2585.3430,3557334600,42905482347.0000,3,0.042820,1,-0.322128,,,,,0,-0.32212360216806735
2007-04-18,sh.000016,2578.8480,2578.8480,2530.4060,2558.5190,2577.0150,3765766600,44092798173.0000,3,0.045329,1,-0.717724,,,,,0,-0.7177296212866446
2007-04-19,sh.000016,2555.0770,2558.7940,2380.3200,2452.5470,2558.5190,4505819300,51958377329.0000,3,0.052886,1,-4.141924,,,,,0,-4.141927419729918
2007-04-20,sh.000016,2465.7410,2553.5280,2465.7410,2547.5010,2452.5470,3542902400,42079468478.0000,3,0.041554,1,3.871642,,,,,0,3.871648535175898
2007-04-23,sh.000016,2573.9950,2651.6130,2570.4810,2651.4300,2547.5010,4697210000,52224098641.0000,3,0.055093,1,4.079643,,,,,0,4.079645111032337
2007-04-24,sh.000016,2673.9840,2693.5830,2640.2730,2659.2130,2651.4300,4320599800,51451966414.0000,3,0.050638,1,0.293538,,,,,0,0.2935397125324979
2007-04-25,sh.000016,2649.6740,2695.3940,2608.7350,2679.0830,2659.2130,4369322000,50469880571.0000,3,0.051209,1,0.747218,,,,,0,0.7472135552887282
2007-04-26,sh.000016,2696.3960,2711.4120,2664.7590,2702.1280,2679.0830,3073928500,38832641340.0000,3,0.035993,1,0.860179,,,,,0,0.8601823833005673
2007-04-27,sh.000016,2706.3570,2717.9700,2654.9500,2681.3000,2702.1280,3078010100,41574194293.0000,3,0.036122,1,-0.770795,,,,,0,-0.7707999028913504
2007-04-30,sh.000016,2715.8860,2768.9450,2694.2390,2757.8270,2681.3000,3490677800,49700893348.0000,3,0.040345,1,2.854095,,,,,0,2.854100622832201
2007-05-08,sh.000016,2827.1220,2849.5910,2795.7390,2831.2620,2757.8270,4086686800,54679351122.0000,3,0.047098,1,2.662787,,,,,0,2.662784866490897
2007-05-09,sh.000016,2833.3350,2867.0950,2760.2160,2860.3120,2831.2620,6565645400,77418733028.0000,3,0.075667,1,1.026046,,,,,0,1.0260442163247285
2007-05-10,sh.000016,2864.0960,2903.7080,2844.4890,2885.7170,2860.3120,5174439100,60806247738.0000,3,0.059484,1,0.888191,,,,,0,0.8881898198518368
2007-05-11,sh.000016,2868.6330,2880.8600,2809.6950,2867.9720,2885.7170,3681642100,52946039343.0000,3,0.042323,1,-0.614929,,,,,0,-0.6149251641792919
2007-05-14,sh.000016,2823.4640,2919.4400,2803.5250,2885.5050,2867.9720,3957592700,55014117473.0000,3,0.044508,1,0.611336,,,,,0,0.6113379070646463
2007-05-15,sh.000016,2888.9140,2895.3210,2768.9280,2770.6550,2885.5050,3885852600,51671191688.0000,3,0.043702,1,-3.980234,,,,,0,-3.980239160909438
2007-05-16,sh.000016,2764.2610,2829.5280,2731.8200,2828.5250,2770.6550,3114804500,42997543395.0000,3,0.035030,1,2.088671,,,,,0,2.0886757824413404
2007-05-17,sh.000016,2837.7220,2888.4460,2825.2080,2872.7870,2828.5250,3184911200,44421314939.0000,3,0.035964,1,1.564851,,,,,0,1.5648438673867116
2007-05-18,sh.000016,2862.9390,2875.6210,2835.9810,2854.3180,2872.7870,2840064600,38087388231.0000,3,0.031659,1,-0.642895,,,,,0,-0.6428948613315111
2007-05-21,sh.000016,2763.7680,2875.0170,2757.5670,2864.6990,2854.3180,3916267000,51781999238.0000,3,0.043616,1,0.363690,,,,,0,0.36369458483602735
2007-05-22,sh.000016,2873.3080,2903.8460,2869.0080,2882.6650,2864.6990,3847755100,50647122322.0000,3,0.042853,1,0.627154,,,,,0,0.6271514040393056
2007-05-23,sh.000016,2887.6400,2920.7560,2862.4940,2919.9430,2882.6650,3520536500,47408577193.0000,3,0.039208,1,1.293181,,,,,0,1.293178360995828
2007-05-24,sh.000016,2927.4850,2949.8820,2866.9430,2906.8150,2919.9430,4221140600,57690157475.0000,3,0.046378,1,-0.449604,,,,,0,-0.4495978174916426
2007-05-25,sh.000016,2894.7030,2958.7390,2881.4950,2942.5130,2906.8150,3420873800,48864293428.0000,3,0.037529,1,1.228079,,,,,0,1.228079530345072
2007-05-28,sh.000016,2976.7560,3012.5960,2968.9050,2998.8590,2942.5130,4500592400,63830707180.0000,3,0.049625,1,1.914892,,,,,0,1.914893833943987
2007-05-29,sh.000016,3009.4410,3051.0650,3002.9070,3050.4370,2998.8590,4412634300,60405841531.0000,3,0.047814,1,1.719925,,,,,0,1.7199208098813479
2007-05-30,sh.000016,2875.7900,3000.9440,2828.8560,2857.0020,3050.4370,5723127000,79810495572.0000,3,0.062008,1,-6.341224,,,,,0,-6.341222585485296
2007-05-31,sh.000016,2838.0970,2986.5330,2748.0560,2940.3740,2857.0020,5506695500,75453362820.0000,3,0.059663,1,2.918166,,,,,0,2.9181638654785624
2007-06-01,sh.000016,2963.4680,3055.8730,2885.5200,2906.5880,2940.3740,5165333800,77769533397.0000,3,0.055825,1,-1.149042,,,,,0,-1.1490375033924138
2007-06-04,sh.000016,2923.4110,2935.8760,2685.7260,2695.7650,2906.5880,4032913700,52522134301.0000,3,0.043433,1,-7.253281,,,,,0,-7.2532811667838875
2007-06-05,sh.000016,2638.4210,2780.7510,2493.3120,2778.6580,2695.7650,4290889100,53903153271.0000,3,0.046212,1,3.074937,,,,,0,3.074934202350721
2007-06-06,sh.000016,2788.9710,2814.0620,2713.0800,2781.3190,2778.6580,3209306400,44642868135.0000,3,0.034512,1,0.095770,,,,,0,0.09576565377962254
2007-06-07,sh.000016,2797.2310,2857.3080,2786.7730,2856.5390,2781.3190,3326100200,46360014717.0000,3,0.035768,1,2.704471,,,,,0,2.704472230621513
2007-06-08,sh.000016,2861.8130,2875.5040,2812.9400,2856.0190,2856.5390,3091761000,44694200974.0000,3,0.033248,1,-0.018205,,,,,0,-0.018203847383158056
2007-06-11,sh.000016,2875.1060,2924.1800,2856.9930,2918.3050,2856.0190,3367124900,47137518431.0000,3,0.035716,1,2.180864,,,,,0,2.180867844366574
2007-06-12,sh.000016,2930.4280,2984.0700,2859.6010,2982.9010,2918.3050,3470267500,52275384613.0000,3,0.036810,1,2.213475,,,,,0,2.2134766585397925
2007-06-13,sh.000016,3007.6510,3058.4940,3000.9150,3045.9440,2982.9010,4201703000,57785605233.0000,3,0.044569,1,2.113487,,,,,0,2.113479461772294
2007-06-14,sh.000016,3036.3460,3050.9920,2982.8060,3010.1650,3045.9440,2906894900,42577977307.0000,3,0.030834,1,-1.174646,,,,,0,-1.1746440512366618
2007-06-15,sh.000016,2984.2680,3046.7140,2973.9620,3035.7780,3010.1650,2533518300,37841262480.0000,3,0.026874,1,0.850885,,,,,0,0.8508835894377897
2007-06-18,sh.000016,3090.1670,3154.2600,3087.8030,3133.5310,3035.7780,3649133500,53624723779.0000,3,0.038708,1,3.220029,,,,,0,3.2200312407560716
2007-06-19,sh.000016,3123.8860,3155.9690,3100.8330,3132.3050,3133.5310,2932373200,43534264165.0000,3,0.031084,1,-0.039128,,,,,0,-0.03912519135761405
2007-06-20,sh.000016,3133.3070,3150.4870,3050.4270,3059.1600,3132.3050,2811011900,41299604597.0000,3,0.029798,1,-2.335182,,,,,0,-2.335181280239307
2007-06-21,sh.000016,3048.3740,3118.6660,3043.2980,3109.9150,3059.1600,2618742300,41712031588.0000,3,0.027760,1,1.659120,,,,,0,1.659115574209924
2007-06-22,sh.000016,3114.8190,3146.0000,2982.2310,3037.5090,3109.9150,2871792400,44192970239.0000,3,0.030442,1,-2.328231,,,,,0,-2.3282308358910098
2007-06-25,sh.000016,3054.2810,3082.8190,2927.7850,2942.2860,3037.5090,2683444600,41270688705.0000,3,0.028394,1,-3.134909,,,,,0,-3.134904291641605
2007-06-26,sh.000016,2892.0340,2968.3950,2860.7160,2966.2440,2942.2860,2006419100,29610920636.0000,3,0.021230,1,0.814265,,,,,0,0.8142648267367658
2007-06-27,sh.000016,2977.1940,3068.3200,2956.8080,3057.3370,2966.2440,2417765000,35279962507.0000,3,0.025448,1,3.070989,,,,,0,3.070988091337057
2007-06-28,sh.000016,3063.2360,3099.1590,2968.9910,2969.4940,3057.3370,2898391400,38438490923.0000,3,0.030507,1,-2.873187,,,,,0,-2.8731866980970633
2007-06-29,sh.000016,2904.3550,2986.0070,2889.6380,2915.8820,2969.4940,2246198300,30579192800.0000,3,0.024614,1,-1.805419,,,,,0,-1.80542543611808
2007-07-02,sh.000016,2906.1380,2943.7300,2828.3590,2910.8860,2915.8820,2178353600,28974786008.0000,3,0.022309,1,-0.171341,,,,,0,-0.17133752326055074
2007-07-03,sh.000016,2922.0990,2960.6360,2903.2980,2955.2070,2910.8860,2035909400,27139570156.0000,3,0.020850,1,1.522596,,,,,0,1.5225948388222665
2007-07-04,sh.000016,2961.3840,2965.6060,2864.9960,2877.8020,2955.2070,1525262200,20484363849.0000,3,0.015620,1,-2.619276,,,,,0,-2.619275062626736
2007-07-05,sh.000016,2843.6880,2860.0950,2743.4220,2745.9740,2877.8020,1727297800,22061335839.0000,3,0.017602,1,-4.580853,,,,,0,-4.580857195873788
2007-07-06,sh.000016,2733.6880,2862.1210,2700.7560,2860.7350,2745.9740,1917821500,24721609936.0000,3,0.019543,1,4.179245,,,,,0,4.179245688415101
2007-07-09,sh.000016,2883.5380,2953.1330,2858.9220,2939.0970,2860.7350,2153458200,28011522602.0000,3,0.021945,1,2.739220,,,,,0,2.739226107975745
2007-07-10,sh.000016,2957.0640,2997.7820,2927.7270,2936.9380,2939.0970,2235912000,29753098563.0000,3,0.022785,1,-0.073456,,,,,0,-0.07345793623008134
2007-07-11,sh.000016,2920.7370,2944.9460,2897.3150,2937.5980,2936.9380,1320913100,18030122385.0000,3,0.013428,1,0.022469,,,,,0,0.02247238450385769
2007-07-12,sh.000016,2945.1370,2985.0400,2932.4250,2969.5730,2937.5980,1344996400,18323074453.0000,3,0.013673,1,1.088478,,,,,0,1.0884743249416573
2007-07-13,sh.000016,2976.5360,2981.4800,2939.7840,2970.3420,2969.5730,1182545200,15708389280.0000,3,0.012022,1,0.025897,,,,,0,0.025895978984191714
2007-07-16,sh.000016,2974.9220,2980.9190,2877.5410,2878.3560,2970.3420,1134729200,15770556115.0000,3,0.011536,1,-3.096818,,,,,0,-3.0968151142191647
2007-07-17,sh.000016,2872.8120,2969.1980,2847.4040,2956.4960,2878.3560,1400848400,19792833658.0000,3,0.014241,1,2.714749,,,,,0,2.714744110874401
2007-07-18,sh.000016,2944.0710,3017.9080,2932.1160,2978.9010,2956.4960,2346096400,30510264372.0000,3,0.023850,1,0.757815,,,,,0,0.7578227739865051
2007-07-19,sh.000016,2971.3550,2998.4190,2953.8350,2972.5020,2978.9010,1343458000,18700805819.0000,3,0.013658,1,-0.214808,,,,,0,-0.2148107641039343
2007-07-20,sh.000016,2972.6820,3104.7700,2972.6820,3102.7890,2972.5020,2571013100,34019410404.0000,3,0.026137,1,4.383079,,,,,0,4.383075267905623
2007-07-23,sh.000016,3133.2800,3227.4850,3133.2800,3225.6390,3102.7890,4096778400,53951208568.0000,3,0.041648,1,3.959336,,,,,0,3.959341096026825
2007-07-24,sh.000016,3242.2000,3280.7460,3210.0030,3226.9580,3225.6390,3204882400,42601307126.0000,3,0.032581,1,0.040894,,,,,0,0.040891122658170964
2007-07-25,sh.000016,3229.2880,3305.9080,3229.2420,3304.7470,3226.9580,2808352400,40934807920.0000,3,0.028511,1,2.410600,,,,,0,2.4105984645601097
2007-07-26,sh.000016,3323.3740,3336.9440,3286.4940,3315.0220,3304.7470,2594594600,37872386486.0000,3,0.026341,1,0.310913,,,,,0,0.3109163878505683
2007-07-27,sh.000016,3285.6820,3306.1510,3249.3540,3293.3800,3315.0220,2620695100,38175498866.0000,3,0.026606,1,-0.652849,,,,,0,-0.6528463461177636
2007-07-30,sh.000016,3294.6820,3372.6080,3290.8460,3359.7070,3293.3800,3202249900,45231715738.0000,3,0.032303,1,2.013954,,,,,0,2.0139491950518895
2007-07-31,sh.000016,3347.6210,3394.8810,3314.7620,3391.8580,3359.7070,2721596000,40446227605.0000,3,0.027427,1,0.956955,,,,,0,0.9569584490552341
2007-08-01,sh.000016,3408.5260,3430.0510,3267.6830,3281.3400,3391.8580,3207020500,45269659085.0000,3,0.032307,1,-3.258327,,,,,0,-3.258332158952415
2007-08-02,sh.000016,3298.6280,3388.5100,3279.4740,3362.4570,3281.3400,2534411100,39102490011.0000,3,0.025531,1,2.472068,,,,,0,2.4720693375267278
2007-08-03,sh.000016,3390.0130,3521.9680,3390.0130,3520.1440,3362.4570,3688346900,59137838289.0000,3,0.037155,1,4.689636,,,,,0,4.689636179734036
2007-08-06,sh.000016,3552.0030,3608.3990,3539.0740,3595.0330,3520.1440,3145248200,51855506990.0000,3,0.031658,1,2.127439,,,,,0,2.127441377398198
2007-08-07,sh.000016,3606.5920,3641.2280,3562.4770,3612.7010,3595.0330,3472443500,58296284660.0000,3,0.034951,1,0.491455,,,,,0,0.49145585033572026
2007-08-08,sh.000016,3578.2390,3654.4430,3533.7680,3596.2820,3612.7010,4886678500,59052675720.0000,3,0.049186,1,-0.454478,,,,,0,-0.45447990298670415
2007-08-09,sh.000016,3598.2090,3723.4830,3596.1840,3704.5840,3596.2820,3737807900,49978970162.0000,3,0.037622,1,3.011499,,,,,0,3.0114990982353262
2007-08-10,sh.000016,3700.9240,3739.0190,3634.9920,3707.9160,3704.5840,3555920700,50866451433.0000,3,0.035791,1,0.089943,,,,,0,0.08994262243751106
2007-08-13,sh.000016,3717.5290,3796.1690,3690.6240,3740.5660,3707.9160,4831719200,68612582708.0000,3,0.048632,1,0.880546,,,,,0,0.8805485345406927
2007-08-14,sh.000016,3740.0130,3793.6780,3715.2570,3787.1080,3740.5660,2919028400,45829757923.0000,3,0.029388,1,1.244250,,,,,0,1.244250201707442
2007-08-15,sh.000016,3782.6230,3823.9390,3712.8650,3799.2370,3787.1080,2907169400,45008029235.0000,3,0.029197,1,0.320275,,,,,0,0.3202707712586905
2007-08-16,sh.000016,3775.3630,3782.8480,3660.6070,3698.9510,3799.2370,3028920200,45982556856.0000,3,0.030226,1,-2.639639,,,,,0,-2.63963527413531
2007-08-17,sh.000016,3674.4190,3758.5430,3597.5930,3606.5280,3698.9510,3054369900,48099208216.0000,3,0.030465,1,-2.498623,,,,,0,-2.498627313527546
2007-08-20,sh.000016,3718.1950,3831.4960,3709.5170,3831.0530,3606.5280,3027339600,46421979223.0000,3,0.029934,1,6.225513,,,,,0,6.225516618753546
2007-08-21,sh.000016,3851.3790,3924.8200,3849.4230,3903.6600,3831.0530,3219154200,50675144237.0000,3,0.031830,1,1.895221,,,,,0,1.8952230626932076
2007-08-22,sh.000016,3839.1020,3972.0290,3830.4990,3949.8270,3903.6600,2721319600,46000709771.0000,3,0.026908,1,1.182659,,,,,0,1.1826593504557392
2007-08-23,sh.000016,3962.6360,4033.7380,3925.2380,4013.3440,3949.8270,2452008700,43040096755.0000,3,0.024245,1,1.608098,,,,,0,1.6080957469782886
2007-08-24,sh.000016,4037.1760,4120.7520,4032.2540,4104.6580,4013.3440,3017021800,50508392137.0000,3,0.029832,1,2.275265,,,,,0,2.275259733528956
2007-08-27,sh.000016,4128.7370,4188.1840,4091.6120,4134.6950,4104.6580,3535116300,57435535111.0000,3,0.034839,1,0.731769,,,,,0,0.7317783844597914
2007-08-28,sh.000016,4119.2370,4164.8200,4058.0010,4147.8600,4134.6950,3140032100,52819668170.0000,3,0.030946,1,0.318404,,,,,0,0.31840317121334394
2007-08-29,sh.000016,4113.9030,4158.7370,4059.0120,4080.0790,4147.8600,2773125700,49625080342.0000,3,0.027330,1,-1.634114,,,,,0,-1.634119762962094
2007-08-30,sh.000016,4104.5080,4147.9570,4086.6170,4111.2900,4080.0790,2250100400,40588958343.0000,3,0.022175,1,0.764959,,,,,0,0.7649606784574381
2007-08-31,sh.000016,4118.8150,4158.9880,4070.8680,4150.1670,4111.2900,2520673400,46250272179.0000,3,0.024753,1,0.945615,,,,,0,0.9456156096991464
2007-09-03,sh.000016,4176.8640,4252.7540,4176.8640,4240.6430,4150.1670,3223100100,52861578575.0000,3,0.031650,1,2.180059,,,,,0,2.18005685072431
2007-09-04,sh.000016,4226.9350,4245.9440,4144.5370,4166.8520,4240.6430,3423242800,57084660270.0000,3,0.033566,1,-1.740090,,,,,0,-1.740089887311902
2007-09-05,sh.000016,4162.5730,4191.8320,4074.2930,4147.7470,4166.8520,2662023800,45453901626.0000,3,0.026102,1,-0.458499,,,,,0,-0.4584996059375124
2007-09-06,sh.000016,4166.9090,4243.0760,4155.3930,4204.7970,4147.7470,3134597600,50532398638.0000,3,0.030736,1,1.375441,,,,,0,1.3754455129495469
2007-09-07,sh.000016,4186.4380,4205.6090,4099.7390,4111.9310,4204.7970,3335144900,55045346068.0000,3,0.032703,1,-2.208566,,,,,0,-2.2085727325243054
2007-09-10,sh.000016,4052.5490,4182.1900,4020.7070,4172.8150,4111.9310,2691910200,44309440904.0000,3,0.026372,1,1.480662,,,,,0,1.4806668691668134
2007-09-11,sh.000016,4182.7160,4199.2700,3968.2300,3992.0340,4172.8150,2802900000,47716150522.0000,3,0.027459,1,-4.332351,,,,,0,-4.332351182594952
2007-09-12,sh.000016,3977.0250,4056.1670,3939.3500,4035.7200,3992.0340,2470675900,41842017652.0000,3,0.024205,1,1.094330,,,,,0,1.094329356914292
2007-09-13,sh.000016,4056.1850,4145.1130,4042.9570,4143.1150,4035.7200,2446124500,45443510298.0000,3,0.023964,1,2.661118,,,,,0,2.661111276302619
2007-09-14,sh.000016,4148.0810,4177.8710,4079.1790,4165.5660,4143.1150,2465400700,45849506771.0000,3,0.024153,1,0.541879,,,,,0,0.541886961863236
2007-09-17,sh.000016,4170.9500,4244.9770,4170.3280,4237.9230,4165.5660,2996872900,52640920014.0000,3,0.029360,1,1.737025,,,,,0,1.7370268530134902
2007-09-18,sh.000016,4261.4460,4269.5860,4145.8430,4204.7010,4237.9230,3132096400,55115965847.0000,3,0.030684,1,-0.783914,,,,,0,-0.7839217465725468
2007-09-19,sh.000016,4212.1860,4226.3650,4121.7220,4161.5870,4204.7010,2204515200,41435634804.0000,3,0.021597,1,-1.025382,,,,,0,-1.0253761206801548
2007-09-20,sh.000016,4171.6720,4237.5240,4169.9070,4222.4190,4161.5870,2252669600,43015198256.0000,3,0.022069,1,1.461751,,,,,0,1.461750048719379
2007-09-21,sh.000016,4227.3290,4232.0950,4118.3260,4197.0380,4222.4190,2514090300,44170985725.0000,3,0.024630,1,-0.601098,,,,,0,-0.6011009329012662
2007-09-24,sh.000016,4201.4160,4245.9680,4134.2700,4231.7500,4197.0380,2180129800,41804757225.0000,3,0.021358,1,0.827057,,,,,0,0.82705946431747
2007-09-25,sh.000016,4246.8980,4265.3730,4169.8190,4193.0620,4231.7500,1746934000,32936019881.0000,3,0.017114,1,-0.914231,,,,,0,-0.9142317008329903
2007-09-26,sh.000016,4177.2700,4245.9010,4128.2620,4140.3230,4193.0620,1504492200,30553444576.0000,3,0.014739,1,-1.257763,,,,,0,-1.257768189451991
2007-09-27,sh.000016,4142.0660,4190.4010,4130.0280,4189.1220,4140.3230,1323180200,25115426976.0000,3,0.012963,1,1.178624,,,,,0,1.178627851015479
2007-09-28,sh.000016,4229.5980,4315.3480,4229.5980,4307.4170,4189.1220,2102096600,40060156268.0000,3,0.020594,1,2.823859,,,,,0,2.8238614201257395
2007-10-08,sh.000016,4407.5000,4444.6870,4347.7580,4401.2820,4307.4170,3571810300,55447664658.0000,3,0.034992,1,2.179154,,,,,0,2.179148199489389
2007-10-09,sh.000016,4393.4720,4438.5610,4351.9000,4425.7020,4401.2820,2498134300,41960332137.0000,3,0.024473,1,0.554836,,,,,0,0.554838340283581
2007-10-10,sh.000016,4444.6670,4524.4510,4413.6350,4445.9560,4425.7020,3228530800,55399751496.0000,3,0.031629,1,0.457643,,,,,0,0.45764491147393116
2007-10-11,sh.000016,4458.1940,4579.6520,4439.2390,4577.8840,4445.9560,3424885700,64444327800.0000,3,0.033406,1,2.967365,,,,,0,2.9673707971918706
2007-10-12,sh.000016,4601.9850,4633.8140,4391.1390,4578.6860,4577.8840,3840348100,69303274907.0000,3,0.037429,1,0.017524,,,,,0,0.01751901096662678
2007-10-15,sh.000016,4606.4840,4695.8320,4572.4280,4694.3140,4578.6860,3666592300,69777027473.0000,3,0.035694,1,2.525352,,,,,0,2.5253533437322506
2007-10-16,sh.000016,4726.0830,4772.9330,4688.2630,4731.8260,4694.3140,3716952300,65105251966.0000,3,0.034357,1,0.799099,,,,,0,0.7990943937708384
2007-10-17,sh.000016,4713.7520,4744.7760,4647.8860,4684.1060,4731.8260,2361483600,46865740272.0000,3,0.021828,1,-1.008495,,,,,0,-1.0084901684888736
2007-10-18,sh.000016,4676.5190,4684.8630,4481.0130,4508.6620,4684.1060,2382814700,46028572882.0000,3,0.022025,1,-3.745514,,,,,0,-3.745517287610478
2007-10-19,sh.000016,4545.6330,4594.6990,4454.1490,4494.5610,4508.6620,1765595600,33418433942.0000,3,0.016320,1,-0.312755,,,,,0,-0.3127535397419612
2007-10-22,sh.000016,4441.5310,4479.0480,4374.1210,4390.2670,4494.5610,1565027200,27682585876.0000,3,0.014515,1,-2.320448,,,,,0,-2.320449093915955
2007-10-23,sh.000016,4388.2400,4478.7280,4342.0340,4475.4400,4390.2670,2103807900,40113680350.0000,3,0.019287,1,1.940038,,,,,0,1.9400414598929716
2007-10-24,sh.000016,4496.5060,4598.8890,4486.6810,4550.5610,4475.4400,2321978700,46791802842.0000,3,0.021255,1,1.678519,,,,,0,1.6785165257494183
2007-10-25,sh.000016,4511.5140,4534.3950,4352.9420,4364.1230,4550.5610,2351174600,44200925081.0000,3,0.021522,1,-4.097033,,,,,0,-4.097033310837938
2007-10-26,sh.000016,4321.6810,4460.6510,4313.8010,4429.9790,4364.1230,1545927900,31151592688.0000,3,0.013558,1,1.509031,,,,,0,1.50903171152601
2007-10-29,sh.000016,4453.3270,4534.7100,4451.9120,4527.1220,4429.9790,1784973600,32049790171.0000,3,0.014516,1,2.192856,,,,,0,2.192854638814312
2007-10-30,sh.000016,4538.1110,4593.3440,4476.2840,4592.3290,4527.1220,2020715500,36840965909.0000,3,0.016434,1,1.440364,,,,,0,1.440363215305429
2007-10-31,sh.000016,4652.9590,4667.3210,4564.6620,4627.7760,4592.3290,2441255700,46072103062.0000,3,0.019854,1,0.771869,,,,,0,0.7718741405504659
2007-11-01,sh.000016,4648.6920,4668.7310,4602.5130,4607.2190,4627.7760,2519092600,45144506882.0000,3,0.020487,1,-0.444201,,,,,0,-0.44420905419795265
2007-11-02,sh.000016,4536.2160,4599.3920,4500.4920,4543.1630,4607.2190,2352419000,48051331002.0000,3,0.019131,1,-1.390343,,,,,0,-1.3903398123683797
2007-11-05,sh.000016,4517.2250,4547.8870,4389.4950,4410.9660,4543.1630,1809002100,37775235758.0000,3,0.014712,1,-2.909807,,,,,0,-2.9098009470494235
2007-11-06,sh.000016,4371.9120,4428.3170,4324.2340,4344.8860,4410.9660,1383281500,27028998039.0000,3,0.011250,1,-1.498075,,,,,0,-1.4980845465596415
2007-11-07,sh.000016,4367.6250,4400.6240,4276.7610,4383.6310,4344.8860,1443145100,27464238846.0000,3,0.011736,1,0.891729,,,,,0,0.8917380110778472
2007-11-08,sh.000016,4353.1860,4353.1860,4150.9670,4154.9690,4383.6310,1727965700,32249035493.0000,3,0.014053,1,-5.216261,,,,,0,-5.2162693438384755
2007-11-09,sh.000016,4110.2220,4198.2490,4058.8800,4139.5720,4154.9690,1781530400,33016573603.0000,3,0.014488,1,-0.370579,,,,,0,-0.3705683484040434
2007-11-12,sh.000016,4025.8280,4143.3250,3951.3290,4107.3360,4139.5720,1993439500,36689622677.0000,3,0.016212,1,-0.778724,,,,,0,-0.7787278491592775
2007-11-13,sh.000016,4145.5310,4206.4550,4006.0560,4071.2990,4107.3360,1849353300,34949723290.0000,3,0.015040,1,-0.877378,,,,,0,-0.8773813488840543
2007-11-14,sh.000016,4142.5180,4249.4030,4063.5070,4247.1620,4071.2990,1703951100,34219689837.0000,3,0.013841,1,4.319580,,,,,0,4.319579573988563
2007-11-15,sh.000016,4227.7530,4269.7590,4190.7340,4201.7940,4247.1620,1339913500,26901539470.0000,3,0.010884,1,-1.068200,,,,,0,-1.0681956562994421
2007-11-16,sh.000016,4124.4220,4163.9570,4066.5410,4133.3510,4201.7940,902817200,18190386035.0000,3,0.007295,1,-1.628896,,,,,0,-1.62889946532363
2007-11-19,sh.000016,4141.1980,4155.6910,4066.7500,4086.3830,4133.3510,1136110000,21777385158.0000,3,0.008962,1,-1.136318,,,,,0,-1.1363177238032707
2007-11-20,sh.000016,4059.1880,4167.5940,4006.4680,4136.0780,4086.3830,1477529900,29220860082.0000,3,0.011656,1,1.216114,,,,,0,1.2161121461204294
2007-11-21,sh.000016,4150.8440,4186.2890,4061.8280,4064.7820,4136.0780,1072612200,21349677843.0000,3,0.008441,1,-1.723762,,,,,0,-1.7237585944945955
2007-11-22,sh.000016,3988.1440,4039.7040,3881.4450,3895.9450,4064.7820,1236723800,25218771280.0000,3,0.009733,1,-4.153653,,,,,0,-4.15365448872781
2007-11-23,sh.000016,3865.4060,3962.7000,3844.1790,3961.3690,3895.9450,967519400,19815111947.0000,3,0.007614,1,1.679280,,,,,0,1.6792844868189771
2007-11-26,sh.000016,4020.6450,4038.4780,3904.7450,3910.4570,3961.3690,1056820500,21755567537.0000,3,0.008313,1,-1.285209,,,,,0,-1.2852122586913817
2007-11-27,sh.000016,3874.7680,3917.5550,3827.4150,3829.7280,3910.4570,913360300,19888482955.0000,3,0.007185,1,-2.064439,,,,,0,-2.064439015695607
2007-11-28,sh.000016,3839.5110,3873.7850,3757.9570,3784.2790,3829.7280,1119734800,21485377924.0000,3,0.008808,1,-1.186742,,,,,0,-1.1867422438355923
2007-11-29,sh.000016,3840.3890,3977.8930,3796.2480,3975.7090,3784.2790,1950546400,37106110837.0000,3,0.015343,1,5.058558,,,,,0,5.0585593715474
2007-11-30,sh.000016,3968.6740,3968.6740,3867.1150,3880.3390,3975.7090,1342576900,26329346065.0000,3,0.010538,1,-2.398814,,,,,0,-2.398817418478061
2007-12-03,sh.000016,3859.8540,3943.4970,3838.4870,3910.1290,3880.3390,1037702200,19827850855.0000,3,0.008099,1,0.767711,,,,,0,0.7677164288996341
2007-12-04,sh.000016,3921.9120,4018.6470,3921.9120,3963.1870,3910.1290,1079597800,20486812092.0000,3,0.008426,1,1.356940,,,,,0,1.3569373286661301
2007-12-05,sh.000016,3963.5580,4074.9570,3954.6910,4070.8220,3963.1870,1402227200,26756899573.0000,3,0.010944,1,2.715870,,,,,0,2.715869829003781
2007-12-06,sh.000016,4085.0370,4094.2510,4037.2830,4070.1570,4070.8220,967934900,18997677116.0000,3,0.007554,1,-0.016337,,,,,0,-0.016335767076036678
2007-12-07,sh.000016,4076.4440,4128.7790,4075.4470,4122.0620,4070.1570,995454600,18475008453.0000,3,0.007769,1,1.275259,,,,,0,1.2752579323107138
2007-12-10,sh.000016,4052.3750,4172.1740,4040.5640,4165.8640,4122.0620,1739546900,33258077797.0000,3,0.013577,1,1.062618,,,,,0,1.0626235122130456
2007-12-11,sh.000016,4197.7030,4216.5300,4097.2660,4159.4320,4165.8640,1563978000,33090585482.0000,3,0.012206,1,-0.154389,,,,,0,-0.15439774318124488
2007-12-12,sh.000016,4130.7690,4132.1070,4049.1020,4083.5940,4159.4320,1536174600,34465983135.0000,3,0.011989,1,-1.823281,,,,,0,-1.823277793698752
2007-12-13,sh.000016,4061.4240,4075.6660,3944.8100,3948.7370,4083.5940,1357213200,30080920973.0000,3,0.010593,1,-3.302408,,,,,0,-3.3024095931182162
2007-12-14,sh.000016,3901.5740,4010.4960,3881.5000,4008.8780,3948.7370,1163861600,23515465558.0000,3,0.009084,1,1.523041,,,,,0,1.523043950508729
2007-12-17,sh.000016,4002.9880,4003.2630,3871.4710,3876.1390,4008.8780,1410797200,29624600073.0000,3,0.011011,1,-3.311126,,,,,0,-3.3111259559407857
2007-12-18,sh.000016,3849.2010,3895.3590,3826.9170,3849.1470,3876.1390,872858100,18981071104.0000,3,0.006812,1,-0.696362,,,,,0,-0.6963630561236389
2007-12-19,sh.000016,3893.2190,3967.6670,3879.7110,3953.0550,3849.1470,1349755700,23830607546.0000,3,0.010534,1,2.699506,,,,,0,2.6995071895149714
2007-12-20,sh.000016,3971.7520,4050.7660,3942.6310,4040.0360,3953.0550,1220520800,23265595370.0000,3,0.009522,1,2.200348,,,,,0,2.2003488441218355
2007-12-21,sh.000016,4022.4470,4096.2420,4019.6850,4081.0050,4040.0360,1444194600,27660968882.0000,3,0.011266,1,1.014075,,,,,0,1.0140751221028754
2007-12-24,sh.000016,4112.5240,4201.8510,4096.6700,4172.4440,4081.0050,2131343500,42150133065.0000,3,0.016507,1,2.240599,,,,,0,2.240600048272423
2007-12-25,sh.000016,4179.8400,4200.8200,4144.1370,4162.0790,4172.4440,1557849700,30416145793.0000,3,0.012065,1,-0.248410,,,,,0,-0.24841555692540762
2007-12-26,sh.000016,4174.7710,4207.1640,4121.6110,4175.5550,4162.0790,1754757600,33222054624.0000,3,0.013591,1,0.323782,,,,,0,0.32378049527652664
2007-12-27,sh.000016,4191.3300,4258.6800,4160.9140,4258.5490,4175.5550,2256958700,43339998739.0000,3,0.017457,1,1.987608,,,,,0,1.9876160175114288
2007-12-28,sh.000016,4269.0580,4280.7330,4214.6920,4226.7560,4258.5490,2067354500,41459941172.0000,3,0.016306,1,-0.746568,,,,,0,-0.7465688430495887
2008-01-02,sh.000016,4230.8060,4242.1870,4164.7620,4219.6860,4226.7560,1868393800,37451390049.0000,3,0.013493,1,-0.167264,,,,,0,-0.16726775806317207
2008-01-03,sh.000016,4213.0200,4232.1770,4123.1190,4230.4180,4219.6860,3073221000,58982989591.0000,3,0.022195,1,0.254330,,,,,0,0.2543317204171114
2008-01-04,sh.000016,4231.3510,4296.0240,4221.6460,4282.6860,4230.4180,2334987700,47681382249.0000,3,0.016863,1,1.235530,,,,,0,1.2355280258357526
2008-01-07,sh.000016,4279.9160,4341.4660,4255.4990,4330.2750,4282.6860,2444067400,49372624390.0000,3,0.017475,1,1.111192,,,,,0,1.111195170507484
2008-01-08,sh.000016,4349.4850,4437.5660,4322.1310,4358.0950,4330.2750,3084204900,64904094285.0000,3,0.022052,1,0.642461,,,,,0,0.6424534238587798
2008-01-09,sh.000016,4341.5300,4407.3920,4324.9080,4405.9210,4358.0950,2032829000,45320263145.0000,3,0.014417,1,1.097399,,,,,0,1.09740609142297
2008-01-10,sh.000016,4420.3240,4456.1050,4384.4530,4431.4610,4405.9210,2966217700,61698523702.0000,3,0.021037,1,0.579675,,,,,0,0.5796744880355309
2008-01-11,sh.000016,4445.2320,4482.5720,4417.0500,4481.4870,4431.4610,2969149900,59047966075.0000,3,0.021058,1,1.128880,,,,,0,1.1288827770344678
2008-01-14,sh.000016,4503.6750,4524.2890,4471.7410,4499.1390,4481.4870,2149576600,44112607764.0000,3,0.015245,1,0.393895,,,,,0,0.3938871182712411
2008-01-15,sh.000016,4511.1590,4515.8170,4421.6710,4440.8190,4499.1390,2202885000,50181670528.0000,3,0.015623,1,-1.296255,,,,,0,-1.296248015453616
2008-01-16,sh.000016,4395.3730,4395.3730,4267.0100,4274.0210,4440.8190,2435289200,53002290004.0000,3,0.017272,1,-3.756016,,,,,0,-3.7560188784996784
2008-01-17,sh.000016,4219.6980,4289.9340,4072.6840,4178.7090,4274.0210,2779166900,56601430392.0000,3,0.019710,1,-2.230031,,,,,0,-2.2300311580125576
2008-01-18,sh.000016,4170.0140,4213.7140,4128.2150,4195.9540,4178.7090,1864757300,37730740686.0000,3,0.013225,1,0.412690,,,,,0,0.4126872677661986
2008-01-21,sh.000016,4203.5050,4212.0120,3960.4270,3975.7100,4195.9540,2036600300,41078859130.0000,3,0.014444,1,-5.248965,,,,,0,-5.248961261253093
2008-01-22,sh.000016,3880.4050,3891.2580,3636.4740,3679.0140,3975.7100,2904073800,56188370091.0000,3,0.020596,1,-7.462718,,,,,0,-7.4627173511146445
2008-01-23,sh.000016,3712.8480,3824.5210,3669.3820,3822.8160,3679.0140,2576513400,45050765088.0000,3,0.018272,1,3.908710,,,,,0,3.908710322928899
2008-01-24,sh.000016,3876.3630,3884.0620,3750.1520,3818.3320,3822.8160,2590014500,46038316742.0000,3,0.018354,1,-0.117293,,,,,0,-0.11729573173283603
2008-01-25,sh.000016,3814.9840,3913.7390,3751.9570,3875.5780,3818.3320,2034303800,38978977041.0000,3,0.014416,1,1.499237,,,,,0,1.499241029852838
2008-01-28,sh.000016,3830.9680,3830.9680,3589.7950,3597.2640,3875.5780,1902916700,33873842357.0000,3,0.013485,1,-7.181225,,,,,0,-7.181225613314968
2008-01-29,sh.000016,3609.1140,3685.4880,3554.5240,3611.9780,3597.2640,1319914300,24149339420.0000,3,0.009353,1,0.409036,,,,,0,0.40903308736861543
2008-01-30,sh.000016,3653.7300,3674.3660,3459.8720,3541.0820,3611.9780,1676330700,32718690770.0000,3,0.011879,1,-1.962803,,,,,0,-1.9628026527293452
2008-01-31,sh.000016,3528.8670,3570.9970,3485.2630,3497.9220,3541.0820,1551239000,29507652442.0000,3,0.010993,1,-1.218834,,,,,0,-1.2188365025153303
2008-02-01,sh.000016,3502.2250,3549.3280,3376.6120,3500.0530,3497.9220,1710480200,29936431736.0000,3,0.012044,1,0.060918,,,,,0,0.060921884478837285
2008-02-04,sh.000016,3598.5030,3798.0550,3598.5030,3796.1300,3500.0530,2253954800,42088490507.0000,3,0.015869,1,8.459212,,,,,0,8.459214760462208
2008-02-05,sh.000016,3783.8030,3817.6140,3730.2660,3766.1630,3796.1300,1692813100,35589670227.0000,3,0.011570,1,-0.789404,,,,,0,-0.7894092141206954
2008-02-13,sh.000016,3697.5340,3712.6720,3649.2350,3660.1570,3766.1630,1104376600,22025967545.0000,3,0.007548,1,-2.814698,,,,,0,-2.8146949561131507
2008-02-14,sh.000016,3699.2980,3737.7650,3683.4340,3706.9660,3660.1570,940991300,17820810562.0000,3,0.006431,1,1.278882,,,,,0,1.2788795671879516
2008-02-15,sh.000016,3673.8960,3675.4380,3593.1670,3646.1760,3706.9660,1252716600,22672256250.0000,3,0.008562,1,-1.639887,,,,,0,-1.639885556004561
2008-02-18,sh.000016,3694.6660,3739.0880,3661.4200,3709.0710,3646.1760,1409529100,26587598071.0000,3,0.009603,1,1.724958,,,,,0,1.7249578736736826
2008-02-19,sh.000016,3722.9360,3787.2190,3687.6910,3787.0290,3709.0710,1696457000,31717112208.0000,3,0.011558,1,2.101820,,,,,0,2.10182010535791
2008-02-20,sh.000016,3792.2950,3805.3920,3670.8520,3676.4740,3787.0290,1895883400,37811847809.0000,3,0.012916,1,-2.919305,,,,,0,-2.91930692899367
2008-02-21,sh.000016,3653.8110,3663.1560,3576.0400,3620.8460,3676.4740,1570408300,28811183732.0000,3,0.010699,1,-1.513085,,,,,0,-1.5130801958615825
2008-02-22,sh.000016,3597.7060,3597.7060,3434.7590,3466.2040,3620.8460,1881721000,34671143691.0000,3,0.012820,1,-4.270876,,,,,0,-4.270880341224115
2008-02-25,sh.000016,3460.8640,3472.0870,3324.1680,3331.9900,3466.2040,1729425300,29857881463.0000,3,0.011782,1,-3.872077,,,,,0,-3.8720744653228834
2008-02-26,sh.000016,3430.3710,3445.8270,3275.8430,3363.7010,3331.9900,1691621200,30020216273.0000,3,0.011525,1,0.951712,,,,,0,0.9517135405568533
2008-02-27,sh.000016,3384.5540,3484.7410,3348.8170,3459.7820,3363.7010,1446741700,28070111444.0000,3,0.009689,1,2.856409,,,,,0,2.8564072728224144
2008-02-28,sh.000016,3467.0350,3473.6420,3409.9480,3435.4550,3459.7820,940475100,17742763212.0000,3,0.006299,1,-0.703134,,,,,0,-0.7031367872311067
2008-02-29,sh.000016,3431.3950,3490.9310,3418.9310,3470.6020,3435.4550,881285800,16999611261.0000,3,0.005902,1,1.023066,,,,,0,1.023066813566187
2008-03-03,sh.000016,3449.7490,3556.8250,3410.4110,3539.4310,3470.6020,1422524800,27918041553.0000,3,0.009326,1,1.983196,,,,,0,1.9832006090009902
2008-03-04,sh.000016,3559.0500,3566.1560,3416.4000,3424.7910,3539.4310,1809844000,32129193829.0000,3,0.011865,1,-3.238936,,,,,0,-3.2389386881676696
2008-03-05,sh.000016,3415.7320,3446.0350,3317.3450,3380.6540,3424.7910,1471113000,25259897583.0000,3,0.009645,1,-1.288749,,,,,0,-1.2887501748281904
2008-03-06,sh.000016,3398.4180,3504.8260,3349.1700,3445.7480,3380.6540,1638682800,32275827223.0000,3,0.010743,1,1.925485,,,,,0,1.9254854238262897
2008-03-07,sh.000016,3399.5130,3444.2820,3370.4680,3395.6060,3445.7480,1011471400,22311886813.0000,3,0.006631,1,-1.455187,,,,,0,-1.4551847668488715
2008-03-10,sh.000016,3366.9650,3366.9650,3238.7000,3256.4440,3395.6060,1444928400,25153231337.0000,3,0.009473,1,-4.098292,,,,,0,-4.098296445465122
2008-03-11,sh.000016,3233.4450,3267.1310,3187.8260,3264.5660,3256.4440,1052521500,19398901923.0000,3,0.006877,1,0.249408,,,,,0,0.24941316356121845
2008-03-12,sh.000016,3343.4060,3355.9820,3162.6740,3164.7850,3264.5660,1153343600,22968894071.0000,3,0.007535,1,-3.056486,,,,,0,-3.0564859157388713
2008-03-13,sh.000016,3133.6220,3163.6460,3047.9040,3111.8370,3164.7850,1652478600,29039198442.0000,3,0.010796,1,-1.673036,,,,,0,-1.6730362410084743
2008-03-14,sh.000016,3098.2630,3119.3860,3028.3280,3084.4490,3111.8370,1143482800,20941984524.0000,3,0.007471,1,-0.880121,,,,,0,-0.8801232198216047
2008-03-17,sh.000016,3065.4250,3075.7390,2978.6530,2984.0560,3084.4490,1230750500,22734428315.0000,3,0.007952,1,-3.254814,,,,,0,-3.254811475242414
2008-03-18,sh.000016,2961.0620,3021.4180,2821.1120,2869.6140,2984.0560,1587410400,25708781847.0000,3,0.010256,1,-3.835112,,,,,0,-3.8351156948797205
2008-03-19,sh.000016,2925.2550,2992.7120,2876.9580,2945.2290,2869.6140,1592411900,28098329775.0000,3,0.010288,1,2.635023,,,,,0,2.6350233864206096
2008-03-20,sh.000016,2904.8390,3050.0870,2765.2480,3011.7850,2945.2290,1903398200,32346777621.0000,3,0.012298,1,2.259787,,,,,0,2.259790325302391
2008-03-21,sh.000016,3010.2560,3058.6960,2975.7020,3021.5800,3011.7850,1690973800,28149147415.0000,3,0.010925,1,0.325228,,,,,0,0.3252224179348895
2008-03-24,sh.000016,3056.4340,3063.8900,2867.9050,2869.2840,3021.5800,1469501700,26131754515.0000,3,0.009494,1,-5.040282,,,,,0,-5.0402769412029365
2008-03-25,sh.000016,2810.5040,2912.1330,2781.8210,2884.6230,2869.2840,1431260600,24683309361.0000,3,0.009247,1,0.534597,,,,,0,0.5345932992342428
2008-03-26,sh.000016,2904.3420,2965.2610,2877.1300,2896.6890,2884.6230,1225743600,21850559902.0000,3,0.007919,1,0.418284,,,,,0,0.41828689572258604
2008-03-27,sh.000016,2837.0940,2861.2250,2757.3870,2760.4510,2896.6890,1498029900,23514915952.0000,3,0.009679,1,-4.703233,,,,,0,-4.703231862308998
2008-03-28,sh.000016,2736.5870,2922.0750,2714.3840,2910.5110,2760.4510,2192467000,34682161437.0000,3,0.014165,1,5.436070,,,,,0,5.436068236675817
2008-03-31,sh.000016,2815.3120,2891.1690,2804.4340,2823.9750,2910.5110,1391319300,22606829218.0000,3,0.008980,1,-2.973220,,,,,0,-2.9732236023158887
2008-04-01,sh.000016,2812.5100,2847.5640,2683.5010,2713.4870,2823.9750,1647296700,25158523951.0000,3,0.010632,1,-3.912500,,,,,0,-3.9124992253826596
2008-04-02,sh.000016,2757.5260,2842.6510,2698.2600,2744.6510,2713.4870,2387805800,36377465389.0000,3,0.015412,1,1.148479,,,,,0,1.1484853253396654
2008-04-03,sh.000016,2719.9000,2833.8030,2679.2920,2828.6260,2744.6510,1575897600,25202365177.0000,3,0.010171,1,3.059591,,,,,0,3.0595875395451166
2008-04-07,sh.000016,2803.8810,2962.1450,2778.4050,2954.2290,2828.6260,1904703700,32124835363.0000,3,0.012010,1,4.440425,,,,,0,4.440424432215484
2008-04-08,sh.000016,2956.5080,3011.4200,2927.3660,2969.6090,2954.2290,1973032800,33010952934.0000,3,0.012441,1,0.520606,,,,,0,0.5206096074474864
2008-04-09,sh.000016,2938.4860,2966.8890,2802.3480,2803.1540,2969.6090,1620779800,25136795569.0000,3,0.010220,1,-5.605278,,,,,0,-5.605283389159988
2008-04-10,sh.000016,2780.6020,2846.2430,2751.5820,2840.5520,2803.1540,1101752300,16303757505.0000,3,0.006947,1,1.334138,,,,,0,1.334140043679377
2008-04-11,sh.000016,2882.3790,2900.5430,2843.0530,2865.4500,2840.5520,1042641300,17067493476.0000,3,0.006574,1,0.876518,,,,,0,0.8765197750296272
2008-04-14,sh.000016,2805.2120,2815.3330,2675.9040,2685.0130,2865.4500,1465172300,22972167975.0000,3,0.009239,1,-6.296987,,,,,0,-6.296986511717185
2008-04-15,sh.000016,2672.3700,2716.9430,2591.6810,2715.7400,2685.0130,1223220700,18642781899.0000,3,0.007713,1,1.144391,,,,,0,1.144389245042765
2008-04-16,sh.000016,2711.2490,2717.8680,2644.4420,2654.9020,2715.7400,1092029000,15818863604.0000,3,0.006886,1,-2.240196,,,,,0,-2.2401997245686145
2008-04-17,sh.000016,2650.1220,2705.5130,2554.2610,2588.7580,2654.9020,1200125300,17889600569.0000,3,0.007567,1,-2.491393,,,,,0,-2.4913913959912715
2008-04-18,sh.000016,2565.7890,2593.5610,2482.9190,2511.3620,2588.7580,1231086700,17932866978.0000,3,0.007763,1,-2.989696,,,,,0,-2.9896962172593855
2008-04-21,sh.000016,2707.5970,2707.5970,2506.2350,2545.5220,2511.3620,1769324000,27503876820.0000,3,0.011143,1,1.360215,,,,,0,1.3602180808660824
2008-04-22,sh.000016,2501.5450,2596.8570,2451.6050,2595.6930,2545.5220,1373481400,19105428204.0000,3,0.008650,1,1.970957,,,,,0,1.9709513412180302
2008-04-23,sh.000016,2561.9520,2730.9290,2546.1470,2718.2530,2595.6930,2333375800,34681192113.0000,3,0.014696,1,4.721661,,,,,0,4.7216677781232175
2008-04-24,sh.000016,2948.9690,2987.5160,2880.2670,2981.1860,2718.2530,5162255300,73478071978.0000,3,0.031742,1,9.672872,,,,,0,9.672867095152649
2008-04-25,sh.000016,2983.3670,3075.8250,2948.1700,2984.9630,2981.1860,4076420400,70696069435.0000,3,0.025065,1,0.126690,,,,,0,0.12669454371514455
2008-04-28,sh.000016,2936.4260,2975.3420,2911.0420,2918.6110,2984.9630,2280094800,39090112372.0000,3,0.013733,1,-2.222869,,,,,0,-2.222875124415291
2008-04-29,sh.000016,2896.4960,2973.0970,2894.6480,2960.8930,2918.6110,1945503400,32541489971.0000,3,0.011717,1,1.448702,,,,,0,1.448702824734105
2008-04-30,sh.000016,2981.7790,3135.7160,2978.2710,3125.5330,2960.8930,3586998300,58495824681.0000,3,0.021589,1,5.560481,,,,,0,5.560484624064421
2008-05-05,sh.000016,3169.0050,3179.5360,3112.0160,3169.0790,3125.5330,2603344100,45344092389.0000,3,0.015669,1,1.393239,,,,,0,1.3932343699458727
2008-05-06,sh.000016,3136.3730,3184.1070,3089.0090,3128.8070,3169.0790,2437399300,43720456557.0000,3,0.014453,1,-1.270786,,,,,0,-1.2707793021253355
2008-05-07,sh.000016,3108.0920,3158.4540,2979.5070,2979.8170,3128.8070,2300556600,40940105327.0000,3,0.013641,1,-4.761879,,,,,0,-4.7618788886626735
2008-05-08,sh.000016,2940.3430,3038.7720,2929.2430,3037.5040,2979.8170,1851284800,30499623431.0000,3,0.010977,1,1.935925,,,,,0,1.9359242530665455
2008-05-09,sh.000016,3065.5930,3071.7900,2932.1420,2978.1890,3037.5040,2188724400,36571369766.0000,3,0.012978,1,-1.952753,,,,,0,-1.9527546301173593
2008-05-12,sh.000016,2915.2620,3033.5400,2884.5750,2991.3200,2978.1890,1632662700,28265050271.0000,3,0.009657,1,0.440909,,,,,0,0.4409055301728859
2008-05-13,sh.000016,2898.0120,2985.4580,2891.7310,2924.9580,2991.3200,1829981500,27840468486.0000,3,0.010824,1,-2.218488,,,,,0,-2.218485484668975
2008-05-14,sh.000016,2917.8480,3027.8010,2917.8480,3027.3820,2924.9580,1851886700,29827084301.0000,3,0.010954,1,3.501728,,,,,0,3.501725494861807
2008-05-15,sh.000016,3050.1540,3075.2170,3004.7790,3005.6530,3027.3820,1703976700,26703307755.0000,3,0.010079,1,-0.717749,,,,,0,-0.7177488668427157
2008-05-16,sh.000016,3008.2050,3036.0010,2977.7040,3009.2070,3005.6530,1362406800,21677391902.0000,3,0.007473,1,0.118242,,,,,0,0.11824385582768215
2008-05-19,sh.000016,2999.4090,3001.2290,2945.3870,2978.6560,3009.2070,997449000,15698415271.0000,3,0.005440,1,-1.015252,,,,,0,-1.015250861771888
2008-05-20,sh.000016,2976.0320,3008.0330,2829.1890,2835.8250,2978.6560,1449877400,22021948332.0000,3,0.007907,1,-4.795151,,,,,0,-4.7951492216623866
2008-05-21,sh.000016,2809.9450,2909.1600,2752.1540,2892.0860,2835.8250,1621422700,24293581795.0000,3,0.008843,1,1.983937,,,,,0,1.9839376548270726
2008-05-22,sh.000016,2848.5230,2891.9010,2829.2770,2841.1540,2892.0860,1466180700,21714939345.0000,3,0.007991,1,-1.761078,,,,,0,-1.761081793556618
2008-05-23,sh.000016,2831.7850,2871.7880,2805.6920,2838.0550,2841.1540,1369517900,18992745403.0000,3,0.007464,1,-0.109080,,,,,0,-0.10907539682819545
2008-05-26,sh.000016,2812.5140,2812.5140,2742.3220,2745.0860,2838.0550,988080800,14887865911.0000,3,0.005380,1,-3.275800,,,,,0,-3.2757997995105814
2008-05-27,sh.000016,2739.7350,2770.1690,2726.8600,2754.1220,2745.0860,875820800,13826294843.0000,3,0.004769,1,0.329175,,,,,0,0.3291700150742205
2008-05-28,sh.000016,2760.6480,2855.6800,2741.5460,2836.2630,2754.1220,1150755200,18197738482.0000,3,0.006266,1,2.982470,,,,,0,2.982474995661044
2008-05-29,sh.000016,2825.8620,2837.8880,2764.7950,2765.9490,2836.2630,1114416800,17200939411.0000,3,0.006068,1,-2.479106,,,,,0,-2.4791071913993767
2008-05-30,sh.000016,2774.0790,2813.9250,2756.1450,2800.7910,2765.9490,1078725300,17857036840.0000,3,0.005874,1,1.259678,,,,,0,1.2596761545494939
2008-06-02,sh.000016,2792.2420,2832.9740,2774.6010,2814.2970,2800.7910,1081410200,15885685202.0000,3,0.005888,1,0.482225,,,,,0,0.48222091544851686
2008-06-03,sh.000016,2809.4440,2834.4950,2783.9530,2804.0670,2814.2970,1775674300,22607530676.0000,3,0.009669,1,-0.363509,,,,,0,-0.36350108037638273
2008-06-04,sh.000016,2789.7650,2794.4890,2715.5770,2736.8260,2804.0670,1279937000,17139780167.0000,3,0.006969,1,-2.397980,,,,,0,-2.3979812179951487
2008-06-05,sh.000016,2722.2450,2742.8870,2693.2660,2722.4070,2736.8260,962380300,14860424797.0000,3,0.005240,1,-0.526849,,,,,0,-0.5268511772396178
2008-06-06,sh.000016,2730.7710,2740.2520,2687.2240,2701.7890,2722.4070,865850500,11936900056.0000,3,0.004701,1,-0.757342,,,,,0,-0.7573445116766164
2008-06-10,sh.000016,2586.7220,2597.4770,2464.4400,2480.7630,2701.7890,1603772100,20908731535.0000,3,0.008708,1,-8.180733,,,,,0,-8.180727658599551
2008-06-11,sh.000016,2451.3840,2476.4640,2412.4360,2446.7760,2480.7630,1235312100,16598446352.0000,3,0.006707,1,-1.370024,,,,,0,-1.370022045636765
2008-06-12,sh.000016,2432.6400,2446.8190,2344.4930,2387.7580,2446.7760,1331083700,17703500366.0000,3,0.007228,1,-2.412065,,,,,0,-2.4120720490964476
2008-06-13,sh.000016,2389.1350,2410.5370,2319.9050,2322.7920,2387.7580,990309900,12539781356.0000,3,0.005377,1,-2.720798,,,,,0,-2.7207949884368476
2008-06-16,sh.000016,2329.5830,2365.8150,2279.8870,2323.6890,2322.7920,1120088000,13713535487.0000,3,0.006082,1,0.038616,,,,,0,0.038617319157285834
2008-06-17,sh.000016,2325.2600,2343.7640,2244.6380,2262.2820,2323.6890,1071692100,12705838537.0000,3,0.005817,1,-2.642651,,,,,0,-2.6426514047275584
2008-06-18,sh.000016,2244.1020,2383.2720,2200.9650,2368.7100,2262.2820,1779316700,21882650818.0000,3,0.009658,1,4.704453,,,,,0,4.704453290969024
2008-06-19,sh.000016,2348.9790,2348.9790,2197.0100,2201.3400,2368.7100,1392763700,16419239458.0000,3,0.007560,1,-7.065866,,,,,0,-7.065871297035087
2008-06-20,sh.000016,2227.3640,2343.3470,2152.3120,2273.7070,2201.3400,2358985000,30786763677.0000,3,0.012804,1,3.287404,,,,,0,3.2874067613362756
2008-06-23,sh.000016,2227.1630,2260.0030,2203.8120,2220.0830,2273.7070,1008457400,12474269163.0000,3,0.005412,1,-2.358440,,,,,0,-2.3584393239762136
2008-06-24,sh.000016,2207.5140,2268.1230,2197.8070,2256.1160,2220.0830,1291981100,15813675544.0000,3,0.006933,1,1.623046,,,,,0,1.6230474266052175
2008-06-25,sh.000016,2250.0020,2339.3140,2241.1010,2334.4030,2256.1160,1651839100,19565677922.0000,3,0.008864,1,3.469995,,,,,0,3.4699900182437293
2008-06-26,sh.000016,2332.4540,2357.4450,2287.5510,2326.9000,2334.4030,1451333400,16991978194.0000,3,0.007788,1,-0.321417,,,,,0,-0.3214097994219345
2008-06-27,sh.000016,2255.1620,2259.9700,2188.1960,2206.3170,2326.9000,1470670600,16504611478.0000,3,0.007892,1,-5.182131,,,,,0,-5.182130731875034
2008-06-30,sh.000016,2176.8950,2212.9660,2146.4460,2175.6110,2206.3170,913297300,11020989943.0000,3,0.005086,1,-1.391723,,,,,0,-1.391731106636085
2008-07-01,sh.000016,2181.7120,2186.8900,2075.0100,2081.0540,2175.6110,1173595400,14126659731.0000,3,0.006099,1,-4.346233,,,,,0,-4.346227335677188
2008-07-02,sh.000016,2082.5890,2109.4530,2040.6690,2062.9270,2081.0540,1100397900,14132441688.0000,3,0.005718,1,-0.871047,,,,,0,-0.8710489972869495
2008-07-03,sh.000016,2025.3300,2130.3310,1992.3470,2088.9690,2062.9270,1699488800,22125156329.0000,3,0.008832,1,1.262381,,,,,0,1.2623810731063223
2008-07-04,sh.000016,2087.2510,2106.9950,2057.6050,2077.2340,2088.9690,1242305100,15222235783.0000,3,0.006456,1,-0.561766,,,,,0,-0.561760370785791
2008-07-07,sh.000016,2082.7480,2200.0080,2081.8400,2190.3040,2077.2340,2084121500,23826734594.0000,3,0.010831,1,5.443300,,,,,0,5.443296229505212
2008-07-08,sh.000016,2204.4910,2235.8760,2151.8470,2193.2070,2190.3040,2019749100,24337833943.0000,3,0.010496,1,0.132542,,,,,0,0.1325386795622885
2008-07-09,sh.000016,2219.4330,2295.2100,2219.4330,2289.6750,2193.2070,2764671900,33580750623.0000,3,0.014367,1,4.398491,,,,,0,4.398490429767921
2008-07-10,sh.000016,2253.4240,2319.0150,2239.9120,2259.2600,2289.6750,2192557000,27166393614.0000,3,0.011394,1,-1.328356,,,,,0,-1.3283544607859188
2008-07-11,sh.000016,2252.5170,2267.9300,2216.2310,2245.4640,2259.2600,1541165500,18923608169.0000,3,0.008009,1,-0.610638,,,,,0,-0.6106424227402041
2008-07-14,sh.000016,2223.8850,2280.9480,2216.1410,2259.1620,2245.4640,1153215800,13727550434.0000,3,0.005993,1,0.610030,,,,,0,0.6100298201173526
2008-07-15,sh.000016,2266.9700,2274.0220,2156.3910,2157.9100,2259.1620,1662145500,19413411071.0000,3,0.008583,1,-4.481847,,,,,0,-4.481838841127816
2008-07-16,sh.000016,2133.9630,2139.6360,2056.1880,2088.7770,2157.9100,1402699400,15853161276.0000,3,0.007243,1,-3.203693,,,,,0,-3.2037017299145876
2008-07-17,sh.000016,2127.9900,2142.7900,2065.4790,2073.3270,2088.7770,1147952900,12674108470.0000,3,0.005928,1,-0.739677,,,,,0,-0.7396672789866887
2008-07-18,sh.000016,2100.4660,2160.1050,2065.3170,2158.7000,2073.3270,1805650600,19941609712.0000,3,0.009324,1,4.117684,,,,,0,4.117681388415795
2008-07-21,sh.000016,2132.4430,2229.7470,2127.0750,2228.4460,2158.7000,1836421500,21712600635.0000,3,0.009483,1,3.230931,,,,,0,3.2309260202900036
2008-07-22,sh.000016,2219.7400,2236.0640,2205.3440,2217.8270,2228.4460,1297660000,15773336701.0000,3,0.006701,1,-0.476527,,,,,0,-0.4765204092896935
2008-07-23,sh.000016,2237.3940,2256.5250,2208.8640,2213.1470,2217.8270,1341277400,16535327321.0000,3,0.006926,1,-0.211014,,,,,0,-0.2110173606868493
2008-07-24,sh.000016,2235.5820,2300.5080,2233.6360,2299.5710,2213.1470,1965624100,24898836931.0000,3,0.010150,1,3.905031,,,,,0,3.9050275467467754
2008-07-25,sh.000016,2263.9760,2286.0030,2246.8640,2265.6830,2299.5710,1424299500,17228232891.0000,3,0.007355,1,-1.473663,,,,,0,-1.4736661751257096
2008-07-28,sh.000016,2282.0610,2318.0810,2269.6370,2278.2290,2265.6830,1515228300,18670542720.0000,3,0.007824,1,0.553736,,,,,0,0.5537403070067448
2008-07-29,sh.000016,2244.8490,2245.0200,2213.4150,2232.7870,2278.2290,1268578000,14949982805.0000,3,0.006551,1,-1.994615,,,,,0,-1.9946195048873516
2008-07-30,sh.000016,2265.4350,2272.4010,2207.0420,2219.2420,2232.7870,1019869500,11880262876.0000,3,0.005265,1,-0.606648,,,,,0,-0.6066409379846593
2008-07-31,sh.000016,2227.2360,2231.4870,2162.2700,2164.0800,2219.2420,949027700,10950425233.0000,3,0.004899,1,-2.485617,,,,,0,-2.4856234696351343
2008-08-01,sh.000016,2151.8740,2232.1150,2127.3570,2205.6850,2164.0800,1244647100,14566191992.0000,3,0.006426,1,1.922525,,,,,0,1.9225259694650942
2008-08-04,sh.000016,2185.1630,2201.2840,2151.1950,2155.8910,2205.6850,828952700,9624956336.0000,3,0.004276,1,-2.257527,,,,,0,-2.257529973681638
2008-08-05,sh.000016,2169.1400,2175.3430,2114.6000,2120.5090,2155.8910,1022497200,11811830804.0000,3,0.005274,1,-1.641181,,,,,0,-1.6411775920025629
2008-08-06,sh.000016,2141.1040,2167.9900,2117.4070,2150.0030,2120.5090,1035405100,12159113276.0000,3,0.005341,1,1.390888,,,,,0,1.3908924696853564
2008-08-07,sh.000016,2145.1130,2170.8100,2113.7780,2143.8030,2150.0030,900731100,10306297990.0000,3,0.004646,1,-0.288369,,,,,0,-0.28837169064416246
2008-08-08,sh.000016,2140.1520,2143.6190,2044.8100,2056.9160,2143.8030,1158823500,12809352009.0000,3,0.005978,1,-4.052936,,,,,0,-4.052937699965886
2008-08-11,sh.000016,2049.4570,2069.7920,1962.2340,1975.5160,2056.9160,1287396900,13203155726.0000,3,0.006638,1,-3.957382,,,,,0,-3.9573808556110257
2008-08-12,sh.000016,1959.5640,1990.1260,1943.5370,1961.2310,1975.5160,908330900,9279002418.0000,3,0.004684,1,-0.723104,,,,,0,-0.7231022173447399
2008-08-13,sh.000016,1947.9870,1967.1590,1900.5620,1949.3570,1961.2310,1024568100,10489448660.0000,3,0.005283,1,-0.605431,,,,,0,-0.6054360756076127
2008-08-14,sh.000016,1937.3390,1956.6900,1916.2340,1941.2370,1949.3570,684271000,7305348932.0000,3,0.003528,1,-0.416547,,,,,0,-0.4165476103145771
2008-08-15,sh.000016,1941.3760,1980.1310,1924.8070,1957.4730,1941.2370,745962400,7852873731.0000,3,0.003827,1,0.836372,,,,,0,0.836373920340483
2008-08-18,sh.000016,1959.1040,1959.9140,1859.6920,1859.9980,1957.4730,884865100,8630181777.0000,3,0.004505,1,-4.979633,,,,,0,-4.9796344572824225
2008-08-19,sh.000016,1840.2530,1898.9430,1832.2540,1889.0990,1859.9980,683400400,6518788514.0000,3,0.003281,1,1.564569,,,,,0,1.564571574808138
2008-08-20,sh.000016,1874.4360,2043.0020,1861.1620,2042.9440,1889.0990,1775943200,17864982892.0000,3,0.008526,1,8.143828,,,,,0,8.143829412857674
2008-08-21,sh.000016,2011.3430,2045.2550,1973.1690,1975.8890,2042.9440,1385414100,15740582358.0000,3,0.006651,1,-3.282270,,,,,0,-3.282273033426275
2008-08-22,sh.000016,1954.4220,1971.5030,1915.8750,1948.0650,1975.8890,928274500,9563325334.0000,3,0.004456,1,-1.408181,,,,,0,-1.4081762690110522
2008-08-25,sh.000016,1953.2850,1988.4070,1929.1470,1954.8510,1948.0650,700520600,7427198938.0000,3,0.003363,1,0.348346,,,,,0,0.34834566608403783
2008-08-26,sh.000016,1930.0630,1958.5340,1900.5920,1919.9760,1954.8510,899813600,8521132180.0000,3,0.004320,1,-1.784023,,,,,0,-1.7840234370803731
2008-08-27,sh.000016,1914.9960,1955.1730,1898.2200,1921.8840,1919.9760,987179200,10626808125.0000,3,0.004739,1,0.099380,,,,,0,0.09937624220301977
2008-08-28,sh.000016,1924.6980,1964.3430,1920.6750,1938.7570,1921.8840,839783000,10202025497.0000,3,0.004032,1,0.877937,,,,,0,0.8779406041155458
2008-08-29,sh.000016,1950.4090,1997.1980,1939.6840,1975.4530,1938.7570,1139395500,12260743747.0000,3,0.005457,1,1.892761,,,,,0,1.892759123500265
2008-09-01,sh.000016,1958.2700,1959.8390,1895.4950,1905.9010,1975.4530,836965300,9001219323.0000,3,0.003996,1,-3.520813,,,,,0,-3.520812694607256
2008-09-02,sh.000016,1893.0060,1901.9370,1871.4350,1882.1790,1905.9010,743554500,8126199427.0000,3,0.003550,1,-1.244663,,,,,0,-1.2446606618077172
2008-09-03,sh.000016,1880.2910,1894.4570,1827.4580,1849.1730,1882.1790,906730300,10140896726.0000,3,0.004329,1,-1.753605,,,,,0,-1.7536057941354155
2008-09-04,sh.000016,1842.2130,1859.4990,1816.0340,1845.8650,1849.1730,741669800,7865340943.0000,3,0.003541,1,-0.178890,,,,,0,-0.17889077982428114
2008-09-05,sh.000016,1799.3960,1822.2680,1781.7040,1796.9610,1845.8650,811021100,7999229904.0000,3,0.003872,1,-2.649378,,,,,0,-2.6493811844311432
2008-09-08,sh.000016,1805.4110,1812.2170,1764.2780,1770.3730,1796.9610,810616100,8275511119.0000,3,0.003870,1,-1.479610,,,,,0,-1.4796091846178028
2008-09-09,sh.000016,1779.1330,1790.1800,1758.5530,1780.7290,1770.3730,671099300,6165675102.0000,3,0.003204,1,0.584959,,,,,0,0.5849614742204023
2008-09-10,sh.000016,1769.8770,1815.7980,1746.5150,1781.7760,1780.7290,843237600,8443717535.0000,3,0.004026,1,0.058796,,,,,0,0.05879614472499295
2008-09-11,sh.000016,1774.0250,1776.4620,1705.5760,1709.7950,1781.7760,927223000,9630928130.0000,3,0.004427,1,-4.039844,,,,,0,-4.039845637162021
2008-09-12,sh.000016,1711.0940,1731.2760,1699.4600,1711.9590,1709.7950,736534300,7910048368.0000,3,0.003517,1,0.126561,,,,,0,0.1265648805850894
2008-09-16,sh.000016,1673.7910,1673.7910,1607.2740,1615.5810,1711.9590,1593848800,14376639934.0000,3,0.007610,1,-5.629687,,,,,0,-5.629690897971285
2008-09-17,sh.000016,1589.3040,1610.7430,1528.4260,1532.9580,1615.5810,1714176700,14497910223.0000,3,0.008185,1,-5.114138,,,,,0,-5.114135410109421
2008-09-18,sh.000016,1481.1010,1550.4270,1433.4360,1508.5230,1532.9580,2399133400,18263124263.0000,3,0.011454,1,-1.593981,,,,,0,-1.593977134402913
2008-09-19,sh.000016,1649.1870,1650.5370,1632.1230,1650.5370,1508.5230,1295111800,11416661633.0000,3,0.006183,1,9.414112,,,,,0,9.41410903247748
2008-09-22,sh.000016,1785.3200,1801.1680,1719.6730,1780.3750,1650.5370,4533708200,46159840488.0000,3,0.021644,1,7.866410,,,,,0,7.86640953822908
2008-09-23,sh.000016,1731.8570,1776.7520,1718.7550,1726.1300,1780.3750,4420934100,37403614348.0000,3,0.021106,1,-3.046830,,,,,0,-3.046830021765068
2008-09-24,sh.000016,1681.9800,1737.3330,1660.4630,1736.1190,1726.1300,2348233300,20241840450.0000,3,0.011211,1,0.578694,,,,,0,0.5786933776714243
2008-09-25,sh.000016,1740.5690,1844.5690,1736.6360,1808.8080,1736.1190,3450743400,35077144717.0000,3,0.016474,1,4.186865,,,,,0,4.186867374874659
2008-09-26,sh.000016,1816.7840,1823.0040,1770.6820,1811.3390,1808.8080,2509473200,28877712741.0000,3,0.011980,1,0.139927,,,,,0,0.13992640457141103
2008-10-06,sh.000016,1788.9660,1788.9660,1712.5050,1712.7140,1811.3390,1892859300,17504349500.0000,3,0.009034,1,-5.444867,,,,,0,-5.444867029308154
2008-10-07,sh.000016,1639.1350,1713.1890,1622.8250,1678.2660,1712.7140,1897757400,20685186046.0000,3,0.009057,1,-2.011311,,,,,0,-2.0113107033631894
2008-10-08,sh.000016,1623.2820,1647.9230,1579.6010,1600.5020,1678.2660,1701746700,17247194069.0000,3,0.008122,1,-4.633595,,,,,0,-4.633592052749691
2008-10-09,sh.000016,1629.2660,1631.4470,1577.4810,1587.0410,1600.5020,1449230400,14981680707.0000,3,0.006916,1,-0.841045,,,,,0,-0.8410486209951662
2008-10-10,sh.000016,1519.4630,1556.5440,1497.3380,1528.1350,1587.0410,1844643100,15716656231.0000,3,0.008803,1,-3.711688,,,,,0,-3.7116873477118673
2008-10-13,sh.000016,1519.6600,1614.5070,1488.3440,1613.8390,1528.1350,2092345900,19169288139.0000,3,0.009986,1,5.608404,,,,,0,5.608405016572493
2008-10-14,sh.000016,1675.4040,1679.9160,1564.1730,1564.7270,1613.8390,2494191300,24650088542.0000,3,0.011903,1,-3.043175,,,,,0,-3.043178408750802
2008-10-15,sh.000016,1543.2390,1563.3140,1529.7050,1548.5190,1564.7270,1371765500,12905280636.0000,3,0.006547,1,-1.035836,,,,,0,-1.0358356441730776
2008-10-16,sh.000016,1478.4510,1509.7440,1471.0390,1473.2540,1548.5190,1638312000,14745543849.0000,3,0.007660,1,-4.860451,,,,,0,-4.8604505337034976
2008-10-17,sh.000016,1489.5290,1500.2460,1462.9310,1480.1620,1473.2540,1145837400,10163597718.0000,3,0.005358,1,0.468891,,,,,0,0.46889402642043
2008-10-20,sh.000016,1474.9680,1534.2760,1452.8470,1531.6920,1480.1620,1272874200,12823246598.0000,3,0.005952,1,3.481378,,,,,0,3.481375687255861
2008-10-21,sh.000016,1534.9350,1553.8640,1512.8690,1514.1290,1531.6920,1435482500,14179350445.0000,3,0.006712,1,-1.146640,,,,,0,-1.1466404472961989
2008-10-22,sh.000016,1491.9150,1516.9340,1469.2100,1470.9220,1514.1290,1448474700,12098580533.0000,3,0.006773,1,-2.853590,,,,,0,-2.8535877722439706
2008-10-23,sh.000016,1433.8080,1460.7890,1416.2900,1459.1970,1470.9220,1611022300,13785648489.0000,3,0.007533,1,-0.797117,,,,,0,-0.7971190858522825
2008-10-24,sh.000016,1457.1930,1461.9170,1401.6800,1408.1260,1459.1970,1537091100,12977545791.0000,3,0.007133,1,-3.499942,,,,,0,-3.4999386648958186
2008-10-27,sh.000016,1379.5280,1379.5280,1303.7250,1305.7050,1408.1260,1476379400,12242112656.0000,3,0.006849,1,-7.273570,,,,,0,-7.273567848331764
2008-10-28,sh.000016,1274.7950,1364.3650,1269.2910,1353.6880,1305.7050,2149777200,17746353214.0000,3,0.009973,1,3.674875,,,,,0,3.674872961350406
2008-10-29,sh.000016,1364.0830,1377.5710,1316.6460,1316.9820,1353.6880,1735582700,15240706715.0000,3,0.008051,1,-2.711550,,,,,0,-2.7115553953348304
2008-10-30,sh.000016,1326.1810,1380.4640,1305.5410,1358.8910,1316.9820,1907500900,15932646682.0000,3,0.008849,1,3.182195,,,,,0,3.1821999085788644
2008-10-31,sh.000016,1348.5040,1355.4890,1320.9250,1327.7050,1358.8910,1213567600,10055658629.0000,3,0.005630,1,-2.294962,,,,,0,-2.294959639882832
2008-11-03,sh.000016,1312.7870,1351.8530,1308.2490,1323.8880,1327.7050,1128002900,9671181378.0000,3,0.005233,1,-0.287490,,,,,0,-0.2874885610885003
2008-11-04,sh.000016,1317.9590,1323.9270,1290.8080,1313.0170,1323.8880,1058110600,8609801636.0000,3,0.004909,1,-0.821140,,,,,0,-0.8211419697134348
2008-11-05,sh.000016,1324.3850,1394.4920,1324.3850,1370.7640,1313.0170,2060425200,16253593727.0000,3,0.009558,1,4.398045,,,,,0,4.398039020058375
2008-11-06,sh.000016,1332.7300,1344.2870,1324.4900,1332.7140,1370.7640,1322669900,10299187055.0000,3,0.006136,1,-2.775828,,,,,0,-2.7758242848513692
2008-11-07,sh.000016,1304.8520,1377.3860,1301.0360,1363.4580,1332.7140,1377705400,12052354326.0000,3,0.006391,1,2.306873,,,,,0,2.3068715418312014
2008-11-10,sh.000016,1398.2220,1471.5910,1398.2220,1469.6230,1363.4580,2885178200,23522958146.0000,3,0.013384,1,7.786454,,,,,0,7.786451801228922
2008-11-11,sh.000016,1460.6350,1478.1380,1441.2830,1443.2090,1469.6230,2528200300,20004897573.0000,3,0.011728,1,-1.797336,,,,,0,-1.7973316966323982
2008-11-12,sh.000016,1424.9590,1468.2060,1422.3230,1457.4310,1443.2090,1625086500,14315672004.0000,3,0.007539,1,0.985446,,,,,0,0.9854428568558005
2008-11-13,sh.000016,1434.8540,1527.3180,1421.3560,1509.8930,1457.4310,3348593100,27755320192.0000,3,0.015534,1,3.599615,,,,,0,3.5996215258218056
2008-11-14,sh.000016,1524.9270,1553.4280,1504.5090,1550.4650,1509.8930,3361087000,29044817788.0000,3,0.015592,1,2.687079,,,,,0,2.687077826044626
2008-11-17,sh.000016,1541.3390,1573.2880,1529.8870,1572.9040,1550.4650,3156935300,26934748028.0000,3,0.014606,1,1.447249,,,,,0,1.4472432463809248
2008-11-18,sh.000016,1564.7020,1583.7970,1452.1700,1459.1090,1572.9040,3726468900,31027151174.0000,3,0.017241,1,-7.234710,,,,,0,-7.234707267576413
2008-11-19,sh.000016,1455.2880,1549.4750,1441.2000,1543.7700,1459.1090,3201140800,26522096555.0000,3,0.014810,1,5.802240,,,,,0,5.802239585939084
2008-11-20,sh.000016,1512.1850,1545.8100,1496.1180,1511.7970,1543.7700,2823313700,23321193550.0000,3,0.013062,1,-2.071100,,,,,0,-2.0710986740252735
2008-11-21,sh.000016,1461.4310,1541.5230,1432.7480,1501.0930,1511.7970,3041041800,25446134127.0000,3,0.014069,1,-0.708030,,,,,0,-0.7080315677303162
2008-11-24,sh.000016,1493.4310,1499.2090,1434.3490,1435.6410,1501.0930,1763940500,14306662470.0000,3,0.008161,1,-4.360291,,,,,0,-4.36028946907353
2008-11-25,sh.000016,1462.9730,1472.4850,1412.6640,1435.3560,1435.6410,1437584900,12291985054.0000,3,0.006651,1,-0.019854,,,,,0,-0.01985175959728913
2008-11-26,sh.000016,1434.1460,1456.7650,1421.0950,1440.6360,1435.3560,1386969100,10867607435.0000,3,0.006417,1,0.367855,,,,,0,0.36785299256769655
2008-11-27,sh.000016,1527.7930,1536.6060,1454.7210,1455.7360,1440.6360,3149493200,27466087281.0000,3,0.014571,1,1.048146,,,,,0,1.0481481789987201
2008-11-28,sh.000016,1441.3440,1451.9430,1399.3610,1411.1650,1455.7360,1993485700,16005512336.0000,3,0.009223,1,-3.061745,,,,,0,-3.061750207455205
2008-12-01,sh.000016,1407.4420,1426.4150,1383.7830,1424.8640,1411.1650,1538698800,12536108782.0000,3,0.007119,1,0.970756,,,,,0,0.970758203328459
2008-12-02,sh.000016,1391.8520,1437.3700,1386.8120,1419.4850,1424.8640,1946463600,16083009920.0000,3,0.009005,1,-0.377512,,,,,0,-0.3775097132077243
2008-12-03,sh.000016,1434.7960,1487.3290,1432.8910,1486.8900,1419.4850,3009436600,24428012824.0000,3,0.013923,1,4.748555,,,,,0,4.748553172453396
2008-12-04,sh.000016,1510.4000,1569.2180,1510.4000,1521.5950,1486.8900,4361194700,38511914943.0000,3,0.020177,1,2.334064,,,,,0,2.3340664070643946
2008-12-05,sh.000016,1510.0700,1539.1980,1505.7200,1538.4680,1521.5950,2525393300,21515622690.0000,3,0.011684,1,1.108905,,,,,0,1.1089021717342717
2008-12-08,sh.000016,1561.2800,1603.4200,1553.3380,1602.7490,1538.4680,4102570600,35129763795.0000,3,0.018981,1,4.178247,,,,,0,4.178247451360706
2008-12-09,sh.000016,1609.4130,1609.6810,1554.1870,1554.5060,1602.7490,3418611800,29644420675.0000,3,0.015816,1,-3.010019,,,,,0,-3.01001591640363
2008-12-10,sh.000016,1546.9930,1607.8020,1538.9660,1607.4890,1554.5060,3432959500,30433106326.0000,3,0.015883,1,3.408352,,,,,0,3.408349662207799
2008-12-11,sh.000016,1594.6620,1612.3300,1562.4500,1567.0210,1607.4890,2717285900,24775498489.0000,3,0.012571,1,-2.517468,,,,,0,-2.517466682509184
2008-12-12,sh.000016,1551.0340,1559.5280,1483.7700,1499.2920,1567.0210,2663540800,22080786057.0000,3,0.012323,1,-4.322150,,,,,0,-4.3221501179626864
2008-12-15,sh.000016,1524.1360,1536.1730,1486.2670,1508.7150,1499.2920,1951360900,15914663916.0000,3,0.009028,1,0.628495,,,,,0,0.628496650418997
2008-12-16,sh.000016,1492.2380,1514.3180,1462.6970,1512.0840,1508.7150,1821562200,14710548973.0000,3,0.008427,1,0.223304,,,,,0,0.22330261182530453
2008-12-17,sh.000016,1518.1660,1532.6370,1505.2020,1510.3490,1512.0840,2096228100,17613228988.0000,3,0.009698,1,-0.114741,,,,,0,-0.11474230267631835
2008-12-18,sh.000016,1508.4700,1554.1010,1493.3980,1552.7480,1510.3490,2192688100,19029594623.0000,3,0.010144,1,2.807235,,,,,0,2.807231970888857
2008-12-19,sh.000016,1542.7930,1577.8820,1538.7960,1554.1140,1552.7480,2410630200,21592368497.0000,3,0.011153,1,0.087971,,,,,0,0.08797306452816844
2008-12-22,sh.000016,1552.7130,1554.1840,1508.3810,1522.4380,1554.1140,1800102700,15439149671.0000,3,0.008328,1,-2.038205,,,,,0,-2.0382031176606086
2008-12-23,sh.000016,1521.6000,1521.6000,1451.3400,1451.7590,1522.4380,2204096400,18021002876.0000,3,0.010197,1,-4.642485,,,,,0,-4.642487904269343
2008-12-24,sh.000016,1434.5880,1451.6330,1419.5600,1428.8950,1451.7590,1474691900,11806567525.0000,3,0.006823,1,-1.574918,,,,,0,-1.574917048904123
2008-12-25,sh.000016,1431.1820,1439.6590,1401.2780,1415.8290,1428.8950,1392072800,11278204943.0000,3,0.006394,1,-0.914416,,,,,0,-0.9144128854814415
2008-12-26,sh.000016,1414.9180,1431.3570,1405.5930,1416.8330,1415.8290,1212906100,9671615252.0000,3,0.005571,1,0.070915,,,,,0,0.070912518390287
2008-12-29,sh.000016,1409.7270,1414.3600,1385.4470,1407.6260,1416.8330,1226006400,10051559904.0000,3,0.005621,1,-0.649832,,,,,0,-0.6498295847146451
2008-12-30,sh.000016,1407.0580,1419.8920,1385.3090,1390.4010,1407.6260,1471358900,10942087951.0000,3,0.006746,1,-1.223690,,,,,0,-1.2236915203328147
2008-12-31,sh.000016,1393.4150,1404.7520,1382.0690,1384.9140,1390.4010,1301863400,9665432647.0000,3,0.006122,1,-0.394639,,,,,0,-0.3946343536864627
2009-01-05,sh.000016,1411.0830,1437.0570,1402.0490,1436.8850,1384.9140,2098515600,16149730675.0000,3,0.009297,1,3.752657,,,,,0,3.752651789208583
2009-01-06,sh.000016,1436.4820,1488.3420,1430.7020,1482.2840,1436.8850,3021643900,23687517202.0000,3,0.013386,1,3.159546,,,,,0,3.159543039282897
2009-01-07,sh.000016,1482.0150,1495.6510,1468.1750,1468.4560,1482.2840,2377335900,18204220050.0000,3,0.010532,1,-0.932885,,,,,0,-0.9328846563816495
2009-01-08,sh.000016,1439.3210,1440.1140,1420.1800,1430.0870,1468.4560,2325944300,17145031365.0000,3,0.010304,1,-2.612882,,,,,0,-2.612880467647649
2009-01-09,sh.000016,1428.2370,1452.3740,1428.2370,1447.1430,1430.0870,1750053500,13351347233.0000,3,0.007753,1,1.192648,,,,,0,1.192654712615382
2009-01-12,sh.000016,1441.6320,1462.3060,1433.8690,1441.7310,1447.1430,1878698800,15252347473.0000,3,0.008323,1,-0.373977,,,,,0,-0.37397824541182123
2009-01-13,sh.000016,1420.1320,1433.2480,1412.9270,1414.0800,1441.7310,1834640700,13317731195.0000,3,0.008128,1,-1.917903,,,,,0,-1.9179028542772536
2009-01-14,sh.000016,1413.4420,1476.7090,1413.4420,1476.7090,1414.0800,2364654000,21228109327.0000,3,0.010476,1,4.428960,,,,,0,4.428957343290341
2009-01-15,sh.000016,1460.6080,1484.9220,1452.3870,1469.2040,1476.7090,3160958700,25247345500.0000,3,0.014004,1,-0.508225,,,,,0,-0.5082247077792701
2009-01-16,sh.000016,1478.0730,1533.9610,1478.0730,1502.0040,1469.2040,4332392200,36749800756.0000,3,0.019193,1,2.232505,,,,,0,2.2325014089261908
2009-01-19,sh.000016,1522.1370,1568.6430,1517.9780,1529.5760,1502.0040,3893055100,31146023124.0000,3,0.017247,1,1.835682,,,,,0,1.8356808636994293
2009-01-20,sh.000016,1524.8220,1539.9610,1508.6730,1539.3730,1529.5760,2213241200,18527082148.0000,3,0.009805,1,0.640504,,,,,0,0.6405042966155294
2009-01-21,sh.000016,1513.1900,1560.9080,1510.2320,1536.7590,1539.3730,2709235000,24903123783.0000,3,0.012002,1,-0.169810,,,,,0,-0.1698093964230929
2009-01-22,sh.000016,1547.8910,1557.7970,1525.0110,1547.5890,1536.7590,2272364300,19229196582.0000,3,0.010067,1,0.704727,,,,,0,0.7047298893320342
2009-01-23,sh.000016,1542.9320,1553.6060,1530.4630,1538.2730,1547.5890,2275549900,18710895732.0000,3,0.010081,1,-0.601971,,,,,0,-0.6019686105290245
2009-02-02,sh.000016,1553.3390,1556.5970,1529.1740,1541.6780,1538.2730,1644271700,13761100355.0000,3,0.007278,1,0.221354,,,,,0,0.22135212670313376
2009-02-03,sh.000016,1542.4250,1580.7100,1538.1990,1580.2930,1541.6780,3206687000,26184934183.0000,3,0.014194,1,2.504738,,,,,0,2.504738343545143
2009-02-04,sh.000016,1588.6130,1632.2380,1587.5590,1631.7420,1580.2930,4021921600,32365408376.0000,3,0.017802,1,3.255661,,,,,0,3.255662082917543
2009-02-05,sh.000016,1630.2610,1677.8660,1617.9190,1629.4660,1631.7420,4555465300,38432434232.0000,3,0.020164,1,-0.139483,,,,,0,-0.13948283490895497
2009-02-06,sh.000016,1634.6020,1691.4920,1634.6020,1689.0020,1629.4660,3996903200,33288676424.0000,3,0.017691,1,3.653713,,,,,0,3.6537123204779975
2009-02-09,sh.000016,1715.1500,1735.6190,1696.3980,1716.5050,1689.0020,4825044400,41543751915.0000,3,0.021357,1,1.628361,,,,,0,1.6283580481254667
2009-02-10,sh.000016,1710.1200,1726.4390,1683.2780,1723.5480,1716.5050,4298210800,36570627798.0000,3,0.019025,1,0.410309,,,,,0,0.41031048555058014
2009-02-11,sh.000016,1694.0460,1764.0170,1682.8380,1728.9420,1723.5480,5910142800,54713636351.0000,3,0.026160,1,0.312962,,,,,0,0.3129590820795336
2009-02-12,sh.000016,1729.6630,1733.4330,1661.9490,1699.3460,1728.9420,4502671700,40427730805.0000,3,0.019930,1,-1.711802,,,,,0,-1.7117983136507808
2009-02-13,sh.000016,1700.5770,1758.6110,1688.3420,1755.5690,1699.3460,5767205900,50919174876.0000,3,0.025527,1,3.308510,,,,,0,3.308508096644225
2009-02-16,sh.000016,1771.6240,1817.5480,1768.8330,1817.0610,1755.5690,6462111800,57880237104.0000,3,0.028603,1,3.502686,,,,,0,3.5026820364223665
2009-02-17,sh.000016,1815.5700,1829.4750,1762.7670,1763.9450,1817.0610,5869238300,52388229926.0000,3,0.025979,1,-2.923187,,,,,0,-2.9231819955411464
2009-02-18,sh.000016,1723.8600,1743.5960,1672.3260,1675.8580,1763.9450,4561860700,41265483339.0000,3,0.020192,1,-4.993745,,,,,0,-4.993749805124303
2009-02-19,sh.000016,1688.8170,1703.1000,1651.5950,1675.7690,1675.8580,3500245100,31229409843.0000,3,0.015493,1,-0.005310,,,,,0,-0.005310712482797797
2009-02-20,sh.000016,1673.9750,1696.0980,1651.4020,1695.2550,1675.7690,3218262700,28858260567.0000,3,0.014245,1,1.162807,,,,,0,1.162809432564993
2009-02-23,sh.000016,1680.8240,1740.7810,1654.8930,1733.4240,1695.2550,4338998900,39650077341.0000,3,0.019206,1,2.251517,,,,,0,2.2515196828795547
2009-02-24,sh.000016,1703.4800,1721.3610,1635.1450,1640.5680,1733.4240,4864806000,45513623888.0000,3,0.021533,1,-5.356794,,,,,0,-5.356796721402269
2009-02-25,sh.000016,1661.7460,1681.4830,1596.6100,1662.2630,1640.5680,4292633400,40475387960.0000,3,0.019000,1,1.322405,,,,,0,1.3224078489888935
2009-02-26,sh.000016,1651.7650,1688.2240,1593.2250,1605.6110,1662.2630,4372121300,41793792177.0000,3,0.019352,1,-3.408123,,,,,0,-3.4081249477369013
2009-02-27,sh.000016,1592.3860,1621.1070,1580.4030,1592.0100,1605.6110,3596353800,31273926427.0000,3,0.015918,1,-0.847089,,,,,0,-0.8470918547518691
2009-03-02,sh.000016,1586.5600,1605.5370,1553.6910,1592.6120,1592.0100,2429895700,22770264498.0000,3,0.010532,1,0.037817,,,,,0,0.03781383282768225
2009-03-03,sh.000016,1552.8560,1583.2480,1544.6190,1563.9700,1592.6120,2452115500,21911727625.0000,3,0.010628,1,-1.798435,,,,,0,-1.79842924704825
2009-03-04,sh.000016,1568.7160,1677.8440,1568.7160,1671.5690,1563.9700,5075972700,44138078602.0000,3,0.022000,1,6.879863,,,,,0,6.879863424490229
2009-03-05,sh.000016,1691.2460,1718.5740,1658.0520,1694.6480,1671.5690,6421105300,57894986997.0000,3,0.027830,1,1.380678,,,,,0,1.3806788711683504
2009-03-06,sh.000016,1659.5740,1700.8520,1656.6050,1676.7900,1694.6480,3667005700,35306815437.0000,3,0.015893,1,-1.053783,,,,,0,-1.0537881613172706
2009-03-09,sh.000016,1689.1230,1716.3550,1619.7930,1620.1290,1676.7900,3941337700,35502748982.0000,3,0.017083,1,-3.379136,,,,,0,-3.379135133200939
2009-03-10,sh.000016,1601.6540,1649.1340,1594.4710,1648.1510,1620.1290,2417051100,22428953695.0000,3,0.010476,1,1.729614,,,,,0,1.7296153577894158
2009-03-11,sh.000016,1685.1440,1687.6240,1629.2990,1634.0770,1648.1510,2919694400,29164582905.0000,3,0.012655,1,-0.853925,,,,,0,-0.8539266123067657
2009-03-12,sh.000016,1623.6100,1630.5000,1590.2360,1628.3360,1634.0770,2134986700,20415737484.0000,3,0.009253,1,-0.351328,,,,,0,-0.35132983329426715
2009-03-13,sh.000016,1640.5260,1656.5550,1622.5080,1626.0180,1628.3360,2193075000,22031352513.0000,3,0.009505,1,-0.142361,,,,,0,-0.14235391221467664
2009-03-16,sh.000016,1619.7640,1663.0040,1604.0920,1656.1840,1626.0180,2180117200,21142907659.0000,3,0.009449,1,1.855208,,,,,0,1.855207014928495
2009-03-17,sh.000016,1656.0070,1710.5300,1651.6920,1705.5120,1656.1840,3827055600,36994319719.0000,3,0.016587,1,2.978413,,,,,0,2.9784130265719355
2009-03-18,sh.000016,1714.9930,1727.5080,1701.3650,1702.2960,1705.5120,3899548800,37224743982.0000,3,0.016901,1,-0.188562,,,,,0,-0.1885650760592661
2009-03-19,sh.000016,1706.3080,1736.6940,1697.3730,1733.8000,1702.2960,3731061700,35991349633.0000,3,0.016171,1,1.850679,,,,,0,1.8506769680478596
2009-03-20,sh.000016,1737.5340,1744.6150,1705.9560,1726.2110,1733.8000,4291377700,40910879455.0000,3,0.018600,1,-0.437708,,,,,0,-0.4377090783250659
2009-03-23,sh.000016,1728.6560,1773.9200,1723.2780,1767.0490,1726.2110,4267097900,44908387171.0000,3,0.018494,1,2.365753,,,,,0,2.3657594581427244
2009-03-24,sh.000016,1802.1620,1807.4120,1768.6350,1776.1170,1767.0490,4601397600,44867659045.0000,3,0.019943,1,0.513172,,,,,0,0.5131719607096352
2009-03-25,sh.000016,1764.0310,1793.9160,1746.6700,1747.4190,1776.1170,3909556800,39070772473.0000,3,0.016945,1,-1.615772,,,,,0,-1.6157719339435328
2009-03-26,sh.000016,1755.8690,1812.2130,1744.1480,1811.8730,1747.4190,5162153100,48737275984.0000,3,0.022374,1,3.688532,,,,,0,3.6885257628536783
2009-03-27,sh.000016,1827.9850,1840.1440,1812.6270,1825.6310,1811.8730,6077437100,53768755842.0000,3,0.026341,1,0.759321,,,,,0,0.7593247429593664
2009-03-30,sh.000016,1829.1060,1836.0980,1807.9300,1817.4070,1825.6310,4025721600,38128632788.0000,3,0.017415,1,-0.450474,,,,,0,-0.4504743839253478
2009-03-31,sh.000016,1783.7240,1839.0680,1772.2660,1830.2800,1817.4070,3886053600,41158235861.0000,3,0.016811,1,0.708319,,,,,0,0.7083168492252989
2009-04-01,sh.000016,1839.4080,1865.4790,1833.8450,1852.0190,1830.2800,5010150100,48837830018.0000,3,0.021674,1,1.187742,,,,,0,1.1877417662871315
2009-04-02,sh.000016,1859.8770,1899.2340,1859.5620,1878.3960,1852.0190,5933414300,56507876885.0000,3,0.025668,1,1.424227,,,,,0,1.4242294490499185
2009-04-03,sh.000016,1898.6950,1920.7700,1877.4670,1892.7270,1878.3960,5720505000,52009484088.0000,3,0.024747,1,0.762941,,,,,0,0.7629381663930346
2009-04-07,sh.000016,1892.6680,1915.6040,1869.4840,1894.1240,1892.7270,3921636200,37247496808.0000,3,0.016965,1,0.073807,,,,,0,0.07380884829137901
2009-04-08,sh.000016,1883.1390,1892.4070,1816.1170,1816.3330,1894.1240,4482904100,43049636058.0000,3,0.019393,1,-4.106965,,,,,0,-4.10696448595762
2009-04-09,sh.000016,1817.2030,1847.9880,1803.0640,1847.1650,1816.3330,3192113200,32072748336.0000,3,0.013809,1,1.697488,,,,,0,1.6974860887293275
2009-04-10,sh.000016,1867.4980,1895.5650,1858.4410,1895.1590,1847.1650,4369164900,46094132973.0000,3,0.018901,1,2.598253,,,,,0,2.5982519157736306
2009-04-13,sh.000016,1915.4310,1952.0400,1911.8010,1939.5580,1895.1590,6008152700,62706109480.0000,3,0.025991,1,2.342755,,,,,0,2.3427585759295155
2009-04-14,sh.000016,1935.9950,1955.8910,1928.0270,1949.0220,1939.5580,4112730800,45158524934.0000,3,0.017792,1,0.487946,,,,,0,0.4879462227992182
2009-04-15,sh.000016,1938.7730,1950.7660,1905.1010,1943.3500,1949.0220,4541902400,46320597140.0000,3,0.019648,1,-0.291018,,,,,0,-0.2910177514671486
2009-04-16,sh.000016,1945.1240,1958.7480,1907.4330,1943.2140,1943.3500,4593558600,43927919487.0000,3,0.019872,1,-0.006998,,,,,0,-0.006998224715049073
2009-04-17,sh.000016,1933.5040,1951.6640,1908.0810,1920.3090,1943.2140,3694311400,38191863919.0000,3,0.015982,1,-1.178719,,,,,0,-1.1787173208920865
2009-04-20,sh.000016,1915.9950,1958.3320,1913.7990,1956.7770,1920.3090,3608890500,36760707229.0000,3,0.015612,1,1.899070,,,,,0,1.8990693685235094
2009-04-21,sh.000016,1926.4720,1945.9290,1903.8650,1930.5720,1956.7770,4117249600,41599714017.0000,3,0.017811,1,-1.339190,,,,,0,-1.3391919467573565
2009-04-22,sh.000016,1941.1680,1967.2670,1867.4200,1874.7510,1930.5720,5228353600,50001543544.0000,3,0.022618,1,-2.891425,,,,,0,-2.8914228529161257
2009-04-23,sh.000016,1859.1230,1882.7110,1850.2500,1876.4240,1874.7510,3260147900,29661374596.0000,3,0.014103,1,0.089237,,,,,0,0.0892385175417898
2009-04-24,sh.000016,1886.1540,1888.0950,1857.7790,1860.7480,1876.4240,2812208200,28083225883.0000,3,0.012166,1,-0.835414,,,,,0,-0.8354188605560364
2009-04-27,sh.000016,1858.8640,1866.1370,1815.8160,1827.4710,1860.7480,3112934100,29107054069.0000,3,0.013186,1,-1.788372,,,,,0,-1.7883668288236843
2009-04-28,sh.000016,1810.2390,1837.4820,1805.7760,1826.1360,1827.4710,2554986600,25601702838.0000,3,0.010822,1,-0.073050,,,,,0,-0.07305177482981318
2009-04-29,sh.000016,1827.0020,1910.4520,1822.9280,1901.0680,1826.1360,3870326300,39136378291.0000,3,0.016394,1,4.103309,,,,,0,4.103308844467235
2009-04-30,sh.000016,1903.2330,1910.0330,1884.5280,1895.7000,1901.0680,3631685600,38240469662.0000,3,0.015345,1,-0.282370,,,,,0,-0.2823675954779059
2009-05-04,sh.000016,1903.0830,1959.8150,1900.0360,1957.9400,1895.7000,4708760300,46346162617.0000,3,0.019896,1,3.283219,,,,,0,3.2832199187635247
2009-05-05,sh.000016,1971.7430,1986.5940,1952.0920,1960.9800,1957.9400,4241200500,40988203953.0000,3,0.017920,1,0.155267,,,,,0,0.15526522773936513
2009-05-06,sh.000016,1960.8850,1989.0940,1951.7570,1980.2000,1960.9800,4438952100,43451605757.0000,3,0.018756,1,0.980121,,,,,0,0.9801221838060536
2009-05-07,sh.000016,1992.3490,2015.9020,1971.0390,1991.1670,1980.2000,5199680200,50623683403.0000,3,0.021970,1,0.553835,,,,,0,0.5538329461670433
2009-05-08,sh.000016,1982.5530,2027.9180,1973.4740,2022.9530,1991.1670,4670070000,47141056003.0000,3,0.019732,1,1.596351,,,,,0,1.5963502810161012
2009-05-11,sh.000016,2040.1840,2086.5380,2000.5320,2000.7750,2022.9530,5970960100,62048063930.0000,3,0.025229,1,-1.096317,,,,,0,-1.0963181052649262
2009-05-12,sh.000016,1985.3890,2037.2910,1980.0900,2035.9760,2000.7750,3900626100,36559072177.0000,3,0.016436,1,1.759365,,,,,0,1.7593682448051373
2009-05-13,sh.000016,2037.7980,2059.1740,2019.1240,2053.8020,2035.9760,4852110900,52326138284.0000,3,0.020445,1,0.875553,,,,,0,0.8755505958812915
2009-05-14,sh.000016,2025.5420,2033.9290,2002.5370,2021.5600,2053.8020,3495530900,36988445327.0000,3,0.014729,1,-1.569866,,,,,0,-1.5698689552352318
2009-05-15,sh.000016,2028.7270,2039.3750,2010.1420,2022.3010,2021.5600,2345365300,25535220205.0000,3,0.009883,1,0.036653,,,,,0,0.03665486060269174
2009-05-18,sh.000016,2011.2310,2030.4970,1985.6820,2029.0600,2022.3010,3334592000,36477721809.0000,3,0.014036,1,0.334225,,,,,0,0.3342232437208992
2009-05-19,sh.000016,2051.5730,2059.1470,2038.2770,2050.0460,2029.0600,4086976500,44876727621.0000,3,0.016458,1,1.034264,,,,,0,1.0342720274412631
2009-05-20,sh.000016,2051.6690,2053.3360,2018.9040,2019.4100,2050.0460,3548079500,38787610333.0000,3,0.014288,1,-1.494399,,,,,0,-1.4944054913889615
2009-05-21,sh.000016,2004.7690,2016.3050,1963.3570,1972.4680,2019.4100,3803031300,40211446538.0000,3,0.015314,1,-2.324541,,,,,0,-2.3245403360387495
2009-05-22,sh.000016,1959.3090,1980.6760,1951.7450,1967.6610,1972.4680,2363483800,25109309100.0000,3,0.009517,1,-0.243705,,,,,0,-0.24370484083898747
2009-05-25,sh.000016,1930.8430,1978.9420,1927.0330,1970.9800,1967.6610,2774936100,29517914811.0000,3,0.011152,1,0.168676,,,,,0,0.16867742969952637
2009-05-26,sh.000016,1976.6120,1978.6510,1945.0210,1945.4960,1970.9800,2370300800,27048644700.0000,3,0.009526,1,-1.292961,,,,,0,-1.2929608621092048
2009-05-27,sh.000016,1954.6690,2000.3780,1949.8730,1991.2850,1945.4960,3248570400,33229428871.0000,3,0.013056,1,2.353593,,,,,0,2.353590035651587
2009-06-01,sh.000016,2021.7280,2082.8810,2021.7280,2076.8770,1991.2850,5732614200,64456964501.0000,3,0.023039,1,4.298326,,,,,0,4.298329972856707
2009-06-02,sh.000016,2091.7200,2101.8380,2069.5010,2074.7570,2076.8770,5081735800,56016027014.0000,3,0.020423,1,-0.102070,,,,,0,-0.10207633865654264
2009-06-03,sh.000016,2075.9320,2150.1330,2075.9320,2149.5770,2074.7570,5333754100,57374933518.0000,3,0.021436,1,3.606197,,,,,0,3.6062054496020624
2009-06-04,sh.000016,2138.6270,2182.6700,2131.4230,2174.0150,2149.5770,6250775600,69155126771.0000,3,0.025122,1,1.136874,,,,,0,1.1368748363049797
2009-06-05,sh.000016,2183.0390,2191.1880,2159.7750,2160.4160,2174.0150,4485535700,48864320251.0000,3,0.018027,1,-0.625519,,,,,0,-0.6255246628932953
2009-06-08,sh.000016,2161.1020,2214.4270,2143.4150,2186.4740,2160.4160,4714001900,47713924572.0000,3,0.018826,1,1.206161,,,,,0,1.2061565920637562
2009-06-09,sh.000016,2186.1260,2198.3880,2145.1640,2197.1450,2186.4740,4456788500,45753441976.0000,3,0.017639,1,0.488041,,,,,0,0.4880460503989381
2009-06-10,sh.000016,2201.8350,2224.6330,2197.2780,2212.1910,2197.1450,4641200500,50539591169.0000,3,0.018369,1,0.684793,,,,,0,0.6847977716536668
2009-06-11,sh.000016,2207.1970,2227.6550,2189.2150,2196.7260,2212.1910,3701447300,40482167073.0000,3,0.014649,1,-0.699074,,,,,0,-0.6990806851668641
2009-06-12,sh.000016,2192.1040,2212.6550,2138.6370,2156.5340,2196.7260,3518773100,37178258890.0000,3,0.013923,1,-1.829638,,,,,0,-1.8296319158602414
2009-06-15,sh.000016,2164.4530,2219.4920,2150.5480,2217.3800,2156.5340,3772305500,42457204903.0000,3,0.014926,1,2.821470,,,,,0,2.8214718617930457
2009-06-16,sh.000016,2193.3520,2228.3580,2186.5440,2207.6220,2217.3800,3288127900,38893471966.0000,3,0.013010,1,-0.440061,,,,,0,-0.44006891015524463
2009-06-17,sh.000016,2203.5420,2242.3950,2173.7740,2236.0760,2207.6220,3134318200,36353507410.0000,3,0.012402,1,1.288892,,,,,0,1.2888981899981111
2009-06-18,sh.000016,2238.9630,2289.4060,2237.2400,2283.5320,2236.0760,4431544500,50109355121.0000,3,0.017535,1,2.122292,,,,,0,2.122289224516516
2009-06-19,sh.000016,2287.0380,2316.3680,2281.0140,2309.2240,2283.5320,4669939600,48324730994.0000,3,0.018478,1,1.125105,,,,,0,1.1250991884501627
2009-06-22,sh.000016,2334.9510,2351.4040,2313.9640,2320.7500,2309.2240,4674145200,50517746997.0000,3,0.018494,1,0.499123,,,,,0,0.4991287116364651
2009-06-23,sh.000016,2283.8050,2374.6160,2279.1170,2331.5050,2320.7500,5565592700,57710928346.0000,3,0.022022,1,0.463423,,,,,0,0.4634277711946577
2009-06-24,sh.000016,2325.0680,2340.7910,2301.9340,2336.0800,2331.5050,4927520600,53129292667.0000,3,0.019452,1,0.196234,,,,,0,0.19622518501996034
2009-06-25,sh.000016,2337.1680,2356.5660,2324.9590,2335.9230,2336.0800,3504493900,41187901658.0000,3,0.013834,1,-0.006720,,,,,0,-0.006720660251369193
2009-06-26,sh.000016,2341.7010,2354.1570,2329.1410,2344.3980,2335.9230,2949828800,33375145787.0000,3,0.011645,1,0.362805,,,,,0,0.36281161665006056
2009-06-29,sh.000016,2347.8930,2392.0000,2341.7750,2391.0700,2344.3980,3452227800,40162064953.0000,3,0.013614,1,1.990793,,,,,0,1.99078825353034
2009-06-30,sh.000016,2400.2000,2404.1860,2377.1220,2380.9000,2391.0700,4017628000,50128699958.0000,3,0.016628,1,-0.425339,,,,,0,-0.42533259168490156
2009-07-01,sh.000016,2369.5130,2444.0970,2367.3390,2440.8970,2380.9000,4236822500,50547012864.0000,3,0.017073,1,2.519933,,,,,0,2.5199294384476323
2009-07-02,sh.000016,2448.0430,2491.2810,2447.9400,2481.0710,2440.8970,5083177400,63260538096.0000,3,0.020483,1,1.645873,,,,,0,1.6458703501212923
2009-07-03,sh.000016,2459.8870,2509.2230,2454.9190,2508.2820,2481.0710,4319920900,54946024714.0000,3,0.017158,1,1.096742,,,,,0,1.0967441076857654
2009-07-06,sh.000016,2511.1700,2556.8720,2511.1700,2549.4900,2508.2820,5897081100,74412460256.0000,3,0.013938,1,1.642878,,,,,0,1.6428774754991604
2009-07-07,sh.000016,2546.0530,2562.2000,2507.7190,2516.9890,2549.4900,5710200500,67460152792.0000,3,0.013496,1,-1.274803,,,,,0,-1.2748039804039157
2009-07-08,sh.000016,2487.6740,2519.5390,2432.4180,2502.1540,2516.9890,5253521400,64208227714.0000,3,0.012417,1,-0.589393,,,,,0,-0.5893947093133955
2009-07-09,sh.000016,2495.7010,2532.5630,2480.1770,2531.9810,2502.1540,4308478600,56295247282.0000,3,0.010183,1,1.192049,,,,,0,1.1920529271979285
2009-07-10,sh.000016,2533.4250,2543.6770,2504.6550,2519.0750,2531.9810,3999193800,51989171469.0000,3,0.009452,1,-0.509720,,,,,0,-0.509719464719538
2009-07-13,sh.000016,2500.6450,2507.2110,2466.4020,2467.4850,2519.0750,4023071200,50463625927.0000,3,0.009509,1,-2.047968,,,,,0,-2.0479739586951484
2009-07-14,sh.000016,2478.1150,2549.0030,2478.1150,2548.7690,2467.4850,4391639400,55808115892.0000,3,0.010380,1,3.294202,,,,,0,3.2942044227219025
2009-07-15,sh.000016,2559.0730,2581.5600,2558.3060,2576.7760,2548.7690,5233952800,64820565559.0000,3,0.012370,1,1.098838,,,,,0,1.0988441871350396
2009-07-16,sh.000016,2598.6460,2630.9620,2575.3890,2598.0740,2576.7760,5397918200,68615597791.0000,3,0.012758,1,0.826541,,,,,0,0.8265367265140711
2009-07-17,sh.000016,2598.9610,2617.7120,2579.5820,2604.3540,2598.0740,4410979500,56347314820.0000,3,0.010425,1,0.241719,,,,,0,0.24171751843864442
2009-07-20,sh.000016,2615.2970,2658.6300,2597.2450,2652.0260,2604.3540,5572615200,71963713454.0000,3,0.013171,1,1.830468,,,,,0,1.8304731230854188
2009-07-21,sh.000016,2664.9620,2685.4270,2618.3570,2622.7120,2652.0260,5410202300,72481201425.0000,3,0.012787,1,-1.105342,,,,,0,-1.1053436127700045
2009-07-22,sh.000016,2622.2840,2678.1880,2621.7380,2677.1510,2622.7120,4933758900,68925617082.0000,3,0.011661,1,2.075675,,,,,0,2.0756758652875185
2009-07-23,sh.000016,2681.3960,2720.6320,2662.1430,2717.2300,2677.1510,5049869400,65066744531.0000,3,0.011935,1,1.497080,,,,,0,1.4970765563840027
2009-07-24,sh.000016,2733.2860,2752.5690,2684.9210,2743.0250,2717.2300,5793423700,75251059044.0000,3,0.013693,1,0.949310,,,,,0,0.9493123511811641
2009-07-27,sh.000016,2753.6830,2805.7620,2752.1700,2805.0390,2743.0250,6115109900,79747826951.0000,3,0.014453,1,2.260795,,,,,0,2.2607887277731775
2009-07-28,sh.000016,2803.6430,2807.7070,2767.0180,2799.3120,2805.0390,5640727400,73660782316.0000,3,0.013332,1,-0.204170,,,,,0,-0.20416828429125067
2009-07-29,sh.000016,2788.6700,2829.8020,2583.0730,2671.5930,2799.3120,7321459900,94024036147.0000,3,0.017304,1,-4.562513,,,,,0,-4.562513931994716
2009-07-30,sh.000016,2702.4630,2771.3550,2662.8700,2754.1890,2671.5930,6331227400,78730049175.0000,3,0.014964,1,3.091637,,,,,0,3.091638584170564
2009-07-31,sh.000016,2782.8670,2818.5460,2746.3230,2816.8860,2754.1890,5676579900,73847242249.0000,3,0.013367,1,2.276424,,,,,0,2.276423295569052
2009-08-03,sh.000016,2832.8160,2840.1590,2794.4480,2837.7370,2816.8860,5023475100,69465814988.0000,3,0.011571,1,0.740217,,,,,0,0.7402145489735945
2009-08-04,sh.000016,2849.4110,2849.4110,2763.0150,2810.2590,2837.7370,5355446800,72405905656.0000,3,0.012336,1,-0.968308,,,,,0,-0.9683067881202545
2009-08-05,sh.000016,2805.4230,2805.8070,2734.3840,2761.9570,2810.2590,5740498600,75681501213.0000,3,0.013223,1,-1.718774,,,,,0,-1.7187739635386001
2009-08-06,sh.000016,2737.5230,2755.5970,2654.8610,2698.2550,2761.9570,4587962300,66247665244.0000,3,0.010568,1,-2.306413,,,,,0,-2.3064081012122872
2009-08-07,sh.000016,2694.9520,2718.8840,2621.1100,2634.4880,2698.2550,3904470600,54578484484.0000,3,0.008994,1,-2.363262,,,,,0,-2.3632681121688037
2009-08-10,sh.000016,2658.5810,2673.0200,2572.5040,2611.9930,2634.4880,3516049700,47226776345.0000,3,0.008099,1,-0.853870,,,,,0,-0.853866102255918
2009-08-11,sh.000016,2622.9430,2627.7300,2582.1520,2614.8500,2611.9930,2413528000,33064917084.0000,3,0.005559,1,0.109387,,,,,0,0.10938007873682043
2009-08-12,sh.000016,2608.0480,2610.6720,2489.9320,2493.4810,2614.8500,3826611300,50623818036.0000,3,0.008814,1,-4.641533,,,,,0,-4.641528194733913
2009-08-13,sh.000016,2493.2330,2535.3660,2449.3830,2528.6440,2493.4810,3816495900,48819381461.0000,3,0.008791,1,1.410201,,,,,0,1.4101972302977162
2009-08-14,sh.000016,2520.8630,2532.4130,2445.3080,2463.5230,2528.6440,3617312300,47112264560.0000,3,0.008332,1,-2.575337,,,,,0,-2.5753328661527575
2009-08-17,sh.000016,2418.3170,2453.7090,2327.2810,2331.7180,2463.5230,3983362400,49862340357.0000,3,0.009176,1,-5.350262,,,,,0,-5.350264641328706
2009-08-18,sh.000016,2313.1590,2354.8760,2278.3460,2342.8090,2331.7180,3301950900,41272180679.0000,3,0.007499,1,0.475661,,,,,0,0.47565786257173226
2009-08-19,sh.000016,2348.9730,2355.4420,2206.5970,2230.7190,2342.8090,3428505500,41016080145.0000,3,0.007786,1,-4.784431,,,,,0,-4.784427582444839
2009-08-20,sh.000016,2240.0960,2334.3650,2240.0960,2333.4860,2230.7190,3314763000,42261436196.0000,3,0.007528,1,4.606905,,,,,0,4.606900286409887
2009-08-21,sh.000016,2326.6690,2392.0350,2309.5380,2367.5670,2333.4860,3630922800,44089188124.0000,3,0.008246,1,1.460511,,,,,0,1.4605187260605001
2009-08-24,sh.000016,2384.3380,2388.0730,2342.8690,2368.0520,2367.5670,3061214200,38863917156.0000,3,0.006937,1,0.020490,,,,,0,0.020485164728190064
2009-08-25,sh.000016,2355.1970,2355.1970,2193.9950,2259.5500,2368.0520,3911258300,49217873894.0000,3,0.008864,1,-4.581907,,,,,0,-4.581909518878802
2009-08-26,sh.000016,2239.6630,2317.6750,2225.8130,2292.4880,2259.5500,3066972700,39227474818.0000,3,0.006950,1,1.457723,,,,,0,1.457723883074058
2009-08-27,sh.000016,2277.3770,2316.2380,2247.4780,2276.0120,2292.4880,3173081900,37751701888.0000,3,0.007191,1,-0.718698,,,,,0,-0.7186951469320468
2009-08-28,sh.000016,2273.6540,2287.5260,2177.9230,2193.5180,2276.0120,3839680100,45431591422.0000,3,0.008702,1,-3.624493,,,,,0,-3.6244975861287276
2009-08-31,sh.000016,2163.0130,2163.0130,2043.3610,2046.5890,2193.5180,3641359200,41975384430.0000,3,0.008228,1,-6.698330,,,,,0,-6.698326615053995
2009-09-01,sh.000016,2033.4400,2115.8260,2033.4400,2076.6840,2046.5890,3052589900,35086811656.0000,3,0.006897,1,1.470500,,,,,0,1.470495541606076
2009-09-02,sh.000016,2062.8840,2130.9920,2053.5960,2123.5050,2076.6840,2697463800,32213772974.0000,3,0.006095,1,2.254594,,,,,0,2.254603974413061
2009-09-03,sh.000016,2127.2120,2237.3290,2119.4600,2230.5170,2123.5050,3965507200,47323045790.0000,3,0.008960,1,5.039414,,,,,0,5.039404192596653
2009-09-04,sh.000016,2232.0230,2262.5420,2218.1990,2237.4920,2230.5170,3360752100,39816314508.0000,3,0.007594,1,0.312701,,,,,0,0.3127077713373394
2009-09-07,sh.000016,2254.7520,2293.1240,2237.8610,2253.8050,2237.4920,3205814800,39172736073.0000,3,0.007244,1,0.729075,,,,,0,0.7290752324477401
2009-09-08,sh.000016,2240.8240,2295.3520,2211.4350,2294.8860,2253.8050,3152826100,37516917425.0000,3,0.007124,1,1.822742,,,,,0,1.8227397667500034
2009-09-09,sh.000016,2307.6860,2322.8650,2271.8970,2305.0000,2294.8860,3293098800,41579965888.0000,3,0.007441,1,0.440720,,,,,0,0.44071905968314784
2009-09-10,sh.000016,2295.7980,2311.3630,2272.8500,2284.0710,2305.0000,2369804700,27906020333.0000,3,0.005355,1,-0.907981,,,,,0,-0.907982646420824
2009-09-11,sh.000016,2279.3170,2364.7490,2279.3170,2356.9800,2284.0710,3423682400,40570257320.0000,3,0.007736,1,3.192061,,,,,0,3.192063644256238
2009-09-14,sh.000016,2361.9910,2388.2820,2351.4240,2384.6220,2356.9800,3084307100,38449543925.0000,3,0.006969,1,1.172776,,,,,0,1.172771936970185
2009-09-15,sh.000016,2387.4030,2405.5990,2359.1960,2385.3300,2384.6220,3051494800,38396703565.0000,3,0.006895,1,0.029691,,,,,0,0.029690240214175212
2009-09-16,sh.000016,2373.7720,2380.0940,2312.5630,2336.6150,2385.3300,3151607100,39365377660.0000,3,0.007121,1,-2.042279,,,,,0,-2.0422750730506922
2009-09-17,sh.000016,2354.9190,2389.3360,2354.9190,2383.0330,2336.6150,3343599700,39963617915.0000,3,0.007555,1,1.986548,,,,,0,1.986548917986064
2009-09-18,sh.000016,2386.0770,2389.7430,2279.0790,2296.3190,2383.0330,3845677600,44447569409.0000,3,0.008689,1,-3.638803,,,,,0,-3.63880819107415
2009-09-21,sh.000016,2271.0840,2292.7190,2216.3640,2290.2560,2296.3190,2733652300,33187107051.0000,3,0.006177,1,-0.264031,,,,,0,-0.26403126046512515
2009-09-22,sh.000016,2280.2100,2307.7270,2232.1060,2233.0800,2290.2560,2670441400,32426239913.0000,3,0.006034,1,-2.496490,,,,,0,-2.4964894754123557
2009-09-23,sh.000016,2236.3020,2258.2510,2188.2650,2199.0850,2233.0800,2439383500,28853854049.0000,3,0.005512,1,-1.522342,,,,,0,-1.522336862091811
2009-09-24,sh.000016,2187.6120,2262.2780,2166.2350,2234.7050,2199.0850,2745870500,32889588747.0000,3,0.006204,1,1.619770,,,,,0,1.6197645839064911
2009-09-25,sh.000016,2217.0450,2244.0400,2195.9410,2226.0030,2234.7050,2014082700,24028703505.0000,3,0.004551,1,-0.389409,,,,,0,-0.38940262808736525
2009-09-28,sh.000016,2230.9240,2242.3340,2153.0900,2162.1530,2226.0030,1705572100,19864815075.0000,3,0.003854,1,-2.868363,,,,,0,-2.868369898872569
2009-09-29,sh.000016,2165.9520,2194.1360,2144.6030,2177.4340,2162.1530,1986994100,22492416637.0000,3,0.004490,1,0.706750,,,,,0,0.7067492448499468
2009-09-30,sh.000016,2192.9170,2216.0540,2182.4840,2198.4070,2177.4340,1908610100,21688890641.0000,3,0.004312,1,0.963193,,,,,0,0.9631979660462697
2009-10-09,sh.000016,2251.8170,2309.7190,2246.2790,2308.6820,2198.4070,2430082200,29862083220.0000,3,0.005491,1,5.016128,,,,,0,5.01613213567822
2009-10-12,sh.000016,2322.7690,2335.2650,2293.0610,2293.8220,2308.6820,2460527400,29669188818.0000,3,0.005560,1,-0.643651,,,,,0,-0.6436572901768023
2009-10-13,sh.000016,2288.1390,2334.0760,2285.8960,2331.6430,2293.8220,1983069800,24174276296.0000,3,0.004481,1,1.648822,,,,,0,1.6488201787235424
2009-10-14,sh.000016,2339.5660,2389.7940,2334.3380,2352.2410,2331.6430,3204633600,39891009403.0000,3,0.007241,1,0.883407,,,,,0,0.8834113970277668
2009-10-15,sh.000016,2379.3310,2402.3500,2355.3470,2363.5980,2352.2410,2207125700,28205236517.0000,3,0.004987,1,0.482813,,,,,0,0.48281617402299304
2009-10-16,sh.000016,2371.2340,2384.4100,2320.7580,2358.9680,2363.5980,2103614900,26220194782.0000,3,0.004210,1,-0.195883,,,,,0,-0.19588779479421392
2009-10-19,sh.000016,2354.2960,2415.2010,2344.3950,2413.0130,2358.9680,2739868000,35682098929.0000,3,0.005483,1,2.291041,,,,,0,2.291044219336591
2009-10-20,sh.000016,2435.5270,2459.8550,2430.3450,2455.1840,2413.0130,3570303100,44697748904.0000,3,0.007145,1,1.747655,,,,,0,1.7476491009372985
2009-10-21,sh.000016,2454.2110,2483.1620,2439.6340,2450.4560,2455.1840,3245409700,41114109562.0000,3,0.006495,1,-0.192573,,,,,0,-0.19257212494053766
2009-10-22,sh.000016,2446.1640,2458.5110,2426.5460,2428.9720,2450.4560,2166226900,29016753039.0000,3,0.004335,1,-0.876740,,,,,0,-0.8767347791594715
2009-10-23,sh.000016,2435.1800,2498.6130,2435.1800,2481.5420,2428.9720,3366070100,41442812801.0000,3,0.006737,1,2.164293,,,,,0,2.164290078271791
2009-10-26,sh.000016,2488.6050,2499.1580,2465.5000,2484.5240,2481.5420,2417416600,31893338164.0000,3,0.004838,1,0.120164,,,,,0,0.12016721860843571
2009-10-27,sh.000016,2463.2450,2467.6440,2412.5000,2413.2160,2484.5240,2851001500,35843889796.0000,3,0.003808,1,-2.870082,,,,,0,-2.870086986481113
2009-10-28,sh.000016,2406.4050,2424.8150,2359.0320,2409.3180,2413.2160,2291979000,29665669059.0000,3,0.003061,1,-0.161525,,,,,0,-0.16152719027222595
2009-10-29,sh.000016,2359.8780,2378.9610,2341.9190,2349.0150,2409.3180,2249118500,28676982631.0000,3,0.003004,1,-2.502917,,,,,0,-2.5029074617796576
2009-10-30,sh.000016,2394.0590,2413.7810,2371.3080,2376.0320,2349.0150,2182807500,27304720282.0000,3,0.002916,1,1.150146,,,,,0,1.1501416551192856
2009-11-02,sh.000016,2319.7010,2466.0790,2313.7860,2461.6210,2376.0320,3166983900,39385623393.0000,3,0.004230,1,3.602187,,,,,0,3.6021821254932584
2009-11-03,sh.000016,2467.0170,2500.5460,2461.4850,2487.7260,2461.6210,2689479500,35767442648.0000,3,0.003592,1,1.060479,,,,,0,1.0604800657777913
2009-11-04,sh.000016,2491.5600,2519.9420,2470.3640,2502.4540,2487.7260,2962161400,36667236819.0000,3,0.003957,1,0.592028,,,,,0,0.5920266138634167
2009-11-05,sh.000016,2504.6570,2517.1930,2485.9250,2505.1400,2502.4540,2885428400,31626688799.0000,3,0.003854,1,0.107326,,,,,0,0.1073346403170472
2009-11-06,sh.000016,2528.4630,2536.5550,2507.7950,2512.4160,2505.1400,3196239900,37646944124.0000,3,0.004269,1,0.290448,,,,,0,0.2904428495014377
2009-11-09,sh.000016,2515.8370,2520.2150,2485.6430,2518.9850,2512.4160,2786246300,34376682932.0000,3,0.003722,1,0.261465,,,,,0,0.2614614777170621
2009-11-10,sh.000016,2537.0510,2549.6390,2519.2030,2520.5710,2518.9850,3104341700,37487066255.0000,3,0.004146,1,0.062959,,,,,0,0.06296186757761557
2009-11-11,sh.000016,2518.7300,2526.3900,2494.1700,2511.6760,2520.5710,2729769800,34802938121.0000,3,0.003646,1,-0.352897,,,,,0,-0.352896228671995
2009-11-12,sh.000016,2521.3540,2536.9200,2499.7090,2508.5030,2511.6760,2907355600,35310948052.0000,3,0.003883,1,-0.126334,,,,,0,-0.12632998842206922
2009-11-13,sh.000016,2504.1440,2525.0050,2471.8810,2523.9890,2508.5030,3484282500,41352126710.0000,3,0.004654,1,0.617344,,,,,0,0.6173403021642709
2009-11-16,sh.000016,2540.4890,2602.3360,2540.4890,2601.5070,2523.9890,4764148600,57769592077.0000,3,0.006363,1,3.071252,,,,,0,3.0712495181238975
2009-11-17,sh.000016,2614.1190,2627.9250,2601.4840,2605.8130,2601.5070,3821548500,46358582330.0000,3,0.005104,1,0.165516,,,,,0,0.16551944699745302
2009-11-18,sh.000016,2610.4230,2624.2560,2595.5690,2605.8360,2605.8130,3305350600,39375191532.0000,3,0.004415,1,0.000881,,,,,0,0.0008826420007768121
2009-11-19,sh.000016,2612.2990,2626.2320,2581.9130,2602.8450,2605.8360,3469664900,42589885140.0000,3,0.004634,1,-0.114780,,,,,0,-0.11478082273788104
2009-11-20,sh.000016,2592.8600,2604.6920,2561.7530,2583.0120,2602.8450,3403720700,44567612978.0000,3,0.004546,1,-0.761974,,,,,0,-0.7619739170023454
2009-11-23,sh.000016,2586.8340,2594.9460,2569.2730,2594.0390,2583.0120,3138116000,43405014856.0000,3,0.004192,1,0.426909,,,,,0,0.42690471434123634
2009-11-24,sh.000016,2605.5720,2615.2460,2516.7300,2523.2840,2594.0390,5245540800,67538994613.0000,3,0.007006,1,-2.727604,,,,,0,-2.727599700698413
2009-11-25,sh.000016,2522.6290,2567.0050,2487.9650,2566.2140,2523.2840,4649047800,57366240733.0000,3,0.006210,1,1.701361,,,,,0,1.7013542668997905
2009-11-26,sh.000016,2567.8120,2573.8970,2451.5090,2459.2020,2566.2140,5107110700,64774168220.0000,3,0.006822,1,-4.170042,,,,,0,-4.170034143684031
2009-11-27,sh.000016,2433.8390,2448.9320,2379.9480,2388.9420,2459.2020,3412820200,44535319583.0000,3,0.004558,1,-2.857025,,,,,0,-2.85702435180194
2009-11-30,sh.000016,2411.9100,2468.0360,2405.5970,2467.4780,2388.9420,3359883600,41012433812.0000,3,0.004488,1,3.287486,,,,,0,3.2874803992729795
2009-12-01,sh.000016,2461.7110,2497.3430,2437.9730,2491.9010,2467.4780,4137838500,51789267412.0000,3,0.005527,1,0.989790,,,,,0,0.9897960589719368
2009-12-02,sh.000016,2505.3360,2527.1040,2497.1540,2513.3180,2491.9010,3972704300,49028082103.0000,3,0.005306,1,0.859474,,,,,0,0.8594643206130792
2009-12-03,sh.000016,2511.7570,2511.7570,2473.0570,2497.2730,2513.3180,3377012900,42783271018.0000,3,0.004511,1,-0.638406,,,,,0,-0.638399120206834
2009-12-04,sh.000016,2489.7890,2588.9950,2474.7380,2587.1460,2497.2730,6517595100,85158742815.0000,3,0.008706,1,3.598848,,,,,0,3.5988456208031705
2009-12-07,sh.000016,2587.0700,2606.7110,2573.5360,2594.9670,2587.1460,4084031200,55408824148.0000,3,0.005420,1,0.302304,,,,,0,0.3023022280149501
2009-12-08,sh.000016,2594.6150,2595.6530,2530.1240,2552.6700,2594.9670,3381588800,44836607715.0000,3,0.004488,1,-1.629967,,,,,0,-1.6299629243840097
2009-12-09,sh.000016,2517.4410,2531.7610,2487.2040,2495.0300,2552.6700,2876225400,37656426989.0000,3,0.003817,1,-2.258024,,,,,0,-2.2580278688588806
2009-12-10,sh.000016,2515.8040,2527.7940,2486.6900,2509.7470,2495.0300,2364405000,30045952175.0000,3,0.003138,1,0.589854,,,,,0,0.5898526270225135
2009-12-11,sh.000016,2516.8350,2539.5900,2504.4390,2507.1960,2509.7470,1985474900,25990902140.0000,3,0.002635,1,-0.101645,,,,,0,-0.10164371149761209
2009-12-14,sh.000016,2502.4200,2569.0590,2451.9840,2553.8110,2507.1960,3993997600,49742327182.0000,3,0.005301,1,1.859248,,,,,0,1.8592483395793558
2009-12-15,sh.000016,2536.8470,2555.0700,2519.8150,2524.8560,2553.8110,2863697500,36348318520.0000,3,0.003801,1,-1.133799,,,,,0,-1.13379572724841
2009-12-16,sh.000016,2511.3500,2551.0230,2505.7520,2512.5770,2524.8560,2490133400,31008775025.0000,3,0.003305,1,-0.486327,,,,,0,-0.4863247646598512
2009-12-17,sh.000016,2521.0810,2530.1850,2461.2800,2464.8020,2512.5770,2902765300,35347016154.0000,3,0.003853,1,-1.901430,,,,,0,-1.9014342645021443
2009-12-18,sh.000016,2444.8220,2459.8630,2414.1730,2424.6850,2464.8020,3047045100,36056052878.0000,3,0.004044,1,-1.627593,,,,,0,-1.6275952388873471
2009-12-21,sh.000016,2417.9920,2430.7950,2385.9240,2413.0740,2424.6850,2272210000,30769574539.0000,3,0.003016,1,-0.478870,,,,,0,-0.47886632696617637
2009-12-22,sh.000016,2416.8990,2419.6390,2347.2100,2357.2690,2413.0740,2522486600,31216716946.0000,3,0.003336,1,-2.312608,,,,,0,-2.3126103882433857
2009-12-23,sh.000016,2356.9280,2377.9890,2342.7540,2370.0800,2357.2690,2261899800,28734575261.0000,3,0.002992,1,0.543469,,,,,0,0.5434678859307152
2009-12-24,sh.000016,2376.2960,2435.1840,2366.3750,2430.3630,2370.0800,2860300300,37341845059.0000,3,0.003783,1,2.543499,,,,,0,2.5435006413285555
2009-12-25,sh.000016,2423.4820,2430.7600,2402.6190,2406.5970,2430.3630,1818438900,23986227310.0000,3,0.002405,1,-0.977883,,,,,0,-0.9778786131948047
2009-12-28,sh.000016,2412.6680,2463.3040,2412.6680,2446.2180,2406.5970,2361315800,31817589375.0000,3,0.003123,1,1.646353,,,,,0,1.6463495965464814
2009-12-29,sh.000016,2448.3170,2472.2420,2435.3740,2471.3570,2446.2180,2406886000,31113000227.0000,3,0.003183,1,1.027665,,,,,0,1.0276680165054897
2009-12-30,sh.000016,2476.3690,2547.3890,2472.1690,2541.8060,2471.3570,4812484900,63253630103.0000,3,0.006365,1,2.850619,,,,,0,2.8506201248949425
2009-12-31,sh.000016,2545.8640,2563.9670,2535.6910,2553.8000,2541.8060,3306323100,42430170716.0000,3,0.004450,1,0.471875,,,,,0,0.4718692142515968
2010-01-04,sh.000016,2565.1080,2570.1520,2514.2370,2514.6460,2553.8000,2732744300,36468522963.0000,3,0.003597,1,-1.533168,,,,,0,-1.5331662620408748
2010-01-05,sh.000016,2526.2910,2560.6670,2487.0480,2543.9910,2514.6460,3537743800,50779118260.0000,3,0.004657,1,1.166962,,,,,0,1.1669634612585522
2010-01-06,sh.000016,2538.2850,2549.5710,2513.3650,2514.0140,2543.9910,2964615100,43444325534.0000,3,0.003902,1,-1.178347,,,,,0,-1.178345363643185
2010-01-07,sh.000016,2516.0570,2527.4270,2450.4020,2463.7580,2514.0140,3204318500,44611409814.0000,3,0.004218,1,-1.999029,,,,,0,-1.9990342138110684
2010-01-08,sh.000016,2453.0610,2470.0240,2432.0130,2466.1650,2463.7580,2268341000,32335059424.0000,3,0.002986,1,0.097696,,,,,0,0.09769628348239578
2010-01-11,sh.000016,2584.5280,2584.5280,2467.6700,2478.8100,2466.1650,4084119400,59816278688.0000,3,0.005243,1,0.512740,,,,,0,0.5127394152459441
2010-01-12,sh.000016,2472.6230,2513.2980,2435.1560,2508.0390,2478.8100,3804814600,51587338665.0000,3,0.004884,1,1.179155,,,,,0,1.1791545136577763
2010-01-13,sh.000016,2444.2370,2457.9000,2396.4740,2399.6420,2508.0390,4955885400,64803855136.0000,3,0.006362,1,-4.321981,,,,,0,-4.32198223392859
2010-01-14,sh.000016,2412.6340,2428.7050,2384.1650,2422.7710,2399.6420,3056221400,39708569808.0000,3,0.003923,1,0.963848,,,,,0,0.9638521079394557
2010-01-15,sh.000016,2423.1300,2445.2030,2402.9040,2427.8070,2422.7710,2599492800,34691328647.0000,3,0.003337,1,0.207857,,,,,0,0.20786116393169962
2010-01-18,sh.000016,2414.8930,2421.8900,2398.7780,2421.1880,2427.8070,3093634400,41866659345.0000,3,0.003971,1,-0.272629,,,,,0,-0.2726328740299211
2010-01-19,sh.000016,2424.4690,2450.2810,2424.1610,2432.7130,2421.1880,2782907600,37544640666.0000,3,0.003572,1,0.476002,,,,,0,0.47600599375183794
2010-01-20,sh.000016,2436.6470,2439.4680,2356.1610,2359.4850,2432.7130,3474848500,45720566126.0000,3,0.004461,1,-3.010128,,,,,0,-3.0101372418365857
2010-01-21,sh.000016,2362.5970,2391.5080,2346.1480,2377.7530,2359.4850,2919614700,37804392708.0000,3,0.003748,1,0.774229,,,,,0,0.7742367508163817
2010-01-22,sh.000016,2344.9730,2398.9890,2317.4810,2380.0550,2377.7530,4063927200,49042084127.0000,3,0.005217,1,0.096814,,,,,0,0.09681409296926624
2010-01-25,sh.000016,2355.3570,2389.6270,2350.0090,2353.4710,2380.0550,2074988000,26430130648.0000,3,0.002664,1,-1.116948,,,,,0,-1.1169489780698316
2010-01-26,sh.000016,2354.9050,2363.4110,2296.8750,2311.4470,2353.4710,2470038300,30347743465.0000,3,0.003171,1,-1.785615,,,,,0,-1.785617923484073
2010-01-27,sh.000016,2313.0070,2319.9930,2260.5640,2264.6050,2311.4470,2228021200,27288373309.0000,3,0.002860,1,-2.026525,,,,,0,-2.026522779886375
2010-01-28,sh.000016,2263.0610,2267.8530,2235.6030,2252.6100,2264.6050,1902345600,23754286041.0000,3,0.002442,1,-0.529667,,,,,0,-0.5296729451714444
2010-01-29,sh.000016,2241.1170,2276.7670,2231.6490,2243.9940,2252.6100,1862603600,23861735672.0000,3,0.002391,1,-0.382499,,,,,0,-0.3824896453447302
2010-02-01,sh.000016,2238.6170,2238.8980,2182.9520,2208.9360,2243.9940,2208243700,28608214630.0000,3,0.002835,1,-1.562298,,,,,0,-1.5623036425231107
2010-02-02,sh.000016,2223.5980,2261.6330,2210.6960,2214.0330,2208.9360,1964011600,25970058516.0000,3,0.002521,1,0.230741,,,,,0,0.2307445756690063
2010-02-03,sh.000016,2226.7970,2278.4750,2190.4280,2277.7980,2214.0330,2483645000,32146915297.0000,3,0.003188,1,2.880045,,,,,0,2.880038373411775
2010-02-04,sh.000016,2258.0840,2276.4700,2247.6400,2261.3580,2277.7980,1718266700,21637703163.0000,3,0.002206,1,-0.721758,,,,,0,-0.7217496898320075
2010-02-05,sh.000016,2212.3080,2233.3150,2204.9290,2219.6000,2261.3580,1845618200,22714229934.0000,3,0.002366,1,-1.846581,,,,,0,-1.8465895271779331
2010-02-08,sh.000016,2220.8420,2233.1350,2201.8020,2211.1350,2219.6000,1200679600,15532833677.0000,3,0.001539,1,-0.381379,,,,,0,-0.3813750225265644
2010-02-09,sh.000016,2210.3280,2234.5300,2207.8480,2229.0380,2211.1350,1054168300,13316002985.0000,3,0.001351,1,0.809678,,,,,0,0.8096746693440071
2010-02-10,sh.000016,2246.7700,2260.4790,2239.1770,2259.9900,2229.0380,1208484800,16865860503.0000,3,0.001549,1,1.388577,,,,,0,1.3885810829604495
2010-02-11,sh.000016,2261.8230,2275.7590,2254.9750,2265.1380,2259.9900,1253547900,15327711044.0000,3,0.001607,1,0.227786,,,,,0,0.22778861853371968
2010-02-12,sh.000016,2275.5920,2286.6760,2270.7560,2284.3860,2265.1380,1302626000,16653482712.0000,3,0.001670,1,0.849752,,,,,0,0.8497495516829545
2010-02-22,sh.000016,2282.0900,2291.7830,2268.0920,2269.0450,2284.3860,1368835900,16865165200.0000,3,0.001755,1,-0.671562,,,,,0,-0.6715590097295276
2010-02-23,sh.000016,2261.9930,2261.9930,2202.2140,2227.9520,2269.0450,1527639500,25286082271.0000,3,0.001958,1,-1.811027,,,,,0,-1.8110262246892384
2010-02-24,sh.000016,2211.3930,2252.6450,2204.6750,2251.7000,2227.9520,1681535200,21257295094.0000,3,0.002156,1,1.065914,,,,,0,1.0659116533928703
2010-02-25,sh.000016,2254.8010,2286.9200,2251.9630,2282.6400,2251.7000,2418677900,32214891643.0000,3,0.003101,1,1.374070,,,,,0,1.3740729226806359
2010-02-26,sh.000016,2278.4320,2288.5970,2270.7690,2274.3250,2282.6400,1527405900,19400436299.0000,3,0.001958,1,-0.364269,,,,,0,-0.3642711947569488
2010-03-01,sh.000016,2282.3380,2316.3840,2281.6990,2311.0750,2274.3250,1931267500,25599322599.0000,3,0.002473,1,1.615864,,,,,0,1.6158640475745445
2010-03-02,sh.000016,2312.4920,2320.3120,2293.9170,2302.1850,2311.0750,1521233800,20304283982.0000,3,0.001948,1,-0.384665,,,,,0,-0.3846694719989552
2010-03-03,sh.000016,2304.0560,2312.4190,2287.0370,2311.8410,2302.1850,1584584600,21138516899.0000,3,0.002029,1,0.419428,,,,,0,0.41942763070734745
2010-03-04,sh.000016,2312.2990,2312.7830,2259.1760,2261.9260,2311.8410,1962071600,24267036362.0000,3,0.002513,1,-2.159103,,,,,0,-2.1591017721374395
2010-03-05,sh.000016,2264.6780,2276.7630,2258.9620,2267.9390,2261.9260,1334753700,16806363583.0000,3,0.001709,1,0.265833,,,,,0,0.26583539868236805
2010-03-08,sh.000016,2272.6070,2290.0910,2265.1950,2284.6820,2267.9390,1237555300,15481047925.0000,3,0.001585,1,0.738244,,,,,0,0.738247369087075
2010-03-09,sh.000016,2284.0240,2315.3600,2266.8180,2302.3930,2284.6820,1875209400,23070609647.0000,3,0.002401,1,0.775214,,,,,0,0.7752063525689801
2010-03-10,sh.000016,2301.7050,2318.3120,2286.1850,2292.5030,2302.3930,1626450300,21251366719.0000,3,0.002083,1,-0.429559,,,,,0,-0.42955307803662635
2010-03-11,sh.000016,2296.9310,2316.3820,2282.8870,2300.0430,2292.5030,1831078200,25256997726.0000,3,0.002345,1,0.328900,,,,,0,0.32889815193262173
2010-03-12,sh.000016,2300.6130,2306.9900,2273.8620,2274.5320,2300.0430,1425631700,18663941964.0000,3,0.001825,1,-1.109153,,,,,0,-1.1091531767014828
2010-03-15,sh.000016,2274.7140,2276.4450,2232.9530,2240.7310,2274.5320,1391240300,17651572544.0000,3,0.001777,1,-1.486065,,,,,0,-1.486063946341487
2010-03-16,sh.000016,2239.4270,2262.0060,2234.6690,2261.5150,2240.7310,1155131500,15559100981.0000,3,0.001475,1,0.927552,,,,,0,0.9275544454019569
2010-03-17,sh.000016,2266.9580,2307.3990,2260.1020,2307.0830,2261.5150,1722384600,24603699676.0000,3,0.002200,1,2.014938,,,,,0,2.0149324678368385
2010-03-18,sh.000016,2307.2570,2318.0500,2288.8940,2294.9470,2307.0830,1581029300,21834936837.0000,3,0.002019,1,-0.526032,,,,,0,-0.5260322233747061
2010-03-19,sh.000016,2296.7760,2313.0260,2282.3780,2310.5460,2294.9470,1539076000,20301268717.0000,3,0.001966,1,0.679705,,,,,0,0.6797106861291313
2010-03-22,sh.000016,2314.4420,2330.6710,2310.0740,2316.6310,2310.5460,1920785800,24475053603.0000,3,0.002453,1,0.263367,,,,,0,0.2633576652445013
2010-03-23,sh.000016,2319.1980,2321.2630,2290.4320,2292.0040,2316.6310,1656625400,20855614983.0000,3,0.002116,1,-1.063061,,,,,0,-1.0630523376403023
2010-03-24,sh.000016,2298.8830,2313.4270,2289.1130,2291.8330,2292.0040,1635631500,18866986145.0000,3,0.002089,1,-0.007456,,,,,0,-0.007460719963836571
2010-03-25,sh.000016,2286.6130,2286.6130,2253.6090,2259.1410,2291.8330,1589812300,18904034655.0000,3,0.002030,1,-1.426452,,,,,0,-1.426456465196202
2010-03-26,sh.000016,2257.4020,2302.5130,2253.8380,2292.6730,2259.1410,1977534300,22742345838.0000,3,0.002526,1,1.484280,,,,,0,1.484280972281038
2010-03-29,sh.000016,2309.9160,2368.6960,2306.2830,2363.9760,2292.6730,3901410300,46144394431.0000,3,0.004983,1,3.110037,,,,,0,3.110037933887666
2010-03-30,sh.000016,2364.7900,2372.7940,2355.3190,2368.5100,2363.9760,1864503500,23564042955.0000,3,0.002381,1,0.191793,,,,,0,0.19179551738257583
2010-03-31,sh.000016,2370.8270,2372.5580,2345.8480,2350.8180,2368.5100,2056242600,25053244299.0000,3,0.002626,1,-0.746963,,,,,0,-0.7469675027760081
2010-04-01,sh.000016,2352.9970,2381.3880,2352.9970,2376.5970,2350.8180,2338267100,29731727221.0000,3,0.002986,1,1.096589,,,,,0,1.0965970143158588
2010-04-02,sh.000016,2382.5450,2386.1400,2370.6590,2379.1940,2376.5970,2242364000,31142340795.0000,3,0.002864,1,0.109281,,,,,0,0.1092738903566648
2010-04-06,sh.000016,2391.2530,2403.8160,2367.0990,2378.5750,2379.1940,2141964800,29045006305.0000,3,0.002736,1,-0.026023,,,,,0,-0.026017214233065022
2010-04-07,sh.000016,2376.7780,2377.1060,2349.5050,2362.2810,2378.5750,1768771500,22959601388.0000,3,0.002259,1,-0.685030,,,,,0,-0.6850320044564429
2010-04-08,sh.000016,2358.1790,2358.1790,2316.7080,2325.6720,2362.2810,2126680800,27970724842.0000,3,0.002716,1,-1.549726,,,,,0,-1.5497309591873232
2010-04-09,sh.000016,2327.2640,2346.3930,2322.4740,2345.7540,2325.6720,1569533000,21335218236.0000,3,0.002005,1,0.863483,,,,,0,0.8634923583377141
2010-04-12,sh.000016,2350.1160,2353.7880,2301.6460,2317.3830,2345.7540,2556991100,32943230536.0000,3,0.003266,1,-1.209455,,,,,0,-1.2094618617297548
2010-04-13,sh.000016,2316.9940,2368.9120,2315.2790,2364.8370,2317.3830,2919577500,39796703985.0000,3,0.003729,1,2.047735,,,,,0,2.047740921548158
2010-04-14,sh.000016,2367.0020,2371.0680,2352.8430,2366.6110,2364.8370,2066106200,29640527910.0000,3,0.002639,1,0.075023,,,,,0,0.07501574104260555
2010-04-15,sh.000016,2370.1970,2374.5580,2343.2440,2366.5720,2366.6110,2140163800,30379309622.0000,3,0.002733,1,-0.001651,,,,,0,-0.001647926085013296
2010-04-16,sh.000016,2361.3390,2361.3390,2328.2300,2329.1200,2366.5720,1669181100,22220603517.0000,3,0.002132,1,-1.582538,,,,,0,-1.582542174926438
2010-04-19,sh.000016,2296.8820,2296.8820,2208.7720,2210.8200,2329.1200,3648958700,43937566892.0000,3,0.004660,1,-5.079173,,,,,0,-5.0791715325959945
2010-04-20,sh.000016,2214.3090,2224.7330,2180.4010,2204.8120,2210.8200,2376079200,29866748137.0000,3,0.003035,1,-0.271757,,,,,0,-0.27175437168110994
2010-04-21,sh.000016,2207.4990,2239.2910,2189.9720,2238.5010,2204.8120,2382303200,29954725912.0000,3,0.003043,1,1.527974,,,,,0,1.5279760814074006
2010-04-22,sh.000016,2224.3250,2224.3250,2186.2860,2196.2240,2238.5010,2680863200,32548822891.0000,3,0.003424,1,-1.888623,,,,,0,-1.8886299358365277
2010-04-23,sh.000016,2195.4050,2208.7960,2169.4700,2185.1550,2196.2240,2323821900,28752867540.0000,3,0.002968,1,-0.504006,,,,,0,-0.5040014133348869
2010-04-26,sh.000016,2190.0950,2197.5910,2168.3890,2170.3190,2185.1550,1795705400,22406860183.0000,3,0.002293,1,-0.678942,,,,,0,-0.6789449718669904
2010-04-27,sh.000016,2165.9360,2165.9360,2103.4160,2131.8410,2170.3190,2641215500,29773120838.0000,3,0.003369,1,-1.772920,,,,,0,-1.772919096225023
2010-04-28,sh.000016,2115.6750,2137.4310,2103.7170,2126.5290,2131.8410,1621543400,18696454347.0000,3,0.002068,1,-0.249175,,,,,0,-0.2491743052131845
2010-04-29,sh.000016,2139.9950,2156.0830,2123.8550,2124.3920,2126.5290,1674506900,19826980556.0000,3,0.002136,1,-0.100491,,,,,0,-0.10049239864587944
2010-04-30,sh.000016,2133.0690,2150.0330,2114.1190,2149.4530,2124.3920,2116768700,24700872546.0000,3,0.002700,1,1.179669,,,,,0,1.1796787033654832
2010-05-04,sh.000016,2103.6730,2130.7570,2096.1180,2109.8120,2149.4530,1583137900,18275086865.0000,3,0.002001,1,-1.844231,,,,,0,-1.8442366499756058
2010-05-05,sh.000016,2078.1930,2110.7830,2051.1860,2110.0450,2109.8120,2425819400,30562916109.0000,3,0.003066,1,0.011039,,,,,0,0.011043638011365431
2010-05-06,sh.000016,2089.6530,2089.6530,2005.0620,2007.0120,2110.0450,2274733700,27533104795.0000,3,0.002875,1,-4.882975,,,,,0,-4.882976429412644
2010-05-07,sh.000016,1969.6230,2012.9690,1956.8290,1980.1680,2007.0120,2576883400,29708888806.0000,3,0.003257,1,-1.337510,,,,,0,-1.3375106875295195
2010-05-10,sh.000016,1987.1000,2016.8550,1968.0040,2007.5220,1980.1680,1926936400,22960072553.0000,3,0.002436,1,1.381398,,,,,0,1.3813979419928124
2010-05-11,sh.000016,2048.2490,2051.2720,1957.7580,1967.6600,2007.5220,2427543700,28950358960.0000,3,0.003068,1,-1.985629,,,,,0,-1.985632037905427
2010-05-12,sh.000016,1956.5060,2002.8070,1943.5150,2001.1310,1967.6600,2327024200,27358025265.0000,3,0.002941,1,1.701053,,,,,0,1.7010560767612315
2010-05-13,sh.000016,1999.1070,2044.8250,1996.9540,2041.5560,2001.1310,2468601100,28479328730.0000,3,0.003120,1,2.020110,,,,,0,2.0201076291357145
2010-05-14,sh.000016,2024.6170,2035.4060,2012.4920,2019.7300,2041.5560,1591753700,18731949770.0000,3,0.002012,1,-1.069089,,,,,0,-1.0690865202815925
2010-05-17,sh.000016,1994.4690,1994.4690,1924.0360,1927.6920,2019.7300,2123860200,23632146922.0000,3,0.002650,1,-4.556944,,,,,0,-4.556945730369899
2010-05-18,sh.000016,1928.9870,1977.1370,1919.0740,1968.3700,1927.6920,2197260100,23126929205.0000,3,0.002741,1,2.110191,,,,,0,2.1101918771256
2010-05-19,sh.000016,1952.9150,1986.6010,1932.8250,1956.2200,1968.3700,1822032300,18859231842.0000,3,0.002273,1,-0.617263,,,,,0,-0.6172619985063688
2010-05-20,sh.000016,1939.4960,1971.2580,1920.9940,1925.2440,1956.2200,1614273900,18467151059.0000,3,0.002014,1,-1.583460,,,,,0,-1.58346198280358
2010-05-21,sh.000016,1879.2610,1944.7020,1874.3180,1943.4290,1925.2440,2098663300,21335366192.0000,3,0.002618,1,0.944552,,,,,0,0.944555599186403
2010-05-24,sh.000016,1955.0690,2017.3240,1955.0690,2007.7630,1943.4290,2944582700,31709151109.0000,3,0.003673,1,3.310333,,,,,0,3.310334465524578
2010-05-25,sh.000016,1992.1660,1994.1870,1950.6370,1958.4580,2007.7630,2090538500,22220182886.0000,3,0.002608,1,-2.455715,,,,,0,-2.4557181300780884
2010-05-26,sh.000016,1962.9260,1974.7870,1948.4030,1957.9430,1958.4580,1385329900,14345503434.0000,3,0.001728,1,-0.026297,,,,,0,-0.02629619833562913
2010-05-27,sh.000016,1952.9660,1987.8820,1927.6710,1982.9520,1957.9430,1899476300,20134276361.0000,3,0.002370,1,1.277312,,,,,0,1.277309911473412
2010-05-28,sh.000016,2001.1950,2005.3980,1964.4080,1973.6220,1982.9520,1859204600,19435453572.0000,3,0.002319,1,-0.470515,,,,,0,-0.4705106326325592
2010-05-31,sh.000016,1961.6990,1975.5870,1924.8930,1926.1090,1973.6220,1757968000,17448137940.0000,3,0.002193,1,-2.407398,,,,,0,-2.40740121461962
2010-06-01,sh.000016,1916.6230,1938.1760,1895.9060,1911.4320,1926.1090,1832761800,17833765461.0000,3,0.002286,1,-0.762003,,,,,0,-0.7620025657945617
2010-06-02,sh.000016,1897.5770,1908.5410,1876.1970,1907.9020,1911.4320,1681103800,15780616580.0000,3,0.002095,1,-0.184680,,,,,0,-0.18467829355164334
2010-06-03,sh.000016,1915.1540,1927.4040,1894.3620,1895.1470,1907.9020,1482624100,14712167740.0000,3,0.001847,1,-0.668536,,,,,0,-0.6685353859894327
2010-06-04,sh.000016,1884.4280,1899.2320,1877.6990,1894.4500,1895.1470,1262509800,13017491081.0000,3,0.001573,1,-0.036779,,,,,0,-0.03677814966331905
2010-06-07,sh.000016,1863.6740,1873.2680,1843.4050,1853.3630,1894.4500,1565478300,15224534159.0000,3,0.001950,1,-2.168804,,,,,0,-2.168808889123497
2010-06-08,sh.000016,1853.5820,1866.9140,1829.4420,1845.1300,1853.3630,1301961100,13662957057.0000,3,0.001618,1,-0.444221,,,,,0,-0.444219507997079
2010-06-09,sh.000016,1854.0970,1914.0760,1829.5470,1906.8960,1845.1300,2465362600,25915470215.0000,3,0.003064,1,3.347514,,,,,0,3.3475148092546148
2010-06-10,sh.000016,1882.6000,1891.9610,1871.9940,1873.8240,1906.8960,1474179900,14839141180.0000,3,0.001827,1,-1.734338,,,,,0,-1.7343368489943778
2010-06-11,sh.000016,1884.5050,1901.2450,1880.6260,1883.1960,1873.8240,1334345400,14233750234.0000,3,0.001653,1,0.500158,,,,,0,0.5001536963983755
2010-06-17,sh.000016,1897.6200,1901.5710,1881.6720,1882.1330,1883.1960,1064799400,10797522281.0000,3,0.001319,1,-0.056446,,,,,0,-0.05644659398171825
2010-06-18,sh.000016,1881.8520,1900.4720,1865.3280,1870.8710,1882.1330,1414844700,15107373284.0000,3,0.001753,1,-0.598368,,,,,0,-0.598363665054491
2010-06-21,sh.000016,1880.1270,1938.7400,1873.6940,1933.6160,1870.8710,2404323900,26023553545.0000,3,0.002979,1,3.353785,,,,,0,3.3537854828045166
2010-06-22,sh.000016,1926.6290,1937.9580,1920.5200,1930.0020,1933.6160,1330734700,14202509388.0000,3,0.001649,1,-0.186904,,,,,0,-0.18690370787167732
2010-06-23,sh.000016,1921.4010,1933.3610,1898.2650,1913.6260,1930.0020,1242172300,12853256176.0000,3,0.001532,1,-0.848495,,,,,0,-0.8484965300554093
2010-06-24,sh.000016,1907.9110,1935.8580,1902.0530,1914.6460,1913.6260,1063107600,11438643466.0000,3,0.001306,1,0.053303,,,,,0,0.05330195137398519
2010-06-25,sh.000016,1905.8050,1927.2270,1901.0030,1915.9100,1914.6460,1254010200,12715860130.0000,3,0.001540,1,0.066019,,,,,0,0.06601742567555746
2010-06-28,sh.000016,1915.2960,1931.5100,1907.3390,1910.4690,1915.9100,1115478800,11500174286.0000,3,0.001370,1,-0.283992,,,,,0,-0.2839903753307893
2010-06-29,sh.000016,1911.1710,1914.9000,1832.2470,1833.0370,1910.4690,2067933500,18726720633.0000,3,0.002538,1,-4.053037,,,,,0,-4.053036191636716
2010-06-30,sh.000016,1821.8140,1830.6180,1810.5780,1819.1090,1833.0370,1423527100,12286540217.0000,3,0.001807,1,-0.759831,,,,,0,-0.7598319073755855
2010-07-01,sh.000016,1814.5670,1826.5180,1798.1970,1799.8810,1819.1090,1190818800,10840577959.0000,3,0.001454,1,-1.057003,,,,,0,-1.0570009823490434
2010-07-02,sh.000016,1798.3550,1817.2820,1771.4910,1812.5800,1799.8810,1820285700,15325113770.0000,3,0.002222,1,0.705545,,,,,0,0.7055466444725988
2010-07-05,sh.000016,1795.4770,1811.3320,1776.3800,1797.6600,1812.5800,1262019900,11016526935.0000,3,0.001540,1,-0.823132,,,,,0,-0.82313608226946
2010-07-06,sh.000016,1793.2450,1826.6190,1790.8580,1826.3950,1797.6600,1591141300,13452268567.0000,3,0.001942,1,1.598466,,,,,0,1.5984668958535009
2010-07-07,sh.000016,1822.3310,1829.8060,1810.5290,1829.5570,1826.3950,1151635400,10774505575.0000,3,0.001406,1,0.173127,,,,,0,0.17312793782287006
2010-07-08,sh.000016,1837.2370,1846.4350,1822.3180,1828.1310,1829.5570,1165301900,11413910786.0000,3,0.001422,1,-0.077944,,,,,0,-0.07794236528295695
2010-07-09,sh.000016,1830.2850,1883.4320,1815.5760,1870.3030,1828.1310,2075979400,20852987305.0000,3,0.002534,1,2.306837,,,,,0,2.306836873287521
2010-07-12,sh.000016,1868.4210,1897.6320,1859.5060,1887.6710,1870.3030,2115138400,23168415843.0000,3,0.002579,1,0.928622,,,,,0,0.9286195873074998
2010-07-13,sh.000016,1867.3090,1869.0370,1848.5470,1859.1520,1887.6710,1486955300,15104003481.0000,3,0.001813,1,-1.510806,,,,,0,-1.5108035245548601
2010-07-14,sh.000016,1863.7470,1893.6820,1863.4430,1873.0380,1859.1520,1763937200,17694633395.0000,3,0.002150,1,0.746899,,,,,0,0.7468996617812751
2010-07-15,sh.000016,1870.3650,1890.7520,1839.9690,1840.6680,1873.0380,1466386400,13907413275.0000,3,0.001779,1,-1.728208,,,,,0,-1.728208397266906
2010-07-16,sh.000016,1833.9960,1844.3970,1818.1760,1839.2190,1840.6680,1169994400,11060297314.0000,3,0.001419,1,-0.078720,,,,,0,-0.0787214207016107
2010-07-19,sh.000016,1822.4430,1884.6320,1818.5150,1878.5280,1839.2190,1729834400,17645179053.0000,3,0.002098,1,2.137264,,,,,0,2.137265872090266
2010-07-20,sh.000016,1880.2490,1915.4900,1880.2400,1909.9650,1878.5280,2553464200,25605616334.0000,3,0.003088,1,1.673492,,,,,0,1.6734911590351453
2010-07-21,sh.000016,1912.2030,1925.4840,1903.2960,1914.3300,1909.9650,2259816900,20787652385.0000,3,0.002733,1,0.228538,,,,,0,0.22853821928674467
2010-07-22,sh.000016,1906.9290,1936.2300,1903.9920,1933.8770,1914.3300,2047407900,19710032876.0000,3,0.002476,1,1.021088,,,,,0,1.0210883181060781
2010-07-23,sh.000016,1937.3730,1956.4170,1932.0930,1945.4510,1933.8770,2424473500,23558455190.0000,3,0.002932,1,0.598492,,,,,0,0.598486873777393
2010-07-26,sh.000016,1948.6290,1955.6720,1929.8470,1951.8700,1945.4510,1649231900,17167232454.0000,3,0.001995,1,0.329946,,,,,0,0.329949199440116
2010-07-27,sh.000016,1945.0400,1947.4120,1931.1910,1936.0740,1951.8700,1515353800,15624419631.0000,3,0.001833,1,-0.809276,,,,,0,-0.8092752078775689
2010-07-28,sh.000016,1937.8580,1986.2580,1929.7960,1983.6280,1936.0740,2996562500,28729137007.0000,3,0.003634,1,2.456212,,,,,0,2.4562077689179063
2010-07-29,sh.000016,1984.4640,2002.1120,1979.0410,1993.8700,1983.6280,3976729800,32599753362.0000,3,0.004763,1,0.516324,,,,,0,0.5163266499565333
2010-07-30,sh.000016,1990.4540,1991.3410,1972.5670,1986.7600,1993.8700,2256868100,19379790449.0000,3,0.002703,1,-0.356592,,,,,0,-0.35659295741446995
2010-08-02,sh.000016,1984.1240,2019.2490,1982.7520,2015.6550,1986.7600,2627898500,22355380236.0000,3,0.003147,1,1.454379,,,,,0,1.4543779822424385
2010-08-03,sh.000016,2019.6600,2022.5450,1978.0720,1978.4140,2015.6550,2890122100,25408281859.0000,3,0.003461,1,-1.847592,,,,,0,-1.8475880048917093
2010-08-04,sh.000016,1975.7380,1988.3100,1948.9110,1981.5250,1978.4140,2472010900,22054055834.0000,3,0.002961,1,0.157251,,,,,0,0.15724716869169875
2010-08-05,sh.000016,1980.7750,1980.7750,1945.3810,1954.3360,1981.5250,2385687400,21812079253.0000,3,0.002857,1,-1.372123,,,,,0,-1.3721250047312061
2010-08-06,sh.000016,1953.0630,1980.8520,1934.5700,1979.2280,1954.3360,2400015200,22212498360.0000,3,0.002874,1,1.273679,,,,,0,1.273680677222333
2010-08-09,sh.000016,1974.9680,1992.4330,1968.2010,1988.0170,1979.2280,2543824000,25108659101.0000,3,0.003047,1,0.444059,,,,,0,0.44406202822515617
2010-08-10,sh.000016,1989.5490,1991.8980,1933.7200,1934.5870,1988.0170,2937958700,25380027279.0000,3,0.003519,1,-2.687599,,,,,0,-2.6876027720084905
2010-08-11,sh.000016,1930.3610,1950.7880,1928.3040,1939.8440,1934.5870,2060559300,16598116610.0000,3,0.002467,1,0.271735,,,,,0,0.27173758533476366
2010-08-12,sh.000016,1924.7160,1941.6760,1911.6850,1914.4510,1939.8440,2084903400,17383936432.0000,3,0.002496,1,-1.309020,,,,,0,-1.3090227873994054
2010-08-13,sh.000016,1915.8110,1931.7100,1902.6250,1930.6710,1914.4510,2270082400,18400212711.0000,3,0.002718,1,0.847239,,,,,0,0.8472402793281208
2010-08-16,sh.000016,1926.3910,1974.7200,1920.4580,1971.2950,1930.6710,2793326600,27485451199.0000,3,0.003344,1,2.104140,,,,,0,2.1041389237213437
2010-08-17,sh.000016,1974.6850,1984.4880,1965.4490,1979.7890,1971.2950,2540554800,25307316270.0000,3,0.003040,1,0.430879,,,,,0,0.43088426643398403
2010-08-18,sh.000016,1982.2940,1997.4480,1971.4630,1974.6640,1979.7890,2491141000,23947621607.0000,3,0.002979,1,-0.258866,,,,,0,-0.2588659700604512
2010-08-19,sh.000016,1979.2190,2005.2960,1972.0450,1994.1620,1974.6640,2862552800,28655108870.0000,3,0.003423,1,0.987411,,,,,0,0.9874084907609548
2010-08-20,sh.000016,1985.5830,1998.4150,1964.0000,1967.0610,1994.1620,2598319800,24863385334.0000,3,0.003107,1,-1.359015,,,,,0,-1.359016970537008
2010-08-23,sh.000016,1963.3120,1982.4670,1957.8020,1962.7780,1967.0610,1539157500,15385989842.0000,3,0.001840,1,-0.217740,,,,,0,-0.21773600310309726
2010-08-24,sh.000016,1959.6100,1979.7110,1938.6790,1960.0550,1962.7780,1926221400,17586903454.0000,3,0.002303,1,-0.138727,,,,,0,-0.1387319401379039
2010-08-25,sh.000016,1948.4570,1954.9450,1914.7630,1914.9970,1960.0550,2240860400,19242828809.0000,3,0.002679,1,-2.298818,,,,,0,-2.2988130435115384
2010-08-26,sh.000016,1922.9000,1930.2150,1907.4610,1914.6360,1914.9970,1434999000,14067579330.0000,3,0.001715,1,-0.018849,,,,,0,-0.018851204466641125
2010-08-27,sh.000016,1914.2150,1919.0700,1903.9120,1917.5810,1914.6360,1243820000,12397953040.0000,3,0.001486,1,0.153819,,,,,0,0.15381513770762467
2010-08-30,sh.000016,1926.1150,1948.4170,1922.9160,1942.5590,1917.5810,2173314800,20676278373.0000,3,0.002597,1,1.302574,,,,,0,1.3025786133675776
2010-08-31,sh.000016,1935.4060,1935.5210,1916.7180,1923.9070,1942.5590,2061555100,20071056070.0000,3,0.002463,1,-0.960176,,,,,0,-0.9601767565361019
2010-09-01,sh.000016,1927.7190,1949.9330,1905.7260,1917.3300,1923.9070,2506857400,23828261203.0000,3,0.002995,1,-0.341858,,,,,0,-0.34185644108577495
2010-09-02,sh.000016,1941.0860,1945.5100,1928.5440,1935.9220,1917.3300,2166539300,25716066256.0000,3,0.002589,1,0.969684,,,,,0,0.9696817970824112
2010-09-03,sh.000016,1937.8470,1938.1210,1913.4080,1929.1860,1935.9220,2331474300,24025999163.0000,3,0.002786,1,-0.347946,,,,,0,-0.3479479028597243
2010-09-06,sh.000016,1938.5390,1977.6610,1936.5020,1975.6770,1929.1860,3344016400,33385822026.0000,3,0.003996,1,2.409875,,,,,0,2.4098764971340225
2010-09-07,sh.000016,1979.2850,1983.5070,1962.7940,1973.1400,1975.6770,2275479500,23688060997.0000,3,0.002719,1,-0.128411,,,,,0,-0.12841167862964742
2010-09-08,sh.000016,1963.6330,1963.6330,1946.0420,1956.3300,1973.1400,2563014100,28704683915.0000,3,0.003062,1,-0.851945,,,,,0,-0.8519415753570514
2010-09-09,sh.000016,1957.9570,1957.9570,1915.0880,1918.2860,1956.3300,2568193300,27128256132.0000,3,0.003069,1,-1.944659,,,,,0,-1.9446616879565282
2010-09-10,sh.000016,1920.0910,1926.8220,1897.9540,1915.6450,1918.2860,1936324600,18684781533.0000,3,0.002314,1,-0.137675,,,,,0,-0.13767498694147173
2010-09-13,sh.000016,1914.3790,1936.0840,1906.8560,1922.1420,1915.6450,2188147500,21721325384.0000,3,0.002614,1,0.339152,,,,,0,0.33915469724297154
2010-09-14,sh.000016,1928.0860,1939.8180,1918.1700,1925.0140,1922.1420,2228688200,23013732690.0000,3,0.002663,1,0.149420,,,,,0,0.14941664039389568
2010-09-15,sh.000016,1926.5040,1926.5040,1889.0680,1893.0270,1925.0140,2182084600,22400750676.0000,3,0.002607,1,-1.661653,,,,,0,-1.6616502529332222
2010-09-16,sh.000016,1890.2580,1895.1340,1845.0730,1858.4490,1893.0270,2721340200,23573730207.0000,3,0.003252,1,-1.826599,,,,,0,-1.826598352796871
2010-09-17,sh.000016,1864.7180,1869.0080,1852.2440,1857.3100,1858.4490,1729919400,16869149361.0000,3,0.002067,1,-0.061283,,,,,0,-0.061287665144438286
2010-09-20,sh.000016,1859.4240,1873.7060,1844.1570,1860.8540,1857.3100,1578651500,16352627839.0000,3,0.001881,1,0.190811,,,,,0,0.19081359600714443
2010-09-21,sh.000016,1868.2550,1873.3470,1858.7500,1864.4140,1860.8540,1080576200,11573442030.0000,3,0.001287,1,0.191307,,,,,0,0.19131001142485005
2010-09-27,sh.000016,1869.9830,1882.3090,1863.4340,1881.5450,1864.4140,1745246600,19002710165.0000,3,0.002076,1,0.918847,,,,,0,0.9188409870340086
2010-09-28,sh.000016,1876.4920,1876.5270,1860.6830,1863.8810,1881.5450,2261755600,29124846354.0000,3,0.002691,1,-0.938806,,,,,0,-0.938802951829476
2010-09-29,sh.000016,1859.7620,1889.7890,1859.1410,1868.7490,1863.8810,2331789700,27689669015.0000,3,0.002770,1,0.261178,,,,,0,0.2611754720392545
2010-09-30,sh.000016,1858.4540,1914.2390,1856.8160,1913.1090,1868.7490,2726977600,30998073996.0000,3,0.003240,1,2.373780,,,,,0,2.373780534464487
2010-10-08,sh.000016,1933.4190,1997.4890,1932.5950,1990.0140,1913.1090,4058764600,48462232480.0000,3,0.004819,1,4.019898,,,,,0,4.019896409457058
2010-10-11,sh.000016,2005.6960,2084.3050,2005.6960,2066.9480,1990.0140,6774527500,78646529230.0000,3,0.007907,1,3.866001,,,,,0,3.8660029527430417
2010-10-12,sh.000016,2058.0920,2094.7360,2047.9050,2091.7810,2066.9480,4972006400,61450369098.0000,3,0.005803,1,1.201434,,,,,0,1.2014332242514136
2010-10-13,sh.000016,2093.4610,2126.5200,2088.9540,2125.6140,2091.7810,5451513200,64595333752.0000,3,0.006363,1,1.617426,,,,,0,1.6174255335525078
2010-10-14,sh.000016,2152.8650,2201.6430,2152.8650,2160.8370,2125.6140,8755222200,89103135942.0000,3,0.010219,1,1.657069,,,,,0,1.6570741442237358
2010-10-15,sh.000016,2148.9220,2255.5660,2144.2040,2254.3920,2160.8370,9678674100,100058765027.0000,3,0.011231,1,4.329580,,,,,0,4.329572290737338
2010-10-18,sh.000016,2270.4130,2321.6910,2238.5660,2241.7220,2254.3920,9733763100,104927261916.0000,3,0.011295,1,-0.562021,,,,,0,-0.5620140596666268
2010-10-19,sh.000016,2236.9860,2278.5830,2219.6140,2278.3530,2241.7220,5226031100,57882421190.0000,3,0.006064,1,1.634061,,,,,0,1.6340563192046131
2010-10-20,sh.000016,2240.7350,2320.8130,2239.0400,2285.2140,2278.3530,6812685300,83415553750.0000,3,0.007905,1,0.301142,,,,,0,0.301138585636207
2010-10-21,sh.000016,2287.3710,2290.7690,2228.0380,2245.2480,2285.2140,4869622900,56319421533.0000,3,0.005651,1,-1.748898,,,,,0,-1.7488952894564758
2010-10-22,sh.000016,2234.3700,2255.6940,2212.6080,2231.0570,2245.2480,3896819100,48177724060.0000,3,0.004510,1,-0.632053,,,,,0,-0.6320459922467436
2010-10-25,sh.000016,2232.0150,2295.1060,2206.8650,2294.4510,2231.0570,5091814400,64066966815.0000,3,0.005894,1,2.841436,,,,,0,2.841433455084297
2010-10-26,sh.000016,2300.6990,2310.0110,2255.1300,2272.2080,2294.4510,5484627600,66862109917.0000,3,0.006348,1,-0.969422,,,,,0,-0.9694258016405666
2010-10-27,sh.000016,2259.6960,2291.6180,2222.1010,2225.3710,2272.2080,4290418800,51998971522.0000,3,0.004966,1,-2.061295,,,,,0,-2.0612989655876546
2010-10-28,sh.000016,2216.2750,2237.6830,2204.5230,2224.2380,2225.3710,3501199300,41171938067.0000,3,0.004053,1,-0.050915,,,,,0,-0.05091285902442122
2010-10-29,sh.000016,2226.7180,2228.1210,2180.8600,2189.4790,2224.2380,3592866600,43788096995.0000,3,0.004159,1,-1.562739,,,,,0,-1.56273744086739
2010-11-01,sh.000016,2198.4650,2238.4710,2198.4650,2238.4710,2189.4790,4228725000,49973079865.0000,3,0.004895,1,2.237607,,,,,0,2.2376099519566095
2010-11-02,sh.000016,2248.0090,2265.3990,2205.9460,2231.7040,2238.4710,5249387000,68576868936.0000,3,0.006076,1,-0.302298,,,,,0,-0.3023045641422084
2010-11-03,sh.000016,2232.3190,2258.4640,2203.3180,2226.4680,2231.7040,5226784200,59939381812.0000,3,0.006050,1,-0.234623,,,,,0,-0.23461892795820782
2010-11-04,sh.000016,2230.8440,2259.2350,2228.0500,2254.7630,2226.4680,4338467800,51103807982.0000,3,0.005022,1,1.270843,,,,,0,1.2708469198748906
2010-11-05,sh.000016,2298.5280,2308.0390,2263.2730,2279.0040,2254.7630,5304666100,64736998324.0000,3,0.006140,1,1.075100,,,,,0,1.0751019064974887
2010-11-08,sh.000016,2287.5000,2294.6860,2270.2510,2289.9640,2279.0040,4145977400,49273612743.0000,3,0.004045,1,0.480921,,,,,0,0.4809118369252463
2010-11-09,sh.000016,2290.7530,2290.7530,2244.0840,2257.3480,2289.9640,4364449500,53521977767.0000,3,0.004258,1,-1.424311,,,,,0,-1.4243018667542406
2010-11-10,sh.000016,2242.6130,2242.6130,2210.2980,2226.1600,2257.3480,4299071000,53362233643.0000,3,0.004194,1,-1.381621,,,,,0,-1.3816212653077864
2010-11-11,sh.000016,2227.0640,2278.7560,2218.5740,2252.2830,2226.1600,5297751100,68328863306.0000,3,0.005081,1,1.173458,,,,,0,1.1734556366119309
2010-11-12,sh.000016,2234.7840,2248.2800,2126.7820,2130.5810,2252.2830,6316888400,75970934226.0000,3,0.006059,1,-5.403491,,,,,0,-5.403495031485816
2010-11-15,sh.000016,2135.5140,2144.0830,2086.1910,2126.6970,2130.5810,4482812500,49058792838.0000,3,0.004297,1,-0.182299,,,,,0,-0.1822976925073494
2010-11-16,sh.000016,2120.9540,2120.9540,2028.5930,2032.4980,2126.6970,3971753000,47857074142.0000,3,0.003807,1,-4.429356,,,,,0,-4.429356885348501
2010-11-17,sh.000016,2004.7370,2047.1790,2001.3850,2013.6070,2032.4980,3152332100,38575586031.0000,3,0.003022,1,-0.929447,,,,,0,-0.9294474090503435
2010-11-18,sh.000016,2032.6240,2046.1690,2010.3510,2037.4620,2013.6070,2526344200,30929944974.0000,3,0.002422,1,1.184689,,,,,0,1.1846899618445983
2010-11-19,sh.000016,2048.4280,2049.3600,1978.6930,2039.4450,2037.4620,3119569700,36972046435.0000,3,0.002990,1,0.097323,,,,,0,0.09732696855204725
2010-11-22,sh.000016,2015.8330,2037.8280,2010.0730,2019.6680,2039.4450,2698695600,31596682612.0000,3,0.002587,1,-0.969723,,,,,0,-0.969724606449307
2010-11-23,sh.000016,2009.8040,2009.8040,1957.0810,1981.2610,2019.6680,2670064400,30711105880.0000,3,0.002559,1,-1.901648,,,,,0,-1.9016491819447534
2010-11-24,sh.000016,1972.3250,2026.2940,1972.3250,2014.1550,1981.2610,2805480300,31784370048.0000,3,0.002660,1,1.660258,,,,,0,1.660255766403318
2010-11-25,sh.000016,2024.2470,2042.0160,1997.9010,2041.3370,2014.1550,2889549700,32602491397.0000,3,0.002740,1,1.349549,,,,,0,1.349548569995851
2010-11-26,sh.000016,2034.1460,2040.9780,2008.5970,2018.3970,2041.3370,2144205000,25936824785.0000,3,0.002033,1,-1.123776,,,,,0,-1.123773291720087
2010-11-29,sh.000016,2008.9810,2023.8560,1997.3290,2011.8980,2018.3970,1846357700,22228242202.0000,3,0.001751,1,-0.321989,,,,,0,-0.3219881916193934
2010-11-30,sh.000016,2010.0720,2021.2680,1943.3920,1979.8910,2011.8980,2778163800,30974119971.0000,3,0.002635,1,-1.590884,,,,,0,-1.5908858202552945
2010-12-01,sh.000016,1975.8210,1992.4570,1968.3170,1984.3050,1979.8910,1509774100,17176086603.0000,3,0.001432,1,0.222945,,,,,0,0.22294156597508774
2010-12-02,sh.000016,2016.1560,2019.8660,1997.2340,1998.1490,1984.3050,2197471900,24021907305.0000,3,0.002084,1,0.697675,,,,,0,0.6976750045985858
2010-12-03,sh.000016,2003.9120,2014.9060,1994.9160,2008.1200,1998.1490,1620281600,20508348778.0000,3,0.001537,1,0.499009,,,,,0,0.499011835453711
2010-12-06,sh.000016,2016.1080,2038.8800,2011.2660,2032.0300,2008.1200,2298917500,27985851234.0000,3,0.002156,1,1.190668,,,,,0,1.1906658964603745
2010-12-07,sh.000016,2023.5200,2056.0630,2000.1950,2046.7230,2032.0300,2271746200,29061596404.0000,3,0.002130,1,0.723070,,,,,0,0.7230700334148521
2010-12-08,sh.000016,2040.0240,2050.7510,2016.0600,2018.4610,2046.7230,2199958200,26545444375.0000,3,0.002063,1,-1.380840,,,,,0,-1.380841471952965
2010-12-09,sh.000016,2007.7660,2026.2750,1994.4470,1996.3840,2018.4610,2500367500,25680277398.0000,3,0.002345,1,-1.093755,,,,,0,-1.0937541027545294
2010-12-10,sh.000016,1988.0700,2026.6400,1985.1760,2021.6510,1996.3840,2210962800,24117240208.0000,3,0.002073,1,1.265637,,,,,0,1.265638273999392
2010-12-13,sh.000016,2027.4480,2074.5750,2021.8080,2074.3340,2021.6510,3880210800,41746060630.0000,3,0.003638,1,2.605938,,,,,0,2.605939402992896
2010-12-14,sh.000016,2078.1950,2084.1940,2064.1820,2069.9210,2074.3340,3070331500,32688855163.0000,3,0.002879,1,-0.212747,,,,,0,-0.21274298160277594
2010-12-15,sh.000016,2070.0550,2076.3330,2052.2680,2054.0170,2069.9210,2543175500,29334271123.0000,3,0.002382,1,-0.768329,,,,,0,-0.7683385018075528
2010-12-16,sh.000016,2053.0310,2056.4900,2032.8070,2036.5540,2054.0170,2121096900,23585059476.0000,3,0.001987,1,-0.850194,,,,,0,-0.8501877053597728
2010-12-17,sh.000016,2036.5070,2036.8500,2023.8900,2032.1380,2036.5540,1555431500,18732328920.0000,3,0.001453,1,-0.216838,,,,,0,-0.21683687248166272
2010-12-20,sh.000016,2039.2860,2045.0320,1969.9800,1999.5250,2032.1380,2381516400,27612777762.0000,3,0.002224,1,-1.604857,,,,,0,-1.6048614808639838
2010-12-21,sh.000016,2004.1780,2052.5490,1996.7840,2049.2230,1999.5250,2763161600,31499545566.0000,3,0.002581,1,2.485484,,,,,0,2.48549030394718
2010-12-22,sh.000016,2051.8020,2057.9770,2012.6410,2021.9760,2049.2230,2368301800,27126029327.0000,3,0.002212,1,-1.329623,,,,,0,-1.3296259118700027
2010-12-23,sh.000016,2018.4010,2048.9920,2008.0460,2017.6650,2021.9760,2341881600,24551079769.0000,3,0.002187,1,-0.213203,,,,,0,-0.21320727842467635
2010-12-24,sh.000016,2003.8200,2025.0440,1994.4310,2013.2500,2017.6650,2111364300,22879214278.0000,3,0.001972,1,-0.218819,,,,,0,-0.21881729623103308
2010-12-27,sh.000016,2028.5540,2045.2350,1974.2770,1977.6920,2013.2500,2781087200,32476957954.0000,3,0.002589,1,-1.766198,,,,,0,-1.7661989320750027
2010-12-28,sh.000016,1969.4540,1979.1590,1949.0000,1950.3290,1977.6920,2154408200,23170829077.0000,3,0.002006,1,-1.383584,,,,,0,-1.3835824789704354
2010-12-29,sh.000016,1954.4720,1960.1510,1936.2680,1953.3340,1950.3290,1861305700,18952829880.0000,3,0.001724,1,0.154077,,,,,0,0.15407656861996522
2010-12-30,sh.000016,1954.0890,1957.6380,1925.2310,1946.5150,1953.3340,2279194200,22655366127.0000,3,0.002111,1,-0.349094,,,,,0,-0.34909544399472914
2010-12-31,sh.000016,1949.2610,1978.0390,1946.3370,1977.3660,1946.5150,2563222400,28370012279.0000,3,0.002424,1,1.584933,,,,,0,1.5849351276512103
2011-01-04,sh.000016,1994.3620,2021.9310,1985.3210,2015.1120,1977.3660,3289251000,42492571399.0000,3,0.003045,1,1.908908,,,,,1,1.9089030558834486
2011-01-05,sh.000016,1999.1840,2011.5080,1993.2060,1999.2190,2015.1120,2887316800,35826087862.0000,3,0.002673,1,-0.788694,,,,,1,-0.7886906534227411
2011-01-06,sh.000016,1999.7490,2010.5570,1978.8240,1984.2780,1999.2190,2091860100,29518584156.0000,3,0.001936,1,-0.747344,,,,,1,-0.7473418369873475
2011-01-07,sh.000016,1983.2350,2035.8800,1969.3220,2006.3740,1984.2780,3959344700,45506797014.0000,3,0.003665,1,1.113557,,,,,1,1.1135536452049566
2011-01-10,sh.000016,2001.3950,2019.7110,1973.8030,1975.7440,2006.3740,2752753800,29511562005.0000,3,0.002548,1,-1.526635,,,,,1,-1.526634615480471
2011-01-11,sh.000016,1969.4870,2004.0310,1968.2190,1999.7640,1975.7440,2514417500,26619829405.0000,3,0.002327,1,1.215745,,,,,1,1.2157445499012098
2011-01-12,sh.000016,2006.0500,2021.3690,1987.4180,2017.1490,1999.7640,2630861000,26791197821.0000,3,0.002435,1,0.869353,,,,,1,0.8693525836048543
2011-01-13,sh.000016,2024.7050,2026.1510,2007.9490,2014.1670,2017.1490,2230695300,23931252479.0000,3,0.002065,1,-0.147835,,,,,1,-0.14783241099194377
2011-01-14,sh.000016,2005.3090,2006.6470,1978.5030,1982.6230,2014.1670,2053374300,23559236388.0000,3,0.001901,1,-1.566104,,,,,1,-1.5661064847155126
2011-01-17,sh.000016,1968.9530,1978.1430,1912.0700,1918.4220,1982.6230,2748459900,29934147866.0000,3,0.002544,1,-3.238187,,,,,1,-3.238184970112823
2011-01-18,sh.000016,1915.7610,1929.7740,1905.4560,1923.6950,1918.4220,1692349300,18046328343.0000,3,0.001566,1,0.274859,,,,,1,0.27486131831264693
2011-01-19,sh.000016,1923.5400,1954.2850,1913.1060,1953.3520,1923.6950,1926488400,21155259516.0000,3,0.001783,1,1.541674,,,,,1,1.5416685077416226
2011-01-20,sh.000016,1947.8060,1947.8060,1894.3840,1895.0040,1953.3520,2131854800,22960969983.0000,3,0.001973,1,-2.987072,,,,,1,-2.9870704307262685
2011-01-21,sh.000016,1890.7560,1959.9700,1890.7560,1925.8380,1895.0040,3029985600,28405308468.0000,3,0.002805,1,1.627120,,,,,1,1.6271205759987861
2011-01-24,sh.000016,1926.3900,1937.3780,1905.6980,1911.7540,1925.8380,2572574000,23841911028.0000,3,0.002381,1,-0.731317,,,,,1,-0.7313180028642119
2011-01-25,sh.000016,1910.2250,1921.5400,1899.0550,1911.3060,1911.7540,1969857700,19669349901.0000,3,0.001823,1,-0.023434,,,,,1,-0.023433977384113014
2011-01-26,sh.000016,1912.3450,1929.3180,1910.6550,1926.0360,1911.3060,1464072200,15243838872.0000,3,0.001355,1,0.770676,,,,,1,0.7706772227994874
2011-01-27,sh.000016,1911.1030,1954.9180,1899.8950,1949.3720,1926.0360,3054712300,30327660185.0000,3,0.002828,1,1.211604,,,,,1,1.2116076750382732
2011-01-28,sh.000016,1944.3960,1952.8440,1929.8750,1945.1410,1949.3720,2376026000,24494265093.0000,3,0.002199,1,-0.217042,,,,,1,-0.21704425835602503
2011-01-31,sh.000016,1944.7390,1965.5610,1941.0790,1964.1060,1945.1410,2276221600,23760658937.0000,3,0.002107,1,0.974992,,,,,1,0.9749935865831727
2011-02-01,sh.000016,1968.7130,1972.9920,1959.3220,1968.6870,1964.1060,1729254200,19820942599.0000,3,0.001590,1,0.233239,,,,,1,0.23323588441763743
2011-02-09,sh.000016,1958.2470,1976.7580,1940.3810,1943.0010,1968.6870,1974239600,22202138430.0000,3,0.001815,1,-1.304729,,,,,1,-1.3047274655646035
2011-02-10,sh.000016,1939.7160,1977.0090,1932.1300,1975.9800,1943.0010,2004692400,23018226804.0000,3,0.001843,1,1.697323,,,,,1,1.6973228526387718
2011-02-11,sh.000016,1972.4450,1982.3900,1964.9890,1976.4730,1975.9800,2533390500,28220139685.0000,3,0.002329,1,0.024952,,,,,1,0.024949645239313867
2011-02-14,sh.000016,1976.2790,2053.0200,1976.2790,2047.6940,1976.4730,4888772300,52648992889.0000,3,0.004494,1,3.603436,,,,,1,3.60343905532734
2011-02-15,sh.000016,2050.0210,2070.9440,2040.9120,2042.6440,2047.6940,4206514500,49098245351.0000,3,0.003866,1,-0.246615,,,,,1,-0.2466188795786861
2011-02-16,sh.000016,2038.4000,2051.8190,2023.8640,2051.4880,2042.6440,3281702300,38727065833.0000,3,0.003016,1,0.432968,,,,,1,0.4329682509531585
2011-02-17,sh.000016,2054.8840,2065.7730,2035.3660,2046.9750,2051.4880,2883692200,36008845612.0000,3,0.002650,1,-0.219990,,,,,1,-0.2199866633390002
2011-02-18,sh.000016,2043.6800,2047.8880,2025.3440,2030.3180,2046.9750,2325014700,28236902683.0000,3,0.002137,1,-0.813736,,,,,1,-0.8137373441297502
2011-02-21,sh.000016,2019.5590,2046.7440,2017.6420,2046.0850,2030.3180,2714492300,29939761142.0000,3,0.002493,1,0.776576,,,,,1,0.7765778562766945
2011-02-22,sh.000016,2051.8130,2053.3320,1989.7280,1991.0130,2046.0850,3801408500,44240040252.0000,3,0.003492,1,-2.691580,,,,,1,-2.691579284340584
2011-02-23,sh.000016,1984.1180,1998.0870,1981.1860,1995.6790,1991.0130,2553809200,31210602641.0000,3,0.002346,1,0.234354,,,,,1,0.23435306549983714
2011-02-24,sh.000016,1993.8840,2008.8880,1985.7980,2002.8320,1995.6790,2300570800,28901415549.0000,3,0.002113,1,0.358428,,,,,1,0.3584243758640637
2011-02-25,sh.000016,2003.3980,2019.4530,1985.7650,2006.6600,2002.8320,2137767200,27860801750.0000,3,0.001964,1,0.191130,,,,,1,0.1911293608250597
2011-02-28,sh.000016,2009.0850,2023.8880,1990.5800,2021.8490,2006.6600,2293960600,30829213330.0000,3,0.002105,1,0.756928,,,,,1,0.7569294250146852
2011-03-01,sh.000016,2022.7200,2048.9760,2020.5270,2035.3650,2021.8490,3102744300,39193673209.0000,3,0.002848,1,0.668497,,,,,1,0.6684970044746219
2011-03-02,sh.000016,2024.2250,2050.1590,2019.4830,2040.8920,2035.3650,3090806300,40175976822.0000,3,0.002837,1,0.271547,,,,,1,0.27154834636540226
2011-03-03,sh.000016,2046.2960,2083.2380,2042.1540,2051.6490,2040.8920,4916583100,54301044720.0000,3,0.004512,1,0.527071,,,,,1,0.5270734561162449
2011-03-04,sh.000016,2053.0080,2083.2950,2049.7350,2080.1430,2051.6490,3205586300,38260164651.0000,3,0.002942,1,1.388841,,,,,1,1.3888340549480072
2011-03-07,sh.000016,2092.3170,2127.1040,2092.3170,2123.2800,2080.1430,4559723700,59123758420.0000,3,0.004185,1,2.073750,,,,,1,2.073751660342582
2011-03-08,sh.000016,2123.7500,2135.8530,2108.0380,2123.7810,2123.2800,3033910300,41101260033.0000,3,0.002784,1,0.023594,,,,,1,0.023595569119461146
2011-03-09,sh.000016,2129.6980,2139.2350,2113.5310,2120.2110,2123.7810,2651795700,33988584073.0000,3,0.002434,1,-0.168100,,,,,1,-0.1680964280215358
2011-03-10,sh.000016,2114.4850,2114.4850,2070.4730,2071.7240,2120.2110,2888886700,38022502758.0000,3,0.002651,1,-2.286886,,,,,1,-2.286895030730418
2011-03-11,sh.000016,2061.7730,2075.3840,2044.0030,2049.1130,2071.7240,2119912000,27708896655.0000,3,0.001946,1,-1.091414,,,,,1,-1.0914098596145227
2011-03-14,sh.000016,2045.6690,2056.9120,2039.5930,2053.5200,2049.1130,1854110600,22422119061.0000,3,0.001702,1,0.215068,,,,,1,0.21506866629610322
2011-03-15,sh.000016,2045.4170,2045.4170,1989.6460,2018.3890,2053.5200,3086522800,36493981768.0000,3,0.002833,1,-1.710769,,,,,1,-1.7107698001480376
2011-03-16,sh.000016,2021.2040,2053.4040,2021.2040,2048.9300,2018.3890,2331858000,31082544105.0000,3,0.002140,1,1.513132,,,,,1,1.5131374576456746
2011-03-17,sh.000016,2030.7030,2047.4060,2016.1120,2023.0470,2048.9300,2581250500,34180876855.0000,3,0.002369,1,-1.263242,,,,,1,-1.263244717974743
2011-03-18,sh.000016,2043.2460,2048.3600,2030.1610,2034.4850,2023.0470,2105840000,27354465636.0000,3,0.001933,1,0.565384,,,,,1,0.5653847883909657
2011-03-21,sh.000016,2040.1000,2051.2720,2028.4210,2036.2310,2034.4850,1984100100,25245862105.0000,3,0.001821,1,0.085819,,,,,1,0.08582024443533065
2011-03-22,sh.000016,2044.4880,2059.9160,2022.6820,2054.7530,2036.2310,2102472500,25201358435.0000,3,0.001930,1,0.909620,,,,,1,0.9096217472379209
2011-03-23,sh.000016,2052.4970,2077.7100,2048.3530,2074.8080,2054.7530,2477927200,29670711424.0000,3,0.002274,1,0.976038,,,,,1,0.9760297223072367
2011-03-24,sh.000016,2077.8410,2080.6270,2063.1250,2064.1650,2074.8080,1892757000,23190490722.0000,3,0.001737,1,-0.512966,,,,,1,-0.5129631271905688
2011-03-25,sh.000016,2067.4560,2105.1830,2066.9050,2096.2860,2064.1650,3283568400,39724109464.0000,3,0.003013,1,1.556118,,,,,1,1.5561256004243962
2011-03-28,sh.000016,2105.0930,2126.5260,2100.9800,2103.0430,2096.2860,3524767800,41085575876.0000,3,0.003235,1,0.322336,,,,,1,0.3223319718778761
2011-03-29,sh.000016,2105.2070,2130.0600,2093.3630,2097.5640,2103.0430,3978746800,44661718636.0000,3,0.003651,1,-0.260527,,,,,1,-0.2605272455199592
2011-03-30,sh.000016,2097.9450,2113.3860,2085.0760,2101.4400,2097.5640,2905956100,35112365981.0000,3,0.002667,1,0.184785,,,,,1,0.18478578007632418
2011-03-31,sh.000016,2102.6960,2109.3280,2076.5450,2083.7480,2101.4400,2259495700,27697595283.0000,3,0.002074,1,-0.841894,,,,,1,-0.8418988883812983
2011-04-01,sh.000016,2086.9800,2126.8260,2085.8610,2126.4510,2083.7480,2498420700,30828380311.0000,3,0.002293,1,2.049330,,,,,1,2.049336100142618
2011-04-06,sh.000016,2130.0770,2180.9840,2130.0770,2175.7780,2126.4510,5280148400,60827919131.0000,3,0.004846,1,2.319694,,,,,1,2.31968665160871
2011-04-07,sh.000016,2178.5630,2185.2590,2165.8180,2174.4010,2175.7780,3475074300,39999110353.0000,3,0.003183,1,-0.063297,,,,,1,-0.06328770674214335
2011-04-08,sh.000016,2172.2620,2187.5530,2167.6920,2185.3160,2174.4010,2738149200,34584651911.0000,3,0.002508,1,0.501979,,,,,1,0.5019773261693672
2011-04-11,sh.000016,2191.9310,2212.4520,2174.4370,2175.9640,2185.3160,4076098300,50096750244.0000,3,0.003733,1,-0.427938,,,,,1,-0.42794726254692383
2011-04-12,sh.000016,2167.7200,2182.0650,2153.3980,2165.8330,2175.9640,3372169300,39604823534.0000,3,0.003088,1,-0.465591,,,,,1,-0.4655867468395525
2011-04-13,sh.000016,2153.9270,2199.2290,2146.0720,2199.2290,2165.8330,3110626700,35627512668.0000,3,0.002849,1,1.541947,,,,,1,1.5419471399687579
2011-04-14,sh.000016,2200.3970,2209.2930,2186.2010,2190.1470,2199.2290,3523934500,37368202146.0000,3,0.003227,1,-0.412964,,,,,1,-0.4129629065458773
2011-04-15,sh.000016,2183.4530,2214.8380,2176.9880,2201.0860,2190.1470,2880444300,32464604839.0000,3,0.002638,1,0.499463,,,,,1,0.4994641912163811
2011-04-18,sh.000016,2192.2900,2214.5200,2186.5540,2201.3710,2201.0860,3016724700,32736404243.0000,3,0.002763,1,0.012955,,,,,1,0.012948153775016458
2011-04-19,sh.000016,2186.1800,2186.1800,2151.8000,2151.9570,2201.3710,2622331200,29051635858.0000,3,0.002396,1,-2.244695,,,,,1,-2.244692057813069
2011-04-20,sh.000016,2156.0830,2162.1100,2134.8350,2144.2740,2151.9570,2473485400,29013734540.0000,3,0.002260,1,-0.357029,,,,,1,-0.3570238624656552
2011-04-21,sh.000016,2158.2180,2173.1650,2149.9080,2160.6990,2144.2740,2316538900,26781445969.0000,3,0.002117,1,0.765996,,,,,1,0.7659935250812211
2011-04-22,sh.000016,2161.2200,2169.4890,2145.3860,2151.6690,2160.6990,2164185500,25291500713.0000,3,0.001973,1,-0.417922,,,,,1,-0.4179203118990782
2011-04-25,sh.000016,2147.5880,2149.0480,2122.8770,2127.4620,2151.6690,2426388200,31109708537.0000,3,0.002204,1,-1.125035,,,,,1,-1.1250336366792402
2011-04-26,sh.000016,2123.0590,2134.9430,2111.5770,2118.3260,2127.4620,2096331500,25982877164.0000,3,0.001904,1,-0.429431,,,,,1,-0.42943187704409524
2011-04-27,sh.000016,2127.4720,2138.1650,2101.0880,2113.0120,2118.3260,2324035400,23766002001.0000,3,0.002111,1,-0.250857,,,,,1,-0.250858460879011
2011-04-28,sh.000016,2128.1340,2150.8010,2109.8270,2111.4890,2113.0120,2600724600,27832850987.0000,3,0.002362,1,-0.072075,,,,,1,-0.07207720542997675
2011-04-29,sh.000016,2110.7820,2116.0040,2084.6460,2113.8710,2111.4890,2166071200,23551449130.0000,3,0.001968,1,0.112815,,,,,1,0.11281138570933269
2011-05-03,sh.000016,2111.2280,2117.8340,2092.8620,2114.4170,2113.8710,1685346300,19616816689.0000,3,0.001531,1,0.025825,,,,,1,0.025829390724396717
2011-05-04,sh.000016,2101.6300,2103.2770,2052.9010,2056.6990,2114.4170,2351889700,28491181101.0000,3,0.002136,1,-2.729737,,,,,1,-2.7297359035611146
2011-05-05,sh.000016,2045.4980,2056.7180,2036.9720,2050.0690,2056.6990,2101490000,21669168036.0000,3,0.001909,1,-0.322356,,,,,1,-0.3223612205772497
2011-05-06,sh.000016,2026.8850,2053.6950,2021.9850,2037.7480,2050.0690,1725644000,21069390710.0000,3,0.001561,1,-0.601006,,,,,1,-0.6010041613233486
2011-05-09,sh.000016,2041.3520,2051.9880,2029.4780,2036.7640,2037.7480,1319434600,16218200941.0000,3,0.001193,1,-0.048289,,,,,1,-0.048288600945756155
2011-05-10,sh.000016,2040.6920,2058.1890,2033.4690,2057.6660,2036.7640,1170778100,16263611114.0000,3,0.001059,1,1.026235,,,,,1,1.0262357347243123
2011-05-11,sh.000016,2056.7350,2062.9030,2041.0660,2048.3420,2057.6660,1360474000,17216909043.0000,3,0.001230,1,-0.453134,,,,,1,-0.453134765311769
2011-05-12,sh.000016,2035.2410,2044.5920,2020.4180,2021.2830,2048.3420,1391016400,17739612092.0000,3,0.001258,1,-1.321024,,,,,1,-1.3210196344165315
2011-05-13,sh.000016,2024.3760,2043.9800,2012.3800,2043.2590,2021.2830,1715264700,19155499506.0000,3,0.001551,1,1.087234,,,,,1,1.0872302394073552
2011-05-16,sh.000016,2036.3170,2047.4840,2017.9120,2019.5360,2043.2590,1399431800,16024016297.0000,3,0.001265,1,-1.161038,,,,,1,-1.1610373427940357
2011-05-17,sh.000016,2018.3020,2049.8110,2009.5640,2033.7800,2019.5360,1574050500,19638976391.0000,3,0.001422,1,0.705311,,,,,1,0.7053105267744719
2011-05-18,sh.000016,2029.2570,2059.1620,2026.7210,2053.6370,2033.7800,1350971000,16768179275.0000,3,0.001220,1,0.976356,,,,,1,0.9763592915654762
2011-05-19,sh.000016,2059.6560,2065.9630,2043.6630,2046.1130,2053.6370,1262306200,16095232021.0000,3,0.001140,1,-0.366371,,,,,1,-0.36637438846300885
2011-05-20,sh.000016,2046.0680,2059.6910,2043.9150,2052.5440,2046.1130,1209791500,15550740236.0000,3,0.001092,1,0.314299,,,,,1,0.31430326673060893
2011-05-23,sh.000016,2047.7740,2047.7740,1990.8600,1993.0670,2052.5440,1983271800,22675446952.0000,3,0.001790,1,-2.897718,,,,,1,-2.8977210719965063
2011-05-24,sh.000016,1989.8340,1999.3940,1986.3350,1995.2730,1993.0670,1362292100,18671015781.0000,3,0.001230,1,0.110680,,,,,1,0.11068368499402848
2011-05-25,sh.000016,1993.1010,1997.4390,1969.7420,1971.0970,1995.2730,1389608200,16864769098.0000,3,0.001255,1,-1.211659,,,,,1,-1.2116637673140418
2011-05-26,sh.000016,1985.5670,1990.7630,1972.4730,1974.3280,1971.0970,1186235400,16316084616.0000,3,0.001071,1,0.163917,,,,,1,0.16391887360185375
2011-05-27,sh.000016,1976.6460,1993.7010,1973.4770,1976.6930,1974.3280,1502442500,18262032732.0000,3,0.001356,1,0.119787,,,,,1,0.11978759355082413
2011-05-30,sh.000016,1974.5350,1993.7860,1968.3010,1980.7400,1976.6930,1319003800,15137179563.0000,3,0.001191,1,0.204736,,,,,1,0.20473588969049938
2011-05-31,sh.000016,1983.1590,2011.3140,1977.8950,2010.5640,1980.7400,1403810900,18809363811.0000,3,0.001267,1,1.505699,,,,,1,1.5056998899401375
2011-06-01,sh.000016,2004.9970,2007.0890,1997.8800,2002.6590,2010.5640,1345945800,16399734582.0000,3,0.001215,1,-0.393169,,,,,1,-0.39317325884676846
2011-06-02,sh.000016,1982.8510,1991.8960,1943.9700,1963.0520,2002.6590,2229570200,24953656089.0000,3,0.002013,1,-1.977723,,,,,1,-1.9777206204351416
2011-06-03,sh.000016,1959.0360,1978.9910,1958.2980,1974.9510,1963.0520,1317742900,15968154341.0000,3,0.001186,1,0.606150,,,,,1,0.6061479777407897
2011-06-07,sh.000016,1968.1720,1986.1200,1965.2130,1984.4460,1974.9510,1112125500,15795353296.0000,3,0.001000,1,0.480771,,,,,1,0.4807714216707115
2011-06-08,sh.000016,1985.0600,1985.0600,1956.3090,1980.6720,1984.4460,1390486700,17486022182.0000,3,0.001251,1,-0.190181,,,,,1,-0.1901790222560762
2011-06-09,sh.000016,1974.1120,1977.5120,1947.5760,1947.8750,1980.6720,1490627500,18200036431.0000,3,0.001340,1,-1.655852,,,,,1,-1.6558521552281213
2011-06-10,sh.000016,1945.1050,1953.9010,1930.3380,1951.0310,1947.8750,1330891500,16642906727.0000,3,0.001197,1,0.162023,,,,,1,0.16202271706347027
2011-06-13,sh.000016,1936.0550,1950.3130,1924.9370,1945.7200,1951.0310,1315494200,15339784844.0000,3,0.001183,1,-0.272217,,,,,1,-0.27221504937645635
2011-06-14,sh.000016,1944.2320,1977.1310,1939.4690,1970.0990,1945.7200,2158525700,23391972235.0000,3,0.001941,1,1.252957,,,,,1,1.2529552042431558
2011-06-15,sh.000016,1963.9780,1971.2430,1951.2770,1952.0760,1970.0990,1462916700,17217343684.0000,3,0.001315,1,-0.914825,,,,,1,-0.9148271229009297
2011-06-16,sh.000016,1938.9920,1942.8110,1925.9770,1927.0470,1952.0760,1348686200,14609186266.0000,3,0.001213,1,-1.282176,,,,,1,-1.2821734399685258
2011-06-17,sh.000016,1926.4450,1935.5650,1910.9940,1912.3790,1927.0470,1496950600,18967299212.0000,3,0.001346,1,-0.761163,,,,,1,-0.761164621309196
2011-06-20,sh.000016,1910.2850,1915.5390,1896.9820,1904.8000,1912.3790,1516562000,16265999206.0000,3,0.001364,1,-0.396312,,,,,1,-0.3963126555980745
2011-06-21,sh.000016,1910.5010,1925.1530,1906.7970,1923.8160,1904.8000,1558925500,17709152523.0000,3,0.001402,1,0.998320,,,,,1,0.9983200335993425
2011-06-22,sh.000016,1927.1060,1932.5540,1913.7240,1923.5620,1923.8160,1377719600,14312382758.0000,3,0.001239,1,-0.013204,,,,,1,-0.013202925851540925
2011-06-23,sh.000016,1916.9670,1956.7540,1911.8380,1950.8740,1923.5620,1636810300,18177959550.0000,3,0.001472,1,1.419866,,,,,1,1.4198658530372388
2011-06-24,sh.000016,1940.0880,2009.9650,1938.3280,1997.2980,1950.8740,3124713800,36426220263.0000,3,0.002810,1,2.379649,,,,,1,2.3796513767675442
2011-06-27,sh.000016,1994.9910,2007.7830,1984.9020,1994.5830,1997.2980,2051660100,22307237332.0000,3,0.001845,1,-0.135932,,,,,1,-0.1359336463562233
2011-06-28,sh.000016,1996.2260,1998.5550,1975.6260,1993.7230,1994.5830,1737592500,21442965065.0000,3,0.001561,1,-0.043116,,,,,1,-0.04311678180352052
2011-06-29,sh.000016,1991.4730,1992.0040,1959.5560,1960.7710,1993.7230,2046146900,20481077477.0000,3,0.001838,1,-1.652789,,,,,1,-1.6527872728558601
2011-06-30,sh.000016,1965.0560,2003.6430,1965.0560,1989.4330,1960.7710,2209796900,24575171779.0000,3,0.002521,1,1.461771,,,,,1,1.4617719254313766
2011-07-01,sh.000016,1994.0880,2002.0400,1978.4570,1986.0300,1989.4330,2032996200,24311395768.0000,3,0.002292,1,-0.171051,,,,,1,-0.1710537625544628
2011-07-04,sh.000016,1996.2550,2035.7450,1996.2550,2033.8550,1986.0300,2850154500,36205559688.0000,3,0.003195,1,2.408068,,,,,1,2.4080703715452456
2011-07-05,sh.000016,2034.8120,2040.0860,2018.5300,2029.6230,2033.8550,2408842700,26692451197.0000,3,0.002700,1,-0.208074,,,,,1,-0.20807776365571184
2011-07-06,sh.000016,2025.3970,2025.3970,1997.9900,2017.1720,2029.6230,2234395200,25533887292.0000,3,0.002504,1,-0.613466,,,,,1,-0.613463682664217
2011-07-07,sh.000016,2030.0380,2038.1180,2005.4380,2006.1410,2017.1720,2759506200,32916054750.0000,3,0.003093,1,-0.546855,,,,,1,-0.5468547054985895
2011-07-08,sh.000016,2010.5160,2026.1070,2002.2490,2014.7330,2006.1410,1956902600,21833611745.0000,3,0.002193,1,0.428287,,,,,1,0.428284951057778
2011-07-11,sh.000016,2006.0670,2015.5010,1996.0230,2010.6890,2014.7330,1570092200,19121702113.0000,3,0.001760,1,-0.200725,,,,,1,-0.2007213859106849
2011-07-12,sh.000016,1994.9370,1994.9370,1966.4660,1968.0760,2010.6890,1962480100,22352100682.0000,3,0.002200,1,-2.119319,,,,,1,-2.1193232767474313
2011-07-13,sh.000016,1973.0760,2003.8110,1973.0760,1998.4130,1968.0760,2024331200,22240423004.0000,3,0.002269,1,1.541450,,,,,1,1.5414546999201306
2011-07-14,sh.000016,2002.4630,2012.3850,1992.8210,2005.7520,1998.4130,2235013900,26041672868.0000,3,0.002505,1,0.367241,,,,,1,0.3672414060557072
2011-07-15,sh.000016,1998.5850,2014.2470,1992.2030,2012.0320,2005.7520,2077234900,22916025938.0000,3,0.002315,1,0.313101,,,,,1,0.31309952576390465
2011-07-18,sh.000016,2013.4630,2014.7070,1996.7760,2002.8260,2012.0320,1923445000,21038193799.0000,3,0.002144,1,-0.457544,,,,,1,-0.45754739487243734
2011-07-19,sh.000016,1994.3760,1997.5180,1983.9570,1988.2970,2002.8260,1893454200,21984092355.0000,3,0.002103,1,-0.725428,,,,,1,-0.7254249745110131
2011-07-20,sh.000016,1999.8380,2002.2020,1974.3710,1983.6680,1988.2970,1585721100,18167791922.0000,3,0.001761,1,-0.232814,,,,,1,-0.2328123011803629
2011-07-21,sh.000016,1984.7520,1989.4180,1959.8530,1961.3020,1983.6680,1630229300,18095836343.0000,3,0.001811,1,-1.127506,,,,,1,-1.1275072239911088
2011-07-22,sh.000016,1966.1180,1974.4900,1959.7570,1964.8280,1961.3020,1287331900,15126940724.0000,3,0.001430,1,0.179779,,,,,1,0.1797785348712333
2011-07-25,sh.000016,1954.3150,1955.1910,1904.4450,1909.8130,1964.8280,2448068600,25117011128.0000,3,0.002719,1,-2.799991,,,,,1,-2.799990635312599
2011-07-26,sh.000016,1909.3340,1919.6140,1904.5610,1914.1540,1909.8130,1406692900,14348746328.0000,3,0.001562,1,0.227303,,,,,1,0.22729974086468374
2011-07-27,sh.000016,1905.0380,1920.3200,1899.2000,1918.7870,1914.1540,1716459700,18640074406.0000,3,0.001907,1,0.242036,,,,,1,0.24203904179078695
2011-07-28,sh.000016,1902.9320,1906.6690,1886.8980,1900.2190,1918.7870,1716958300,20743224031.0000,3,0.001907,1,-0.967694,,,,,1,-0.9676946946169607
2011-07-29,sh.000016,1901.9470,1926.1950,1885.6250,1908.2130,1900.2190,1846980200,19597769435.0000,3,0.002052,1,0.420689,,,,,1,0.4206883522372973
2011-08-01,sh.000016,1905.9040,1919.8840,1898.3680,1909.9520,1908.2130,1216563400,13817841472.0000,3,0.001351,1,0.091133,,,,,1,0.09113238406823765
2011-08-02,sh.000016,1897.2010,1897.2010,1874.5560,1894.3230,1909.9520,1252935100,14648529622.0000,3,0.001392,1,-0.818294,,,,,1,-0.8182928157356772
2011-08-03,sh.000016,1879.8220,1901.7130,1877.4910,1893.0030,1894.3230,1267786600,15250928314.0000,3,0.001408,1,-0.069679,,,,,1,-0.06968188635202432
2011-08-04,sh.000016,1898.4500,1911.5080,1890.9060,1895.4300,1893.0030,1003075200,12322242574.0000,3,0.001114,1,0.128209,,,,,1,0.12820898857530683
2011-08-05,sh.000016,1849.9050,1863.6300,1841.0130,1850.1430,1895.4300,1822896000,20509472206.0000,3,0.002025,1,-2.389279,,,,,1,-2.3892731464628114
2011-08-08,sh.000016,1832.6620,1848.5110,1769.9900,1794.4310,1850.1430,2864238600,30853627773.0000,3,0.003181,1,-3.011222,,,,,1,-3.0112266997740167
2011-08-09,sh.000016,1752.7380,1810.8580,1741.0990,1801.8220,1794.4310,2897620100,31350232429.0000,3,0.003219,1,0.411885,,,,,1,0.41188543889398854
2011-08-10,sh.000016,1832.0910,1837.4160,1810.4500,1814.6670,1801.8220,2227599600,23907049430.0000,3,0.002474,1,0.712888,,,,,1,0.7128895085086073
2011-08-11,sh.000016,1789.9620,1843.1390,1789.2340,1840.2890,1814.6670,2098110000,23118198328.0000,3,0.002330,1,1.411937,,,,,1,1.411939490826697
2011-08-12,sh.000016,1848.1270,1849.9980,1833.8920,1838.1590,1840.2890,1687013800,18756682345.0000,3,0.001874,1,-0.115736,,,,,1,-0.11574269041437768
2011-08-15,sh.000016,1842.1250,1872.7910,1831.9800,1872.3890,1838.1590,1881871500,19267673129.0000,3,0.002090,1,1.862188,,,,,1,1.8621892883042168
2011-08-16,sh.000016,1872.9970,1886.2350,1856.9750,1862.8920,1872.3890,1820503900,19765719073.0000,3,0.002022,1,-0.507217,,,,,1,-0.5072129776451328
2011-08-17,sh.000016,1863.1680,1873.3470,1855.2770,1858.3030,1862.8920,1283983100,13399839033.0000,3,0.001426,1,-0.246337,,,,,1,-0.2463374151587927
2011-08-18,sh.000016,1861.2870,1863.2940,1822.1940,1824.8570,1858.3030,1376173600,15950234279.0000,3,0.001499,1,-1.799810,,,,,1,-1.7998141314952476
2011-08-19,sh.000016,1798.8060,1811.8710,1792.4570,1806.2830,1824.8570,1676631800,18040381264.0000,3,0.001826,1,-1.017838,,,,,1,-1.0178331781613648
2011-08-22,sh.000016,1808.0610,1820.5180,1782.9730,1790.1360,1806.2830,1238736900,13866657866.0000,3,0.001349,1,-0.893934,,,,,1,-0.8939352249896615
2011-08-23,sh.000016,1797.1950,1821.4420,1788.0820,1821.1920,1790.1360,1268040500,13186768527.0000,3,0.001381,1,1.734842,,,,,1,1.7348402579468791
2011-08-24,sh.000016,1828.0420,1832.2390,1802.4510,1806.7900,1821.1920,1293248100,14258550553.0000,3,0.001409,1,-0.790799,,,,,1,-0.7908007502778425
2011-08-25,sh.000016,1813.0920,1878.6760,1811.3580,1878.4790,1806.7900,3310051800,31952844423.0000,3,0.003606,1,3.967753,,,,,1,3.9677549687567426
2011-08-26,sh.000016,1867.3190,1879.6090,1858.3340,1876.3340,1878.4790,1799911500,18258234142.0000,3,0.001961,1,-0.114189,,,,,1,-0.11418812773525966
2011-08-29,sh.000016,1856.7440,1856.7440,1833.6070,1836.8770,1876.3340,1771379700,17889280094.0000,3,0.001930,1,-2.102879,,,,,1,-2.1028772062969603
2011-08-30,sh.000016,1850.9900,1871.6420,1831.4350,1835.0720,1836.8770,1673118600,16962977285.0000,3,0.001823,1,-0.098261,,,,,1,-0.09826460889869049
2011-08-31,sh.000016,1836.9760,1847.5790,1826.7090,1841.5390,1835.0720,1200385500,12802742854.0000,3,0.001308,1,0.352407,,,,,0,0.35241124053988493
2011-09-01,sh.000016,1845.4650,1859.8230,1834.7010,1840.3710,1841.5390,1187616300,12672017505.0000,3,0.001294,1,-0.063424,,,,,1,-0.06342521119563349
2011-09-02,sh.000016,1836.2050,1841.7490,1811.2670,1820.6760,1840.3710,1140402700,11219174998.0000,3,0.001242,1,-1.070162,,,,,1,-1.070164657017536
2011-09-05,sh.000016,1805.8850,1805.8850,1783.9530,1786.4650,1820.6760,1283951500,13365549740.0000,3,0.001399,1,-1.879031,,,,,1,-1.8790273502808819
2011-09-06,sh.000016,1776.8100,1789.0320,1770.3710,1779.5180,1786.4650,1208363500,12085222925.0000,3,0.001316,1,-0.388870,,,,,1,-0.38886851967432357
2011-09-07,sh.000016,1787.0930,1816.1490,1781.7910,1813.8640,1779.5180,1264162900,12749836542.0000,3,0.001377,1,1.930077,,,,,1,1.930073199596749
2011-09-08,sh.000016,1820.1130,1820.4150,1798.9920,1799.7840,1813.8640,888349300,9235739670.0000,3,0.000968,1,-0.776241,,,,,1,-0.7762434228806514
2011-09-09,sh.000016,1809.5120,1827.4740,1791.8960,1800.9340,1799.7840,1103868000,11249405672.0000,3,0.001202,1,0.063891,,,,,1,0.06389655647565107
2011-09-13,sh.000016,1775.2160,1787.7290,1768.8820,1783.1810,1800.9340,1098408100,11514380188.0000,3,0.001196,1,-0.985762,,,,,1,-0.9857662746108331
2011-09-14,sh.000016,1789.8730,1792.9930,1753.5580,1787.1150,1783.1810,1246557700,12562537619.0000,3,0.001358,1,0.220615,,,,,1,0.220616976066923
2011-09-15,sh.000016,1787.0930,1799.1080,1779.3220,1779.6840,1787.1150,1265052600,11998401563.0000,3,0.001378,1,-0.415812,,,,,1,-0.415809838762482
2011-09-16,sh.000016,1790.3080,1798.0150,1778.8460,1784.9340,1779.6840,1059814400,10402101847.0000,3,0.001154,1,0.294996,,,,,1,0.2949961903349063
2011-09-19,sh.000016,1772.2930,1772.2930,1749.2160,1749.7050,1784.9340,1117348800,10674295652.0000,3,0.001217,1,-1.973687,,,,,1,-1.973686422018972
2011-09-20,sh.000016,1748.1980,1766.0610,1740.9120,1757.6410,1749.7050,960373400,9742935842.0000,3,0.001046,1,0.453564,,,,,1,0.4535621719089944
2011-09-21,sh.000016,1758.7350,1814.5500,1749.3810,1808.3700,1757.6410,2056662700,20938562719.0000,3,0.002240,1,2.886198,,,,,1,2.886198034752252
2011-09-22,sh.000016,1790.6980,1797.3370,1749.6850,1750.6110,1808.3700,1738453700,16988195948.0000,3,0.001894,1,-3.193983,,,,,1,-3.1939813201944167
2011-09-23,sh.000016,1726.3150,1748.2630,1714.2070,1740.3220,1750.6110,1719288300,17643791966.0000,3,0.001873,1,-0.587734,,,,,1,-0.5877376527395395
2011-09-26,sh.000016,1724.0340,1743.7870,1684.8400,1689.9310,1740.3220,1603180000,17358854585.0000,3,0.001746,1,-2.895498,,,,,1,-2.8954986491005585
2011-09-27,sh.000016,1707.9960,1721.1580,1697.2710,1710.9870,1689.9310,1316651500,13190720839.0000,3,0.001434,1,1.245970,,,,,1,1.2459680306474041
2011-09-28,sh.000016,1722.6110,1725.9730,1690.8450,1695.8370,1710.9870,1216743400,12551372949.0000,3,0.001325,1,-0.885455,,,,,1,-0.8854538345411167
2011-09-29,sh.000016,1684.8220,1703.8280,1679.2020,1689.5380,1695.8370,1353289600,13322451588.0000,3,0.001474,1,-0.371443,,,,,1,-0.3714390003284551
2011-09-30,sh.000016,1693.4630,1702.7810,1678.4240,1684.4970,1689.5380,1348679000,12503008539.0000,3,0.001469,1,-0.298366,,,,,1,-0.29836558869938967
2011-10-10,sh.000016,1688.4110,1693.1560,1666.1020,1669.3480,1684.4970,1144892200,10340092194.0000,3,0.001247,1,-0.899315,,,,,1,-0.8993189064747553
2011-10-11,sh.000016,1720.1470,1726.4300,1659.7260,1675.4200,1669.3480,1911480400,18226335018.0000,3,0.002082,1,0.363736,,,,,1,0.3637348234160953
2011-10-12,sh.000016,1666.8040,1739.3170,1657.3460,1737.3580,1675.4200,2728361800,24403242893.0000,3,0.002972,1,3.696863,,,,,1,3.6968640699048594
2011-10-13,sh.000016,1732.0720,1751.2860,1726.7840,1746.9350,1737.3580,2110185100,19610240479.0000,3,0.002299,1,0.551241,,,,,1,0.5512392955280276
2011-10-14,sh.000016,1741.8860,1749.0150,1726.5920,1745.2140,1746.9350,1348183200,12174840792.0000,3,0.001469,1,-0.098519,,,,,1,-0.09851539982884683
2011-10-17,sh.000016,1748.0790,1770.2610,1744.1340,1757.0560,1745.2140,1399503800,13757237560.0000,3,0.001525,1,0.678544,,,,,1,0.6785414281572422
2011-10-18,sh.000016,1742.0940,1746.9730,1705.9190,1709.2830,1757.0560,1543324300,14060697221.0000,3,0.001681,1,-2.718927,,,,,1,-2.718923016682462
2011-10-19,sh.000016,1715.1500,1729.2290,1706.5580,1708.9460,1709.2830,1201961400,11850287664.0000,3,0.001309,1,-0.019711,,,,,1,-0.019715869168535072
2011-10-20,sh.000016,1698.7790,1702.7380,1660.8940,1674.0270,1708.9460,1535419100,14493328364.0000,3,0.001671,1,-2.043310,,,,,1,-2.0433062250065137
2011-10-21,sh.000016,1675.7820,1691.9740,1670.2150,1676.0970,1674.0270,1241151900,11344408236.0000,3,0.001351,1,0.123658,,,,,1,0.12365391956044025
2011-10-24,sh.000016,1683.7100,1732.7330,1677.7250,1729.0330,1676.0970,2114741100,19065372458.0000,3,0.002302,1,3.158284,,,,,1,3.1582897648525066
2011-10-25,sh.000016,1726.1550,1758.2530,1714.4100,1751.6770,1729.0330,2239528500,21432538978.0000,3,0.002438,1,1.309636,,,,,1,1.3096337663885071
2011-10-26,sh.000016,1744.3450,1784.9720,1742.5140,1765.6280,1751.6770,2696418700,24859327792.0000,3,0.002935,1,0.796440,,,,,1,0.7964367860056498
2011-10-27,sh.000016,1770.3760,1779.5180,1765.0000,1774.5060,1765.6280,1711243200,16801732260.0000,3,0.001863,1,0.502820,,,,,1,0.5028239244053712
2011-10-28,sh.000016,1800.8650,1827.0200,1796.7470,1807.0560,1774.5060,2993999200,29050534257.0000,3,0.003259,1,1.834316,,,,,1,1.8343133243843512
2011-10-31,sh.000016,1802.8410,1804.6530,1783.8710,1792.0510,1807.0560,1744973800,17070765061.0000,3,0.001899,1,-0.830356,,,,,1,-0.8303561151397743
2011-11-01,sh.000016,1777.4630,1817.0090,1774.6620,1795.3920,1792.0510,1911651400,18970610799.0000,3,0.002078,1,0.186431,,,,,1,0.18643442625239093
2011-11-02,sh.000016,1769.6720,1826.5040,1767.0730,1825.4530,1795.3920,2248013900,21972556191.0000,3,0.002443,1,1.674344,,,,,1,1.6743418707446667
2011-11-03,sh.000016,1831.1370,1842.7680,1817.8450,1819.0420,1825.4530,2700607200,28509065855.0000,3,0.002935,1,-0.351201,,,,,1,-0.3512004965342874
2011-11-04,sh.000016,1837.8340,1843.9500,1823.5730,1831.7550,1819.0420,2062163900,20682367943.0000,3,0.002241,1,0.698885,,,,,1,0.6988843578103365
2011-11-07,sh.000016,1822.9380,1831.1790,1807.6010,1809.7980,1831.7550,1476236400,15599524462.0000,3,0.001605,1,-1.198688,,,,,1,-1.1986865055643392
2011-11-08,sh.000016,1815.8650,1824.7780,1806.2290,1808.6090,1809.7980,1654132600,15830925788.0000,3,0.001798,1,-0.065696,,,,,1,-0.06569793977008187
2011-11-09,sh.000016,1816.9620,1827.7750,1799.3140,1821.7560,1808.6090,1569856900,14978744927.0000,3,0.001706,1,0.726911,,,,,1,0.7269122292325347
2011-11-10,sh.000016,1801.0630,1806.3310,1781.1530,1781.9110,1821.7560,1743039000,16103498214.0000,3,0.001895,1,-2.187174,,,,,1,-2.1871754504994123
2011-11-11,sh.000016,1785.5520,1792.4670,1773.2490,1779.5140,1781.9110,1170822100,11058655196.0000,3,0.001273,1,-0.134517,,,,,1,-0.13451850288820344
2011-11-14,sh.000016,1795.8120,1820.1760,1792.3230,1816.0570,1779.5140,1553563700,16288896656.0000,3,0.001688,1,2.053536,,,,,1,2.0535382132425006
2011-11-15,sh.000016,1812.9840,1816.7860,1801.0910,1808.1760,1816.0570,1282197600,14089328361.0000,3,0.001393,1,-0.433961,,,,,1,-0.43396214986645143
2011-11-16,sh.000016,1807.1970,1807.7820,1746.7710,1755.4150,1808.1760,1874414000,19328335179.0000,3,0.002037,1,-2.917912,,,,,1,-2.9179128580403613
2011-11-17,sh.000016,1757.4860,1763.6150,1746.8470,1748.4470,1755.4150,1104541700,11407629841.0000,3,0.001200,1,-0.396944,,,,,1,-0.3969431729818895
2011-11-18,sh.000016,1735.9940,1743.9720,1716.6980,1720.7640,1748.4470,1316727000,13427602300.0000,3,0.001431,1,-1.583290,,,,,1,-1.5832907717534428
2011-11-21,sh.000016,1722.9060,1725.4250,1706.5780,1721.3860,1720.7640,937758200,9497354558.0000,3,0.001019,1,0.036144,,,,,1,0.0361467348224398
2011-11-22,sh.000016,1710.9850,1724.3980,1705.2030,1722.2340,1721.3860,938545700,10069041148.0000,3,0.001020,1,0.049264,,,,,1,0.04926262906750356
2011-11-23,sh.000016,1724.3630,1726.6650,1697.1560,1701.0650,1722.2340,995515700,10226769463.0000,3,0.001082,1,-1.229163,,,,,1,-1.229159336071628
2011-11-24,sh.000016,1688.7830,1716.0530,1685.9020,1704.6910,1701.0650,966578700,9742633768.0000,3,0.001050,1,0.213166,,,,,1,0.21316057881386463
2011-11-25,sh.000016,1701.6860,1709.0780,1686.9950,1691.6710,1704.6910,742362700,7935161148.0000,3,0.000807,1,-0.763776,,,,,1,-0.7637747838171283
2011-11-28,sh.000016,1698.2970,1707.1700,1689.0590,1693.6680,1691.6710,788840400,8699407481.0000,3,0.000857,1,0.118046,,,,,1,0.11804895869231835
2011-11-29,sh.000016,1708.1830,1717.5540,1699.1730,1716.0950,1693.6680,975491000,10339452354.0000,3,0.001060,1,1.324168,,,,,1,1.324167428327172
2011-11-30,sh.000016,1709.3500,1712.6960,1657.6310,1662.7480,1716.0950,1443332400,13638288931.0000,3,0.001568,1,-3.108623,,,,,1,-3.1086274361267874
2011-12-01,sh.000016,1717.7150,1745.9280,1708.1160,1713.0480,1662.7480,2700735700,26675643957.0000,3,0.002934,1,3.025108,,,,,1,3.0251126448505694
2011-12-02,sh.000016,1705.3050,1711.4970,1692.4200,1704.4570,1713.0480,1126423800,10882499874.0000,3,0.001224,1,-0.501500,,,,,1,-0.5015037523758759
2011-12-05,sh.000016,1708.9570,1711.9120,1688.5540,1694.4960,1704.4570,1243851400,11864071638.0000,3,0.001351,1,-0.584413,,,,,1,-0.584408993597374
2011-12-06,sh.000016,1690.4640,1697.6060,1681.5920,1689.0100,1694.4960,977004400,9524198681.0000,3,0.001061,1,-0.323752,,,,,1,-0.32375408381017934
2011-12-07,sh.000016,1691.4360,1706.9470,1687.7610,1702.4540,1689.0100,894866300,8969672813.0000,3,0.000972,1,0.795967,,,,,1,0.7959692364166049
2011-12-08,sh.000016,1701.2850,1716.2670,1684.7620,1701.6800,1702.4540,966859700,9607363920.0000,3,0.001050,1,-0.045459,,,,,1,-0.04546378345611224
2011-12-09,sh.000016,1690.0530,1702.8170,1687.8490,1692.0610,1701.6800,805870000,8284922281.0000,3,0.000876,1,-0.565266,,,,,1,-0.5652649146725697
2011-12-12,sh.000016,1689.7220,1692.5340,1677.4870,1678.6980,1692.0610,764706000,7384935128.0000,3,0.000830,1,-0.789749,,,,,1,-0.7897469417473602
2011-12-13,sh.000016,1671.8400,1676.6970,1643.8980,1645.8150,1678.6980,1330657700,12332221250.0000,3,0.001445,1,-1.958843,,,,,1,-1.9588395292065686
2011-12-14,sh.000016,1643.0170,1654.8840,1633.5590,1637.0090,1645.8150,881306000,8176105859.0000,3,0.000957,1,-0.535049,,,,,1,-0.535054061361695
2011-12-15,sh.000016,1626.6900,1632.7540,1598.3790,1599.0120,1637.0090,1253511800,11624186791.0000,3,0.001361,1,-2.321128,,,,,1,-2.3211234635851175
2011-12-16,sh.000016,1598.0700,1629.9710,1594.2870,1628.9990,1599.0120,1326199700,12251798994.0000,3,0.001440,1,1.875349,,,,,1,1.8753455258622154
2011-12-19,sh.000016,1615.9530,1627.4650,1584.3040,1625.2570,1628.9990,1382048800,11773754353.0000,3,0.001500,1,-0.229716,,,,,1,-0.22971162044912452
2011-12-20,sh.000016,1619.8020,1646.7320,1617.2780,1624.4450,1625.2570,1210864900,10797366547.0000,3,0.001315,1,-0.049962,,,,,1,-0.04996132919287133
2011-12-21,sh.000016,1637.3650,1643.8440,1602.5010,1604.2510,1624.4450,1190453600,10655675896.0000,3,0.001292,1,-1.243130,,,,,1,-1.2431322697906033
2011-12-22,sh.000016,1597.3050,1618.7040,1584.1500,1608.2380,1604.2510,1426773900,11942210689.0000,3,0.001549,1,0.248531,,,,,1,0.24852719431061043
2011-12-23,sh.000016,1606.2940,1632.5400,1602.8810,1617.9440,1608.2380,1134057000,10570646111.0000,3,0.001231,1,0.603513,,,,,1,0.6035176385584595
2011-12-26,sh.000016,1608.5250,1621.9350,1600.5010,1601.4670,1617.9440,996668700,9221962955.0000,3,0.001082,1,-1.018387,,,,,1,-1.0183912422185082
2011-12-27,sh.000016,1599.4080,1613.9560,1589.0940,1590.9950,1601.4670,956904900,8513275649.0000,3,0.001039,1,-0.653903,,,,,1,-0.6539004550203176
2011-12-28,sh.000016,1586.2240,1596.6950,1571.5130,1594.8350,1590.9950,1207800600,10122589640.0000,3,0.001311,1,0.241356,,,,,1,0.24135839521810531
2011-12-29,sh.000016,1588.0370,1604.1980,1586.1440,1596.5870,1594.8350,1047470500,8924013154.0000,3,0.001137,1,0.109859,,,,,1,0.10985462445958216
2011-12-30,sh.000016,1602.3160,1620.3950,1602.3160,1617.6130,1596.5870,1312220200,11093863203.0000,3,0.001482,1,1.316934,,,,,1,1.3169341852338867
2012-01-04,sh.000016,1628.1680,1631.2550,1594.4210,1595.1200,1617.6130,1282270500,11591786058.0000,3,0.001425,1,-1.390508,,,,,0,-1.390505640100581
2012-01-05,sh.000016,1591.2370,1622.8370,1590.5370,1596.5930,1595.1200,1807836500,15109105146.0000,3,0.002010,1,0.092346,,,,,0,0.09234414965646476
2012-01-06,sh.000016,1595.7310,1609.2070,1588.5980,1608.3580,1596.5930,1386997300,11459377051.0000,3,0.001542,1,0.736882,,,,,0,0.7368815972511378
2012-01-09,sh.000016,1608.4910,1659.5820,1598.3900,1659.0540,1608.3580,2162757900,20009493676.0000,3,0.002404,1,3.152030,,,,,0,3.152034559469974
2012-01-10,sh.000016,1658.1980,1707.5970,1655.3040,1704.7440,1659.0540,2851741700,26442594973.0000,3,0.003170,1,2.753983,,,,,0,2.753979074822155
2012-01-11,sh.000016,1703.6540,1709.8870,1686.6440,1694.2640,1704.7440,1843090600,18803937162.0000,3,0.002049,1,-0.614754,,,,,0,-0.614755059997274
2012-01-12,sh.000016,1690.3920,1717.8020,1688.1800,1701.4520,1694.2640,1776637100,17504501236.0000,3,0.001975,1,0.424254,,,,,0,0.42425501574725466
2012-01-13,sh.000016,1703.3860,1710.4890,1671.2910,1685.9130,1701.4520,1753105000,17659844431.0000,3,0.001949,1,-0.913282,,,,,0,-0.9132787760101402
2012-01-16,sh.000016,1676.1430,1689.8390,1661.3810,1661.9940,1685.9130,1161761500,13034129807.0000,3,0.001284,1,-1.418753,,,,,0,-1.4187564838755051
2012-01-17,sh.000016,1664.4850,1736.9580,1649.0390,1736.6060,1661.9940,2566297500,25533354215.0000,3,0.002836,1,4.489303,,,,,0,4.489306218915345
2012-01-18,sh.000016,1736.2890,1750.1090,1709.7860,1714.6990,1736.6060,2195571600,23648660321.0000,3,0.002427,1,-1.261483,,,,,0,-1.2614836065290569
2012-01-19,sh.000016,1717.1400,1757.2490,1713.9500,1750.5210,1714.6990,2180859900,21973502030.0000,3,0.002410,1,2.089114,,,,,0,2.089113016336963
2012-01-20,sh.000016,1756.7790,1779.0000,1748.6650,1775.0910,1750.5210,2221159900,22090544774.0000,3,0.002455,1,1.403579,,,,,0,1.4035821335476761
2012-01-30,sh.000016,1778.1350,1778.1350,1742.2780,1742.8180,1775.0910,1888477400,18407464137.0000,3,0.002087,1,-1.818101,,,,,0,-1.818103973261087
2012-01-31,sh.000016,1744.2160,1754.7660,1734.0460,1744.7080,1742.8180,1303209300,13239423407.0000,3,0.001440,1,0.108446,,,,,0,0.10844505852016795
2012-02-01,sh.000016,1739.6380,1751.5580,1709.5360,1713.6840,1744.7080,1352627000,14193726576.0000,3,0.001495,1,-1.778180,,,,,0,-1.77817720787663
2012-02-02,sh.000016,1719.9990,1761.9410,1714.2460,1761.9410,1713.6840,1749514100,17836381969.0000,3,0.001934,1,2.815985,,,,,0,2.81598007567323
2012-02-03,sh.000016,1756.1470,1780.2220,1750.3650,1772.1920,1761.9410,1901362400,19129273031.0000,3,0.002101,1,0.581800,,,,,0,0.5818015472708771
2012-02-06,sh.000016,1775.4360,1781.8880,1753.4340,1764.8180,1772.1920,1666306300,16256800163.0000,3,0.001842,1,-0.416096,,,,,0,-0.4160948700817957
2012-02-07,sh.000016,1753.3840,1756.3040,1721.8520,1732.0240,1764.8180,1493852900,14397210154.0000,3,0.001651,1,-1.858206,,,,,0,-1.85820860847975
2012-02-08,sh.000016,1731.9900,1786.1980,1729.5430,1782.0590,1732.0240,2211449900,22752042078.0000,3,0.002444,1,2.888812,,,,,0,2.8888167831392586
2012-02-09,sh.000016,1781.1540,1789.0780,1771.0860,1778.0970,1782.0590,1964119600,21389844651.0000,3,0.002171,1,-0.222322,,,,,0,-0.22232709466970535
2012-02-10,sh.000016,1772.1880,1800.0340,1770.8050,1778.3170,1778.0970,2348225600,20972221791.0000,3,0.002595,1,0.012371,,,,,0,0.012372778312985666
2012-02-13,sh.000016,1757.0200,1786.4770,1751.0660,1768.5390,1778.3170,1755792300,16994977747.0000,3,0.001941,1,-0.549850,,,,,0,-0.5498457249185629
2012-02-14,sh.000016,1765.8700,1767.7680,1747.8300,1758.9840,1768.5390,1277551300,13194356723.0000,3,0.001412,1,-0.540273,,,,,0,-0.5402764654893089
2012-02-15,sh.000016,1753.7840,1784.2370,1751.1120,1773.1690,1758.9840,1822443600,19165036567.0000,3,0.002013,1,0.806428,,,,,0,0.8064314399676364
2012-02-16,sh.000016,1770.3990,1776.9240,1751.3570,1761.8770,1773.1690,1718172800,17006014781.0000,3,0.001898,1,-0.636826,,,,,0,-0.6368259314256108
2012-02-17,sh.000016,1774.1890,1778.6270,1756.9530,1765.6520,1761.8770,1235148000,12347860075.0000,3,0.001364,1,0.214261,,,,,0,0.214260132801547
2012-02-20,sh.000016,1790.3900,1792.5060,1768.0630,1769.4120,1765.6520,1815601500,18885764023.0000,3,0.002004,1,0.212953,,,,,0,0.21295249573529684
2012-02-21,sh.000016,1772.2470,1780.5590,1756.4100,1779.9400,1769.4120,1353279300,13834849720.0000,3,0.001493,1,0.594997,,,,,0,0.5949999208776813
2012-02-22,sh.000016,1781.9820,1798.0070,1772.4280,1795.2600,1779.9400,2408352000,23446652553.0000,3,0.002658,1,0.860707,,,,,0,0.8607031697697609
2012-02-23,sh.000016,1794.3480,1805.6710,1791.1870,1799.6440,1795.2600,2341844800,23546631729.0000,3,0.002584,1,0.244200,,,,,0,0.24419861190023706
2012-02-24,sh.000016,1801.3900,1827.0390,1797.0480,1826.7160,1799.6440,3200157600,30445324144.0000,3,0.003532,1,1.504292,,,,,0,1.5042975166199568
2012-02-27,sh.000016,1833.4440,1851.3570,1828.0380,1828.4080,1826.7160,3591972700,35722943795.0000,3,0.003964,1,0.092626,,,,,0,0.09262523566881953
2012-02-28,sh.000016,1826.8980,1843.9580,1826.0980,1839.0550,1828.4080,2568752900,25622950028.0000,3,0.002835,1,0.582315,,,,,0,0.5823098564434304
2012-02-29,sh.000016,1835.7730,1841.5650,1819.8260,1822.7690,1839.0550,2052745300,22430984698.0000,3,0.002265,1,-0.885564,,,,,0,-0.8855635095198378
2012-03-01,sh.000016,1814.3170,1827.6600,1813.4470,1818.2790,1822.7690,1423742100,15160407068.0000,3,0.001571,1,-0.246328,,,,,0,-0.24632852544672623
2012-03-02,sh.000016,1821.0390,1844.0770,1821.0390,1843.8480,1818.2790,2325153900,23075601064.0000,3,0.002566,1,1.406218,,,,,0,1.4062198375496715
2012-03-05,sh.000016,1847.4540,1850.2520,1826.7760,1827.9380,1843.8480,2426254900,23886976539.0000,3,0.002677,1,-0.862871,,,,,0,-0.8628693905354368
2012-03-06,sh.000016,1822.5210,1824.3520,1792.7830,1794.2640,1827.9380,2333394700,24453059111.0000,3,0.002573,1,-1.842182,,,,,0,-1.8421850194043854
2012-03-07,sh.000016,1777.8430,1793.7280,1774.5080,1776.3630,1794.2640,1885313200,19243354900.0000,3,0.002079,1,-0.997679,,,,,0,-0.997679271277796
2012-03-08,sh.000016,1782.6950,1804.9090,1782.6950,1798.1000,1776.3630,1995471500,21221439176.0000,3,0.002200,1,1.223677,,,,,0,1.2236800698956163
2012-03-09,sh.000016,1803.9120,1811.9380,1794.3400,1811.4860,1798.1000,1730970800,19867413784.0000,3,0.001909,1,0.744452,,,,,0,0.7444524776152761
2012-03-12,sh.000016,1810.0950,1810.5900,1785.9700,1796.9370,1811.4860,2032876800,22262530068.0000,3,0.002242,1,-0.803150,,,,,0,-0.8031527707087038
2012-03-13,sh.000016,1795.6790,1814.1320,1793.8870,1813.2010,1796.9370,1703528800,18221521460.0000,3,0.001878,1,0.905098,,,,,0,0.9050957267839665
2012-03-14,sh.000016,1823.1150,1831.8560,1770.5050,1776.4070,1813.2010,3830446300,37698420598.0000,3,0.004224,1,-2.029233,,,,,0,-2.0292289713054523
2012-03-15,sh.000016,1774.5560,1783.1360,1759.0920,1760.4760,1776.4070,2553367500,24688224337.0000,3,0.002816,1,-0.896812,,,,,0,-0.8968102467508787
2012-03-16,sh.000016,1764.7620,1781.2090,1754.0570,1780.0760,1760.4760,1945933400,21432330723.0000,3,0.002146,1,1.113341,,,,,0,1.113335257055481
2012-03-19,sh.000016,1775.9610,1781.0770,1760.3430,1778.9810,1780.0760,2065259600,22962341422.0000,3,0.002277,1,-0.061519,,,,,0,-0.06151422748242874
2012-03-20,sh.000016,1774.9860,1775.9400,1754.8090,1755.7250,1778.9810,2183244600,22307708382.0000,3,0.002407,1,-1.307264,,,,,0,-1.3072652265538554
2012-03-21,sh.000016,1765.7300,1775.2280,1750.0810,1758.6240,1755.7250,2114353600,22816802594.0000,3,0.002331,1,0.165120,,,,,0,0.16511697446923712
2012-03-22,sh.000016,1759.3190,1770.4150,1749.1290,1760.3350,1758.6240,1698532400,17121591174.0000,3,0.001873,1,0.097288,,,,,0,0.09729197372492226
2012-03-23,sh.000016,1756.1940,1760.2530,1741.5300,1747.9160,1760.3350,1638124800,17184111035.0000,3,0.001806,1,-0.705488,,,,,0,-0.7054907162557189
2012-03-26,sh.000016,1747.8510,1754.8030,1741.0020,1749.8880,1747.9160,1107033500,12182464172.0000,3,0.001221,1,0.112816,,,,,0,0.11282006686819113
2012-03-27,sh.000016,1756.9950,1760.7500,1745.8000,1749.1850,1749.8880,1232553300,17594311945.0000,3,0.001359,1,-0.040167,,,,,0,-0.04017399970740465
2012-03-28,sh.000016,1743.4100,1746.4040,1706.2550,1708.8530,1749.1850,1726663500,18809756635.0000,3,0.001904,1,-2.305761,,,,,0,-2.3057595394426533
2012-03-29,sh.000016,1702.0580,1709.7120,1681.9710,1688.0900,1708.8530,1797997800,18415493493.0000,3,0.001983,1,-1.215029,,,,,0,-1.2150255171158753
2012-03-30,sh.000016,1693.6480,1706.0080,1690.2670,1705.6330,1688.0900,1520740300,15584062311.0000,3,0.001677,1,1.039227,,,,,0,1.0392218424373212
2012-04-05,sh.000016,1698.7440,1739.4440,1691.4780,1735.2830,1705.6330,2284275700,24781025714.0000,3,0.002518,1,1.738352,,,,,0,1.7383575481947133
2012-04-06,sh.000016,1732.5120,1739.8880,1726.5010,1737.5120,1735.2830,1596262100,18220080851.0000,3,0.001760,1,0.128452,,,,,0,0.12845167041917183
2012-04-09,sh.000016,1730.4500,1735.0570,1719.4580,1721.4260,1737.5120,1081941600,12152773722.0000,3,0.001193,1,-0.925803,,,,,0,-0.9258065555806216
2012-04-10,sh.000016,1719.5770,1737.2410,1702.9490,1736.2400,1721.4260,1269050500,15365011401.0000,3,0.001399,1,0.860564,,,,,0,0.860565600844887
2012-04-11,sh.000016,1721.1870,1748.2980,1718.0800,1734.5940,1736.2400,1534702100,16107172341.0000,3,0.001692,1,-0.094802,,,,,0,-0.09480256185780966
2012-04-12,sh.000016,1736.6750,1771.9240,1731.7660,1770.9470,1734.5940,2175109000,22432327014.0000,3,0.002398,1,2.095766,,,,,0,2.0957641961173445
2012-04-13,sh.000016,1771.3040,1785.4530,1769.5700,1777.0680,1770.9470,1763160800,20977844260.0000,3,0.001944,1,0.345633,,,,,0,0.3456342849334382
2012-04-16,sh.000016,1767.6670,1778.5160,1764.8110,1770.6790,1777.0680,1275889200,13403388812.0000,3,0.001407,1,-0.359527,,,,,0,-0.35952479027251405
2012-04-17,sh.000016,1769.4630,1773.5470,1748.7650,1749.4000,1770.6790,1210386800,12221402939.0000,3,0.001334,1,-1.201738,,,,,0,-1.2017423824419948
2012-04-18,sh.000016,1754.7600,1791.2280,1752.3740,1789.6270,1749.4000,2161754800,19377281382.0000,3,0.002383,1,2.299470,,,,,0,2.299474105407562
2012-04-19,sh.000016,1788.7460,1797.4080,1784.5190,1791.3820,1789.6270,1674210400,20809604604.0000,3,0.001846,1,0.098065,,,,,0,0.09806512753776087
2012-04-20,sh.000016,1788.0160,1816.3640,1786.6330,1815.8820,1791.3820,2308990200,23577022712.0000,3,0.002546,1,1.367659,,,,,0,1.3676591592413079
2012-04-23,sh.000016,1812.9330,1819.7850,1796.1010,1799.9070,1815.8820,1903417900,18842966990.0000,3,0.002099,1,-0.879736,,,,,0,-0.8797377803183348
2012-04-24,sh.000016,1795.8020,1832.8400,1784.2570,1808.8590,1799.9070,2713560500,27181574766.0000,3,0.002992,1,0.497360,,,,,0,0.4973590302165709
2012-04-25,sh.000016,1805.4980,1823.6520,1802.3810,1819.2170,1808.8590,2176907700,22602725718.0000,3,0.002400,1,0.572628,,,,,0,0.572626169314483
2012-04-26,sh.000016,1825.0410,1829.7180,1813.4990,1822.2060,1819.2170,1830416600,19822979976.0000,3,0.002018,1,0.164302,,,,,0,0.16430145496659776
2012-04-27,sh.000016,1823.3660,1831.5520,1820.9500,1822.5420,1822.2060,1591620100,17926187116.0000,3,0.001755,1,0.018436,,,,,0,0.018439188544006058
2012-05-02,sh.000016,1846.8640,1874.1010,1836.2710,1862.7550,1822.5420,3075065000,35834285191.0000,3,0.003391,1,2.206424,,,,,0,2.206423775144839
2012-05-03,sh.000016,1860.5360,1868.4130,1854.5820,1864.2950,1862.7550,1972814300,24670652321.0000,3,0.002175,1,0.082675,,,,,0,0.0826732447369638
2012-05-04,sh.000016,1862.3110,1877.4250,1852.6180,1876.6580,1864.2950,2234413300,25555250577.0000,3,0.002462,1,0.663142,,,,,0,0.6631461222606827
2012-05-07,sh.000016,1864.3820,1871.3910,1852.4610,1866.6190,1876.6580,2396388500,29331585517.0000,3,0.002640,1,-0.534937,,,,,0,-0.5349403034543343
2012-05-08,sh.000016,1865.8580,1866.4410,1844.9670,1862.4010,1866.6190,2369931300,27194690742.0000,3,0.002611,1,-0.225971,,,,,0,-0.22597005602106313
2012-05-09,sh.000016,1846.7200,1847.7720,1828.7310,1830.1320,1862.4010,2083435300,25955630103.0000,3,0.002295,1,-1.732658,,,,,0,-1.732655856606602
2012-05-10,sh.000016,1829.7520,1835.2820,1822.4820,1829.6070,1830.1320,1850838700,20881141083.0000,3,0.002039,1,-0.028681,,,,,0,-0.02868645540322623
2012-05-11,sh.000016,1826.0360,1834.5880,1814.8660,1815.7320,1829.6070,1479774100,17681810571.0000,3,0.001630,1,-0.758360,,,,,0,-0.7583595821397671
2012-05-14,sh.000016,1827.5100,1829.4820,1798.2910,1800.5030,1815.7320,1975773000,22674494215.0000,3,0.002177,1,-0.838725,,,,,0,-0.8387250981973127
2012-05-15,sh.000016,1790.7170,1802.0960,1786.5760,1801.0640,1800.5030,1557058400,18622066241.0000,3,0.001716,1,0.031153,,,,,0,0.031157959747929453
2012-05-16,sh.000016,1796.1270,1797.5870,1772.7280,1774.2430,1801.0640,1697677800,19485622445.0000,3,0.001870,1,-1.489171,,,,,0,-1.4891752874967357
2012-05-17,sh.000016,1776.7200,1805.6900,1772.0190,1801.1100,1774.2430,1572910200,18672397677.0000,3,0.001733,1,1.514276,,,,,0,1.5142796110791945
2012-05-18,sh.000016,1788.2640,1790.9210,1771.2790,1775.5720,1801.1100,1549693300,17190157666.0000,3,0.001707,1,-1.417901,,,,,0,-1.4179034040119665
2012-05-21,sh.000016,1775.2870,1795.9580,1771.2820,1784.9430,1775.5720,1400175600,16447136940.0000,3,0.001543,1,0.527772,,,,,0,0.527773585075697
2012-05-22,sh.000016,1792.7520,1811.5150,1791.0250,1810.4110,1784.9430,1566367900,18382170976.0000,3,0.001726,1,1.426825,,,,,0,1.426824273940408
2012-05-23,sh.000016,1806.7910,1815.9620,1791.6100,1801.4660,1810.4110,1562665800,19208244357.0000,3,0.001722,1,-0.494090,,,,,0,-0.4940867018594197
2012-05-24,sh.000016,1800.2750,1812.5680,1784.9390,1789.4340,1801.4660,1414697700,16060633961.0000,3,0.001559,1,-0.667899,,,,,0,-0.6679004766118268
2012-05-25,sh.000016,1790.4500,1795.2030,1770.8290,1776.3760,1789.4340,1297055800,14054599361.0000,3,0.001429,1,-0.729727,,,,,0,-0.7297279474962504
2012-05-28,sh.000016,1771.6930,1801.3710,1763.6920,1800.9130,1776.3760,1804054600,19116112147.0000,3,0.001988,1,1.381295,,,,,0,1.3812954014240209
2012-05-29,sh.000016,1800.6830,1827.6270,1797.6410,1824.4290,1800.9130,2221575600,25166586776.0000,3,0.002448,1,1.305782,,,,,0,1.3057821227344224
2012-05-30,sh.000016,1821.6540,1825.1480,1813.4370,1818.3850,1824.4290,1568708900,17319483714.0000,3,0.001728,1,-0.331279,,,,,0,-0.33128173253111903
2012-05-31,sh.000016,1803.2410,1813.3630,1798.4390,1804.5930,1818.3850,1256311100,13941675625.0000,3,0.001384,1,-0.758475,,,,,0,-0.7584752403918871
2012-06-01,sh.000016,1806.4790,1820.1670,1803.0660,1808.5270,1804.5930,1493402500,19056739179.0000,3,0.001645,1,0.217997,,,,,0,0.21799929402364082
2012-06-04,sh.000016,1790.6930,1791.6080,1760.0690,1760.9550,1808.5270,1892674800,22940836824.0000,3,0.002085,1,-2.630429,,,,,0,-2.6304279670693376
2012-06-05,sh.000016,1765.6720,1772.3830,1755.5290,1763.7000,1760.9550,1284482600,15092238387.0000,3,0.001415,1,0.155881,,,,,0,0.1558813257579006
2012-06-06,sh.000016,1768.0170,1776.5840,1762.4650,1768.5750,1763.7000,1335594900,17429271686.0000,3,0.001472,1,0.276407,,,,,0,0.27640755230482483
2012-06-07,sh.000016,1780.1980,1782.6930,1754.1790,1757.7660,1768.5750,1205135600,15211439367.0000,3,0.001328,1,-0.611168,,,,,0,-0.6111700097536144
2012-06-08,sh.000016,1766.0520,1766.0520,1736.0830,1738.5870,1757.7660,1772149000,19325504030.0000,3,0.001953,1,-1.091098,,,,,0,-1.0911008632548458
2012-06-11,sh.000016,1741.1850,1762.7140,1737.5590,1756.0310,1738.5870,1460195400,15623482657.0000,3,0.001609,1,1.003342,,,,,0,1.003343519766342
2012-06-12,sh.000016,1746.5880,1753.1310,1734.8060,1745.4540,1756.0310,1468567400,14365243322.0000,3,0.001618,1,-0.602326,,,,,0,-0.6023242186498967
2012-06-13,sh.000016,1750.5150,1772.5700,1744.2670,1771.4220,1745.4540,1493448600,17382559248.0000,3,0.001645,1,1.487751,,,,,0,1.487750464922022
2012-06-14,sh.000016,1764.8880,1769.9550,1754.2810,1756.3010,1771.4220,1253250200,14896549848.0000,3,0.001381,1,-0.853606,,,,,0,-0.8536080053200279
2012-06-15,sh.000016,1760.9980,1775.5730,1750.3880,1769.4920,1756.3010,1592889400,18789484216.0000,3,0.001755,1,0.751062,,,,,0,0.7510671576227645
2012-06-18,sh.000016,1778.0920,1785.7750,1770.5630,1776.2440,1769.4920,1163989300,12656729706.0000,3,0.001281,1,0.381583,,,,,0,0.3815784417222634
2012-06-19,sh.000016,1774.2670,1775.8460,1763.7770,1764.8810,1776.2440,1105539300,11532794927.0000,3,0.001217,1,-0.639723,,,,,0,-0.6397206690071711
2012-06-20,sh.000016,1767.0540,1775.3380,1761.4230,1763.6310,1764.8810,1003667700,10995191155.0000,3,0.001104,1,-0.070826,,,,,0,-0.07082630500300224
2012-06-21,sh.000016,1760.4110,1760.4110,1730.2090,1735.3360,1763.6310,1318893800,14152209152.0000,3,0.001451,1,-1.604356,,,,,0,-1.6043605493439417
2012-06-25,sh.000016,1729.0990,1729.4600,1702.7140,1704.5670,1735.3360,1571327000,15737077805.0000,3,0.001729,1,-1.773088,,,,,0,-1.7730860190764197
2012-06-26,sh.000016,1692.4850,1708.4140,1689.9910,1700.4990,1704.5670,1128920600,12169746666.0000,3,0.001242,1,-0.238653,,,,,0,-0.2386529834262907
2012-06-27,sh.000016,1698.8590,1708.8270,1692.0450,1695.0310,1700.4990,978088100,9945764140.0000,3,0.001076,1,-0.321554,,,,,0,-0.32155267365638895
2012-06-28,sh.000016,1697.4000,1702.3730,1680.4440,1681.3840,1695.0310,979935100,11597298468.0000,3,0.001078,1,-0.805116,,,,,0,-0.8051180184905138
2012-06-29,sh.000016,1677.3810,1710.4500,1675.5170,1708.8560,1681.3840,1373390100,15021870438.0000,3,0.001541,1,1.633888,,,,,0,1.6338920793822265
2012-07-02,sh.000016,1715.9570,1716.1530,1697.3380,1706.1680,1708.8560,1417870600,15268030166.0000,3,0.001577,1,-0.157298,,,,,0,-0.15729821588243986
2012-07-03,sh.000016,1705.8220,1723.0680,1699.3050,1710.4120,1706.1680,1278719700,14944294021.0000,3,0.001422,1,0.248746,,,,,0,0.24874455504968473
2012-07-04,sh.000016,1715.3380,1721.1800,1706.4780,1712.9370,1710.4120,1091045400,11537781616.0000,3,0.001213,1,0.147627,,,,,0,0.1476252505244302
2012-07-05,sh.000016,1702.6260,1703.6090,1686.1910,1695.3560,1712.9370,1149372900,11730176812.0000,3,0.001278,1,-1.026369,,,,,0,-1.0263658266474462
2012-07-06,sh.000016,1692.2890,1715.9880,1681.0390,1711.5790,1695.3560,1771329100,19360355541.0000,3,0.001970,1,0.956909,,,,,0,0.9569081656006118
2012-07-09,sh.000016,1699.4140,1708.1940,1666.2140,1668.0220,1711.5790,1727471800,17789152509.0000,3,0.001921,1,-2.544844,,,,,0,-2.5448430951770296
2012-07-10,sh.000016,1666.2230,1679.4070,1661.2870,1664.4240,1668.0220,1190551200,12375315151.0000,3,0.001324,1,-0.215706,,,,,0,-0.21570458902819833
2012-07-11,sh.000016,1661.1430,1674.9760,1658.7930,1672.2520,1664.4240,1169016900,11755126937.0000,3,0.001298,1,0.470313,,,,,0,0.4703128529749634
2012-07-12,sh.000016,1668.9080,1690.4220,1651.2520,1680.0500,1672.2520,2053150100,21934478084.0000,3,0.002280,1,0.466323,,,,,0,0.46631727753951857
2012-07-13,sh.000016,1674.0510,1698.3890,1672.8730,1685.0190,1680.0500,1174366600,12813817721.0000,3,0.001304,1,0.295765,,,,,0,0.2957650069938422
2012-07-16,sh.000016,1688.7750,1688.7750,1656.8300,1657.6230,1685.0190,1287997100,13780650954.0000,3,0.001430,1,-1.625857,,,,,0,-1.625857037813816
2012-07-17,sh.000016,1653.7400,1676.7470,1653.0200,1669.7060,1657.6230,1019261800,11754143039.0000,3,0.001132,1,0.728936,,,,,0,0.728935348990678
2012-07-18,sh.000016,1669.7780,1673.5380,1642.1220,1665.8650,1669.7060,1182061000,13398387183.0000,3,0.001313,1,-0.230044,,,,,0,-0.23004049814757677
2012-07-19,sh.000016,1660.5570,1687.4540,1656.7430,1674.2680,1665.8650,1567235200,16229564266.0000,3,0.001740,1,0.504420,,,,,0,0.5044226272837182
2012-07-20,sh.000016,1669.5870,1673.1360,1653.4410,1658.3000,1674.2680,1241173200,11549898221.0000,3,0.001378,1,-0.953724,,,,,0,-0.9537302271798831
2012-07-23,sh.000016,1646.7580,1646.7580,1624.3270,1629.0650,1658.3000,1127561600,11192943050.0000,3,0.001252,1,-1.762956,,,,,0,-1.7629500090454053
2012-07-24,sh.000016,1621.3000,1644.4540,1620.9310,1632.9520,1629.0650,1114986300,10949688496.0000,3,0.001238,1,0.238608,,,,,0,0.23860312510550763
2012-07-25,sh.000016,1628.6350,1639.9410,1626.0440,1627.9590,1632.9520,815093800,7914088183.0000,3,0.000905,1,-0.305768,,,,,0,-0.3057652643800868
2012-07-26,sh.000016,1628.7180,1640.9740,1622.5530,1624.4640,1627.9590,1065016300,10224323716.0000,3,0.001183,1,-0.214686,,,,,0,-0.21468599639180574
2012-07-27,sh.000016,1630.2810,1642.0690,1625.0260,1630.3100,1624.4640,1222071600,12017763562.0000,3,0.001357,1,0.359877,,,,,0,0.3598725487299115
2012-07-30,sh.000016,1633.4790,1645.3330,1622.6880,1625.6360,1630.3100,1207381800,11239201212.0000,3,0.001316,1,-0.286698,,,,,0,-0.28669394164300144
2012-07-31,sh.000016,1628.0170,1643.5740,1627.8630,1631.8850,1625.6360,1319049000,12035641182.0000,3,0.001438,1,0.384405,,,,,0,0.38440339657832556
2012-08-01,sh.000016,1633.3840,1651.9730,1632.9400,1645.6160,1631.8850,1198844000,11693462779.0000,3,0.001307,1,0.841417,,,,,0,0.8414195853261752
2012-08-02,sh.000016,1641.8320,1645.9640,1627.5490,1634.5530,1645.6160,1119697500,10326246516.0000,3,0.001220,1,-0.672270,,,,,0,-0.672271052298945
2012-08-03,sh.000016,1637.8080,1642.1700,1628.4820,1641.5990,1634.5530,1011026400,10416251697.0000,3,0.001102,1,0.431067,,,,,0,0.4310658632665776
2012-08-06,sh.000016,1639.7570,1661.2000,1638.1000,1658.3710,1641.5990,1421829000,14867596191.0000,3,0.001550,1,1.021685,,,,,0,1.0216867822166131
2012-08-07,sh.000016,1657.1630,1662.4930,1653.0150,1657.9110,1658.3710,1355537400,15052122086.0000,3,0.001477,1,-0.027736,,,,,0,-0.027738063436955063
2012-08-08,sh.000016,1659.4700,1671.4890,1657.2850,1662.7680,1657.9110,1233364700,13724049918.0000,3,0.001344,1,0.292955,,,,,0,0.29295903097330545
2012-08-09,sh.000016,1662.0630,1673.0850,1652.9790,1671.9540,1662.7680,1119115400,13423421629.0000,3,0.001220,1,0.552454,,,,,0,0.5524522964117651
2012-08-10,sh.000016,1670.5760,1675.5200,1663.6070,1665.1750,1671.9540,1225328200,15024106538.0000,3,0.001333,1,-0.405450,,,,,0,-0.40545373855979117
2012-08-13,sh.000016,1661.5990,1661.5990,1630.2050,1632.0010,1665.1750,1593193800,16742587695.0000,3,0.001733,1,-1.992227,,,,,0,-1.9922230396204554
2012-08-14,sh.000016,1633.0770,1636.1880,1616.3750,1633.1430,1632.0010,1311136700,13615497595.0000,3,0.001426,1,0.069973,,,,,0,0.06997544731897065
2012-08-15,sh.000016,1628.5720,1630.4150,1609.1680,1610.4130,1633.1430,975790700,9340712642.0000,3,0.001061,1,-1.391794,,,,,0,-1.3917948397660251
2012-08-16,sh.000016,1608.9400,1614.0140,1603.9570,1605.2760,1610.4130,757457800,7936213900.0000,3,0.000824,1,-0.318984,,,,,0,-0.31898649601064255
2012-08-17,sh.000016,1604.7110,1609.6770,1595.2420,1606.0030,1605.2760,882257300,9541231571.0000,3,0.000960,1,0.045291,,,,,0,0.04528816228486221
2012-08-20,sh.000016,1594.0550,1599.4650,1582.7140,1596.1950,1606.0030,922148800,8983955342.0000,3,0.001003,1,-0.610715,,,,,0,-0.6107086973062947
2012-08-21,sh.000016,1596.5210,1609.9920,1592.0370,1598.5000,1596.1950,1176624200,11020277409.0000,3,0.001278,1,0.144409,,,,,0,0.14440591531736935
2012-08-22,sh.000016,1600.1080,1602.0950,1583.4040,1591.3340,1598.5000,1028306000,9826753011.0000,3,0.001117,1,-0.448296,,,,,0,-0.4482952768220194
2012-08-23,sh.000016,1593.2170,1602.5010,1585.7820,1596.5740,1591.3340,1208746300,12155056186.0000,3,0.001313,1,0.329283,,,,,0,0.3292834816575274
2012-08-24,sh.000016,1594.8190,1598.0700,1586.2930,1588.1110,1596.5740,1120343100,11249953252.0000,3,0.001217,1,-0.530073,,,,,0,-0.5300725177786902
2012-08-27,sh.000016,1583.9140,1583.9140,1556.5280,1557.1650,1588.1110,1436840400,13518120575.0000,3,0.001561,1,-1.948600,,,,,0,-1.9486043481847348
2012-08-28,sh.000016,1558.1690,1578.2210,1555.4410,1570.4400,1557.1650,1337034600,10986793405.0000,3,0.001453,1,0.852505,,,,,0,0.8525108129196379
2012-08-29,sh.000016,1565.2780,1569.7100,1553.5440,1554.4030,1570.4400,1208336100,10988417789.0000,3,0.001313,1,-1.021178,,,,,0,-1.021178777922116
2012-08-30,sh.000016,1542.2380,1564.6250,1542.2380,1560.2860,1554.4030,1360324900,12607658405.0000,3,0.001478,1,0.378477,,,,,0,0.37847327880864423
2012-08-31,sh.000016,1556.0080,1564.6920,1549.8960,1551.1990,1560.2860,1018033900,8870485072.0000,3,0.001106,1,-0.582396,,,,,0,-0.5823932279082178
2012-09-03,sh.000016,1547.7670,1567.2340,1545.6010,1560.0800,1551.1990,1521699600,12985887972.0000,3,0.001653,1,0.572524,,,,,0,0.5725248662486138
2012-09-04,sh.000016,1566.2300,1567.4960,1543.5600,1548.0420,1560.0800,1328152800,13728401040.0000,3,0.001443,1,-0.771625,,,,,0,-0.7716270960463567
2012-09-05,sh.000016,1544.4700,1548.3420,1531.1060,1537.5310,1548.0420,1424044000,12293713702.0000,3,0.001547,1,-0.678986,,,,,0,-0.6789867458376397
2012-09-06,sh.000016,1540.3470,1551.5740,1535.9710,1550.9710,1537.5310,1300958000,10585805610.0000,3,0.001414,1,0.874125,,,,,0,0.874128716754341
2012-09-07,sh.000016,1561.3590,1634.6930,1561.3590,1619.2130,1550.9710,3746538300,32655879443.0000,3,0.004070,1,4.399958,,,,,0,4.399953319565619
2012-09-10,sh.000016,1620.3600,1628.6430,1612.5720,1620.0270,1619.2130,2239031500,22035020891.0000,3,0.002432,1,0.050269,,,,,0,0.05027133551918084
2012-09-11,sh.000016,1613.2450,1613.2450,1593.3620,1605.0730,1620.0270,1569433700,14463105174.0000,3,0.001705,1,-0.923070,,,,,0,-0.923071035235834
2012-09-12,sh.000016,1615.1330,1623.8920,1595.5330,1607.9890,1605.0730,1542678700,14906475997.0000,3,0.001676,1,0.181675,,,,,0,0.1816739799373579
2012-09-13,sh.000016,1605.7730,1611.0760,1597.0120,1597.1600,1607.9890,1260758000,11431687484.0000,3,0.001370,1,-0.673449,,,,,0,-0.6734498805651024
2012-09-14,sh.000016,1616.0070,1625.9960,1604.1730,1614.7000,1597.1600,2082756900,20851301532.0000,3,0.002262,1,1.098194,,,,,0,1.0981993037641802
2012-09-17,sh.000016,1612.5500,1615.2150,1581.2960,1582.0950,1614.7000,1635811900,15844168320.0000,3,0.001777,1,-2.019259,,,,,0,-2.0192605437542643
2012-09-18,sh.000016,1574.2950,1576.9560,1560.7100,1564.9820,1582.0950,1137189200,10880651886.0000,3,0.001235,1,-1.081662,,,,,0,-1.0816670301088127
2012-09-19,sh.000016,1565.2360,1571.6830,1558.0430,1569.0690,1564.9820,1234604500,12135530036.0000,3,0.001341,1,0.261148,,,,,0,0.2611531634229669
2012-09-20,sh.000016,1562.7690,1562.7690,1539.2210,1540.9560,1569.0690,1537660300,14187529012.0000,3,0.001670,1,-1.791694,,,,,0,-1.7916994090126037
2012-09-21,sh.000016,1537.1160,1557.2550,1535.6100,1545.9640,1540.9560,1413016100,12750384360.0000,3,0.001535,1,0.324989,,,,,0,0.3249930562585934
2012-09-24,sh.000016,1534.6490,1560.2380,1528.5790,1553.9730,1545.9640,1387590000,12340045704.0000,3,0.001507,1,0.518061,,,,,0,0.5180586352592886
2012-09-25,sh.000016,1550.1780,1560.9850,1547.5800,1553.7010,1553.9730,1033634100,10208500243.0000,3,0.001123,1,-0.017502,,,,,0,-0.01750352161845603
2012-09-26,sh.000016,1551.4260,1557.1540,1536.9570,1541.1400,1553.7010,914601400,8558851588.0000,3,0.000994,1,-0.808459,,,,,0,-0.8084567107828344
2012-09-27,sh.000016,1541.5500,1600.0400,1541.1850,1587.9560,1541.1400,2008860000,18213863225.0000,3,0.002182,1,3.037754,,,,,0,3.037751275030165
2012-09-28,sh.000016,1576.2740,1616.3840,1575.1830,1613.0920,1587.9560,2218884100,20562338971.0000,3,0.002410,1,1.582914,,,,,0,1.582915395640705
2012-10-08,sh.000016,1611.6380,1623.0860,1588.0020,1596.1440,1613.0920,1199507000,11724583935.0000,3,0.001303,1,-1.050653,,,,,0,-1.050653031569193
2012-10-09,sh.000016,1605.1720,1635.4610,1605.1720,1627.6570,1596.1440,1852327400,15939379397.0000,3,0.002012,1,1.974317,,,,,0,1.97432061267655
2012-10-10,sh.000016,1623.2830,1627.3830,1614.6340,1625.3280,1627.6570,1182243800,11070359935.0000,3,0.001284,1,-0.143088,,,,,0,-0.14308911521284662
2012-10-11,sh.000016,1619.8340,1624.7140,1609.8920,1615.7470,1625.3280,1300358200,11517994005.0000,3,0.001413,1,-0.589484,,,,,0,-0.5894810155242403
2012-10-12,sh.000016,1621.8260,1636.4120,1608.2280,1618.6590,1615.7470,1311677600,11893807016.0000,3,0.001425,1,0.180233,,,,,0,0.18022623591440468
2012-10-15,sh.000016,1620.0480,1622.4300,1603.2750,1612.9550,1618.6590,933900400,9043127126.0000,3,0.001014,1,-0.352397,,,,,0,-0.3523904664293198
2012-10-16,sh.000016,1611.2640,1624.4760,1606.9060,1614.1380,1612.9550,1025692600,9768907283.0000,3,0.001114,1,0.073343,,,,,0,0.07334364566897733
2012-10-17,sh.000016,1619.6220,1624.2990,1603.3460,1617.6640,1614.1380,1141878000,10840751914.0000,3,0.001240,1,0.218445,,,,,0,0.21844476742385321
2012-10-18,sh.000016,1621.0540,1643.4790,1619.6150,1639.6670,1617.6640,1655287200,15382433429.0000,3,0.001798,1,1.360174,,,,,0,1.3601712098433305
2012-10-19,sh.000016,1637.9150,1643.2200,1635.1000,1637.7650,1639.6670,1115123400,10368685870.0000,3,0.001211,1,-0.115998,,,,,0,-0.1159991632447177
2012-10-22,sh.000016,1628.1850,1648.0790,1625.2390,1643.3420,1637.7650,1154293900,11029741896.0000,3,0.001254,1,0.340527,,,,,0,0.34052504480190926
2012-10-23,sh.000016,1642.8350,1646.3670,1624.2210,1625.8100,1643.3420,1246707900,10845395747.0000,3,0.001354,1,-1.066849,,,,,0,-1.066850357381488
2012-10-24,sh.000016,1619.9500,1631.7730,1618.7530,1623.6410,1625.8100,1146366600,9902324120.0000,3,0.001245,1,-0.133415,,,,,0,-0.133410423112168
2012-10-25,sh.000016,1622.7930,1632.4200,1611.1130,1612.9470,1623.6410,1371240200,10820127999.0000,3,0.001490,1,-0.658641,,,,,0,-0.6586431360134481
2012-10-26,sh.000016,1614.4170,1616.3530,1577.7200,1584.6970,1612.9470,1399906500,12582231321.0000,3,0.001521,1,-1.751452,,,,,0,-1.7514524655800834
2012-10-29,sh.000016,1581.2320,1583.6840,1566.9500,1571.5250,1584.6970,1018482900,10118568388.0000,3,0.001106,1,-0.831200,,,,,0,-0.8311999076163978
2012-10-30,sh.000016,1572.5470,1586.6810,1568.4590,1576.3210,1571.5250,1347298600,10907175487.0000,3,0.001464,1,0.305183,,,,,0,0.30518127296732533
2012-10-31,sh.000016,1578.4680,1588.7250,1573.1870,1587.0520,1576.3210,1387846800,11413930512.0000,3,0.001508,1,0.680760,,,,,0,0.6807623574132338
2012-11-01,sh.000016,1589.2980,1625.7790,1589.1370,1617.7320,1587.0520,1924988100,17719540033.0000,3,0.002091,1,1.933147,,,,,0,1.9331439675574602
2012-11-02,sh.000016,1617.3230,1628.8320,1609.3840,1626.6070,1617.7320,1525600400,13474074854.0000,3,0.001657,1,0.548608,,,,,0,0.5486075567523008
2012-11-05,sh.000016,1623.7570,1634.7940,1615.3760,1624.7090,1626.6070,1609307200,13042280458.0000,3,0.001741,1,-0.116689,,,,,0,-0.11668460789852064
2012-11-06,sh.000016,1625.4100,1627.1540,1597.7500,1619.7390,1624.7090,1309367700,12474319950.0000,3,0.001413,1,-0.305899,,,,,0,-0.30590093364412096
2012-11-07,sh.000016,1617.2110,1626.2080,1608.7930,1617.8340,1619.7390,1323733500,12694241552.0000,3,0.001429,1,-0.117613,,,,,0,-0.11761154111865624
2012-11-08,sh.000016,1604.9500,1609.6860,1590.9130,1591.6150,1617.8340,1278845100,11054023629.0000,3,0.001380,1,-1.620623,,,,,0,-1.6206236239317495
2012-11-09,sh.000016,1589.5230,1598.7070,1587.7890,1591.8520,1591.6150,1192967000,8946786478.0000,3,0.001287,1,0.014894,,,,,0,0.014890535713729669
2012-11-12,sh.000016,1592.8560,1601.2910,1587.1720,1600.8780,1591.8520,1388828900,11454982137.0000,3,0.001499,1,0.567013,,,,,0,0.5670125112133384
2012-11-13,sh.000016,1600.3000,1600.3000,1571.6270,1575.2590,1600.8780,1239395500,10480952052.0000,3,0.001337,1,-1.600310,,,,,0,-1.600309330255012
2012-11-14,sh.000016,1575.8340,1585.6910,1571.5520,1581.9460,1575.2590,1001001300,8621065413.0000,3,0.001080,1,0.424502,,,,,0,0.4245016216380959
2012-11-15,sh.000016,1573.5900,1579.6390,1563.2820,1563.6980,1581.9460,1051920200,8946153492.0000,3,0.001135,1,-1.153519,,,,,0,-1.153515986007092
2012-11-16,sh.000016,1560.8150,1562.5560,1542.5320,1551.5580,1563.6980,1147437700,9765525805.0000,3,0.001238,1,-0.776366,,,,,0,-0.7763647456222378
2012-11-19,sh.000016,1550.2480,1551.5850,1533.5130,1550.8910,1551.5580,1059489800,10723919404.0000,3,0.001143,1,-0.042989,,,,,0,-0.04298904713841978
2012-11-20,sh.000016,1554.8080,1557.0850,1539.3780,1540.4880,1550.8910,817830900,8871561196.0000,3,0.000883,1,-0.670773,,,,,0,-0.6707757024832839
2012-11-21,sh.000016,1539.8920,1563.8040,1534.3210,1562.9740,1540.4880,1008724400,9410997430.0000,3,0.001088,1,1.459665,,,,,0,1.4596673261979332
2012-11-22,sh.000016,1553.9720,1557.2220,1547.6350,1554.7540,1562.9740,722037900,7294749210.0000,3,0.000779,1,-0.525919,,,,,0,-0.5259204567702347
2012-11-23,sh.000016,1559.7130,1574.4840,1555.1570,1568.7530,1554.7540,1141798700,10255113946.0000,3,0.001232,1,0.900401,,,,,0,0.9003996773766065
2012-11-26,sh.000016,1565.6440,1569.3590,1557.7480,1563.1980,1568.7530,856092300,7646679364.0000,3,0.000924,1,-0.354106,,,,,0,-0.3541029084884517
2012-11-27,sh.000016,1559.4610,1563.8350,1551.5600,1552.9200,1563.1980,1161965600,9726978178.0000,3,0.001254,1,-0.657495,,,,,0,-0.657498282367297
2012-11-28,sh.000016,1547.2460,1549.3450,1538.7730,1542.0740,1552.9200,1160897700,9306419731.0000,3,0.001253,1,-0.698431,,,,,0,-0.698426190660173
2012-11-29,sh.000016,1541.8410,1549.1630,1530.5720,1532.9210,1542.0740,1142642300,8977813544.0000,3,0.001233,1,-0.593548,,,,,0,-0.5935512822341837
2012-11-30,sh.000016,1531.5980,1550.1110,1529.0330,1547.7590,1532.9210,1276458600,10702616931.0000,3,0.001377,1,0.967957,,,,,0,0.9679559481538869
2012-12-03,sh.000016,1544.5890,1557.6520,1531.5840,1532.1760,1547.7590,1594270900,14109293764.0000,3,0.001720,1,-1.006811,,,,,0,-1.0068104918143028
2012-12-04,sh.000016,1529.3330,1550.2730,1528.2800,1545.9540,1532.1760,1342275800,12369660298.0000,3,0.001448,1,0.899241,,,,,0,0.8992439510865591
2012-12-05,sh.000016,1544.5700,1608.1120,1543.2620,1601.7360,1545.9540,3508355500,30830009577.0000,3,0.003786,1,3.608256,,,,,0,3.608257425512029
2012-12-06,sh.000016,1599.5280,1608.4370,1590.0390,1600.4150,1601.7360,1939737300,18291814574.0000,3,0.002093,1,-0.082468,,,,,0,-0.0824730167768073
2012-12-07,sh.000016,1602.2970,1637.5440,1599.6690,1634.9190,1600.4150,3180962600,27337261090.0000,3,0.003433,1,2.155935,,,,,0,2.1559408028542615
2012-12-10,sh.000016,1642.0780,1659.2690,1640.5620,1653.2840,1634.9190,3040222900,24752551604.0000,3,0.003281,1,1.123304,,,,,0,1.1232972398020902
2012-12-11,sh.000016,1648.0630,1657.6470,1642.9410,1645.0090,1653.2840,2003930200,17861853544.0000,3,0.002162,1,-0.500520,,,,,0,-0.500518967098218
2012-12-12,sh.000016,1645.6270,1659.6620,1642.7920,1657.1280,1645.0090,2013134400,17513566757.0000,3,0.002180,1,0.736714,,,,,0,0.7367132945777177
2012-12-13,sh.000016,1651.6680,1654.7850,1634.6340,1635.6260,1657.1280,1646102900,15292968444.0000,3,0.001782,1,-1.297551,,,,,0,-1.2975461159306922
2012-12-14,sh.000016,1637.6110,1728.8220,1637.6110,1728.0610,1635.6260,4774830300,41210669862.0000,3,0.005170,1,5.651357,,,,,0,5.651353059929343
2012-12-17,sh.000016,1732.9020,1750.1000,1732.6400,1738.8520,1728.0610,3822778000,34321087379.0000,3,0.004107,1,0.624458,,,,,0,0.6244571227520312
2012-12-18,sh.000016,1734.9500,1768.3680,1725.5640,1744.8540,1738.8520,3470347400,31797100681.0000,3,0.003716,1,0.345168,,,,,0,0.3451702617589092
2012-12-19,sh.000016,1740.2770,1759.7200,1736.4680,1744.0180,1744.8540,2501654900,24909314737.0000,3,0.002679,1,-0.047916,,,,,0,-0.04791231816529962
2012-12-20,sh.000016,1735.7980,1757.8010,1725.8520,1751.9360,1744.0180,2579883400,25567567546.0000,3,0.002763,1,0.454014,,,,,0,0.4540090755944082
2012-12-21,sh.000016,1753.2480,1769.7700,1732.9870,1737.9890,1751.9360,2533704900,24740344490.0000,3,0.002714,1,-0.796092,,,,,0,-0.7960907247753335
2012-12-24,sh.000016,1733.4060,1759.6740,1731.8430,1746.4380,1737.9890,1910901900,21386826292.0000,3,0.002047,1,0.486135,,,,,0,0.4861365635800974
2012-12-25,sh.000016,1739.7410,1808.3430,1734.5990,1798.8820,1746.4380,3639907200,35603057269.0000,3,0.003899,1,3.002911,,,,,0,3.0029122133164776
2012-12-26,sh.000016,1796.6050,1806.0850,1792.8550,1800.5640,1798.8820,2551238600,25859593149.0000,3,0.002733,1,0.093503,,,,,0,0.09350251989848068
2012-12-27,sh.000016,1805.8280,1816.9040,1785.8630,1786.7790,1800.5640,2496554700,25316964681.0000,3,0.002674,1,-0.765589,,,,,0,-0.7655934473864923
2012-12-28,sh.000016,1789.6890,1819.6510,1789.4220,1817.8520,1786.7790,2628555200,26005738026.0000,3,0.002816,1,1.739051,,,,,0,1.7390511081672777
2012-12-31,sh.000016,1821.9800,1858.3200,1821.9800,1857.6800,1817.8520,3288098800,31838655845.0000,3,0.003494,1,2.190938,,,,,0,2.1909374360508993
2013-01-04,sh.000016,1885.9640,1899.8800,1849.7790,1870.5000,1857.6800,3920564900,39918820869.0000,3,0.004260,1,0.690105,,,,,0,0.6901080918134461
2013-01-07,sh.000016,1865.0580,1892.1300,1857.2760,1880.2620,1870.5000,2852949900,29047314861.0000,3,0.003100,1,0.521891,,,,,0,0.5218925421010434
2013-01-08,sh.000016,1879.8480,1883.1420,1846.2900,1857.6880,1880.2620,2534855200,28592800185.0000,3,0.002754,1,-1.200576,,,,,0,-1.2005773663457453
2013-01-09,sh.000016,1851.6070,1861.3740,1839.0110,1855.3420,1857.6880,2510211300,27479952838.0000,3,0.002727,1,-0.126283,,,,,0,-0.12628600712283333
2013-01-10,sh.000016,1854.9870,1875.5810,1843.3450,1855.4870,1855.3420,2512934500,26215851793.0000,3,0.002730,1,0.007816,,,,,0,0.007815270715583189
2013-01-11,sh.000016,1857.7650,1863.2700,1810.8360,1818.9840,1855.4870,2643782300,26793508679.0000,3,0.002873,1,-1.967303,,,,,0,-1.9673002289964936
2013-01-14,sh.000016,1811.3150,1900.4100,1811.0660,1893.1000,1818.9840,3586175400,37504710761.0000,3,0.003897,1,4.074581,,,,,0,4.074582294291762
2013-01-15,sh.000016,1892.5060,1907.6520,1889.6860,1900.0510,1893.1000,3265932800,34532269093.0000,3,0.003549,1,0.367178,,,,,0,0.3671755321958736
2013-01-16,sh.000016,1895.2310,1898.2340,1851.3300,1877.0000,1900.0510,3164398900,34462185706.0000,3,0.003438,1,-1.213179,,,,,0,-1.213177962065226
2013-01-17,sh.000016,1871.6390,1872.1490,1844.4520,1854.9360,1877.0000,2330184500,24757645778.0000,3,0.002532,1,-1.175491,,,,,0,-1.1754928076718185
2013-01-18,sh.000016,1867.7630,1897.6070,1854.6560,1886.7940,1854.9360,2562917000,27241991921.0000,3,0.002785,1,1.717467,,,,,0,1.717471654008551
2013-01-21,sh.000016,1890.8500,1899.0020,1871.6700,1898.4380,1886.7940,3142856200,33266653904.0000,3,0.003415,1,0.617134,,,,,0,0.6171314939521721
2013-01-22,sh.000016,1895.0040,1917.4590,1878.4500,1898.5020,1898.4380,4129089000,38699040854.0000,3,0.004486,1,0.003369,,,,,0,0.0033711925277346566
2013-01-23,sh.000016,1890.6930,1911.1960,1885.2680,1910.1350,1898.5020,2870868000,26471549110.0000,3,0.003119,1,0.612749,,,,,0,0.6127462599460065
2013-01-24,sh.000016,1909.9200,1961.9790,1885.4590,1900.1760,1910.1350,4636251700,45027602055.0000,3,0.005037,1,-0.521376,,,,,0,-0.5213767613283959
2013-01-25,sh.000016,1898.2810,1905.3800,1881.1310,1886.4540,1900.1760,2180922400,23121684514.0000,3,0.002370,1,-0.722146,,,,,0,-0.7221436330108411
2013-01-28,sh.000016,1890.8850,1958.1960,1890.8850,1957.3950,1886.4540,4001193900,42903720708.0000,3,0.004345,1,3.760550,,,,,0,3.7605475670225763
2013-01-29,sh.000016,1959.7980,1993.1950,1950.4830,1982.6230,1957.3950,4198398900,45297085361.0000,3,0.004559,1,1.288857,,,,,0,1.2888558517825999
2013-01-30,sh.000016,1984.9160,1991.6590,1969.7750,1989.3150,1982.6230,4025677200,40584410387.0000,3,0.004371,1,0.337527,,,,,0,0.33753265245082265
2013-01-31,sh.000016,1992.4790,2000.6490,1976.7030,1993.2520,1989.3150,3791741800,36693048338.0000,3,0.004117,1,0.197908,,,,,0,0.19790731985631638
2013-02-01,sh.000016,1984.9650,2058.0520,1979.0990,2055.7240,1993.2520,4393958000,48056952723.0000,3,0.004771,1,3.134183,,,,,0,3.1341747054562274
2013-02-04,sh.000016,2068.0220,2087.9310,2050.6880,2065.3940,2055.7240,5508981800,60276858401.0000,3,0.005982,1,0.470390,,,,,0,0.4703938855604939
2013-02-05,sh.000016,2044.1620,2076.9320,2035.3690,2068.9520,2065.3940,5045680200,48274217696.0000,3,0.005479,1,0.172261,,,,,0,0.17226737368272182
2013-02-06,sh.000016,2069.3410,2088.4460,2063.9880,2078.4940,2068.9520,3520212600,36872236462.0000,3,0.003823,1,0.461199,,,,,0,0.4611996798379092
2013-02-07,sh.000016,2074.4800,2077.4840,2014.7520,2048.5750,2078.4940,4349646400,46145289824.0000,3,0.004723,1,-1.439453,,,,,0,-1.439455682816515
2013-02-08,sh.000016,2044.1410,2061.0120,2022.8920,2042.4220,2048.5750,3442460800,36099049227.0000,3,0.003738,1,-0.300353,,,,,0,-0.30035512490388383
2013-02-18,sh.000016,2051.9220,2055.4110,2013.2170,2014.5770,2042.4220,3295871900,34844945532.0000,3,0.003579,1,-1.363331,,,,,0,-1.3633323573678746
2013-02-19,sh.000016,2011.3860,2018.9060,1971.4280,1981.0740,2014.5770,3131288500,33073491879.0000,3,0.003400,1,-1.663032,,,,,0,-1.663029013038464
2013-02-20,sh.000016,1982.4340,1984.3250,1948.6990,1978.3030,1981.0740,2939731200,30302361962.0000,3,0.003192,1,-0.139873,,,,,0,-0.13987362410490256
2013-02-21,sh.000016,1955.1670,1955.1670,1876.3240,1897.8960,1978.3030,4490004000,46202057395.0000,3,0.004876,1,-4.064442,,,,,0,-4.064443111090677
2013-02-22,sh.000016,1895.4290,1902.6610,1878.3420,1883.4750,1897.8960,2556522100,27199426483.0000,3,0.002776,1,-0.759842,,,,,0,-0.7598414243983886
2013-02-25,sh.000016,1893.4420,1912.0320,1879.8410,1890.7650,1883.4750,2227133500,22677560239.0000,3,0.002418,1,0.387053,,,,,0,0.3870505315971995
2013-02-26,sh.000016,1874.0470,1916.7640,1863.0110,1865.1290,1890.7650,3688458000,38058465346.0000,3,0.003991,1,-1.355853,,,,,0,-1.3558533186302957
2013-02-27,sh.000016,1871.4350,1907.2030,1869.5110,1889.4760,1865.1290,2866730900,28893671352.0000,3,0.003102,1,1.305375,,,,,0,1.3053788772787511
2013-02-28,sh.000016,1906.1250,1957.4880,1886.7410,1956.6060,1889.4760,3961108600,42105790251.0000,3,0.004286,1,3.552837,,,,,0,3.5528368711748692
2013-03-01,sh.000016,1955.7280,1963.5970,1911.6570,1944.4230,1956.6060,3248281400,36324799866.0000,3,0.003514,1,-0.622659,,,,,0,-0.6226598507824255
2013-03-04,sh.000016,1904.4300,1904.9510,1828.5490,1841.6240,1944.4230,4813350100,49868903303.0000,3,0.005208,1,-5.286861,,,,,0,-5.286864020843196
2013-03-05,sh.000016,1844.2870,1917.1810,1843.1590,1916.7090,1841.6240,4024232100,40861173420.0000,3,0.004354,1,4.077106,,,,,0,4.077108030738086
2013-03-06,sh.000016,1925.5190,1943.9260,1907.6230,1933.6990,1916.7090,3614474500,37864531747.0000,3,0.003911,1,0.886415,,,,,0,0.8864152043946083
2013-03-07,sh.000016,1922.9290,1937.9460,1881.6690,1902.3740,1933.6990,3246190400,35799074128.0000,3,0.003512,1,-1.619950,,,,,0,-1.6199522262771993
2013-03-08,sh.000016,1906.3550,1917.0490,1889.3770,1901.4810,1902.3740,2385834700,26080937976.0000,3,0.002581,1,-0.046945,,,,,0,-0.04694134802094574
2013-03-11,sh.000016,1895.0460,1899.3090,1867.3660,1879.8180,1901.4810,1938632700,21039587775.0000,3,0.002097,1,-1.139268,,,,,0,-1.1392698638587495
2013-03-12,sh.000016,1878.5360,1900.3570,1837.8300,1854.6180,1879.8180,2837510200,28646032758.0000,3,0.003069,1,-1.340553,,,,,0,-1.3405553090777955
2013-03-13,sh.000016,1853.0160,1860.0600,1827.6460,1835.6120,1854.6180,2194698100,21872477427.0000,3,0.002374,1,-1.024792,,,,,0,-1.0247932458328224
2013-03-14,sh.000016,1830.7130,1850.4300,1824.1310,1838.3580,1835.6120,2072084900,21599515035.0000,3,0.002241,1,0.149594,,,,,0,0.14959588409750868
2013-03-15,sh.000016,1835.6100,1894.2480,1815.3660,1841.3200,1838.3580,3832547100,38589034136.0000,3,0.004143,1,0.161117,,,,,0,0.16112204478127
2013-03-18,sh.000016,1829.3930,1841.9060,1809.4390,1811.2390,1841.3200,2592728400,27458292401.0000,3,0.002803,1,-1.633661,,,,,0,-1.6336649794712388
2013-03-19,sh.000016,1813.3220,1836.0330,1805.5570,1830.9590,1811.2390,2190141600,22452103512.0000,3,0.002368,1,1.088756,,,,,0,1.0887574748556172
2013-03-20,sh.000016,1833.3580,1905.8950,1833.3580,1905.7650,1830.9590,4086617500,42074808028.0000,3,0.004418,1,4.085620,,,,,0,4.085618520130718
2013-03-21,sh.000016,1906.8480,1912.9610,1890.5400,1902.2950,1905.7650,2651912500,28194018211.0000,3,0.002867,1,-0.182078,,,,,0,-0.18207911258733
2013-03-22,sh.000016,1900.1490,1913.2660,1893.1690,1904.4620,1902.2950,2003806400,20587012339.0000,3,0.002166,1,0.113915,,,,,0,0.1139150342086781
2013-03-25,sh.000016,1913.7910,1927.3710,1898.2700,1901.9320,1904.4620,2362514800,24746440030.0000,3,0.002554,1,-0.132847,,,,,0,-0.13284591658956346
2013-03-26,sh.000016,1891.3140,1894.6610,1852.1560,1861.2590,1901.9320,2840663900,28163692124.0000,3,0.003071,1,-2.138508,,,,,0,-2.1385096838372752
2013-03-27,sh.000016,1863.5150,1891.2760,1854.8220,1868.4400,1861.2590,2394241000,23231255716.0000,3,0.002588,1,0.385809,,,,,0,0.38581411829305967
2013-03-28,sh.000016,1816.8500,1816.8500,1782.2350,1791.6430,1868.4400,4497912900,41471507579.0000,3,0.004862,1,-4.110220,,,,,0,-4.1102202907238095
2013-03-29,sh.000016,1791.5720,1797.3760,1774.9240,1793.1940,1791.6430,2579377900,24295416144.0000,3,0.002788,1,0.086570,,,,,0,0.08656858537108292
2013-04-01,sh.000016,1781.7930,1796.2930,1779.1000,1784.0710,1793.1940,1772571800,16937451986.0000,3,0.001916,1,-0.508753,,,,,0,-0.5087570000791963
2013-04-02,sh.000016,1785.5680,1805.7390,1771.3700,1783.2170,1784.0710,2204660400,21155916242.0000,3,0.002383,1,-0.047868,,,,,0,-0.04786805009441286
2013-04-03,sh.000016,1787.9810,1805.0070,1782.7850,1789.6660,1783.2170,1875024000,17034243677.0000,3,0.002027,1,0.361648,,,,,0,0.3616497599562951
2013-04-08,sh.000016,1755.7630,1775.3380,1747.6600,1773.1030,1789.6660,1958265400,18943130094.0000,3,0.002117,1,-0.925479,,,,,0,-0.9254799498900845
2013-04-09,sh.000016,1776.8280,1800.5700,1776.8280,1788.6330,1773.1030,1977779400,21114249103.0000,3,0.002138,1,0.875867,,,,,0,0.875865643451057
2013-04-10,sh.000016,1787.7400,1794.2210,1775.6110,1787.9280,1788.6330,1721520100,17613418015.0000,3,0.001861,1,-0.039420,,,,,0,-0.039415576029289134
2013-04-11,sh.000016,1802.5070,1808.2850,1782.8970,1784.1280,1787.9280,1619332600,15638172984.0000,3,0.001750,1,-0.212532,,,,,0,-0.21253652272351653
2013-04-12,sh.000016,1783.0910,1794.3350,1773.5000,1774.5050,1784.1280,1435489500,14095809180.0000,3,0.001552,1,-0.539370,,,,,0,-0.5393671306094583
2013-04-15,sh.000016,1768.2060,1777.1350,1754.7000,1759.8020,1774.5050,1743301500,15508401189.0000,3,0.001884,1,-0.828569,,,,,0,-0.8285690939163426
2013-04-16,sh.000016,1746.3140,1774.0710,1739.2180,1772.6430,1759.8020,2237994300,22179049754.0000,3,0.002419,1,0.729681,,,,,0,0.7296843622180305
2013-04-17,sh.000016,1769.8110,1774.4930,1747.4130,1761.6170,1772.6430,1651113500,17368577029.0000,3,0.001785,1,-0.622009,,,,,0,-0.6220090565331016
2013-04-18,sh.000016,1745.9420,1772.6110,1740.2600,1768.1500,1761.6170,1753774400,18038752316.0000,3,0.001896,1,0.370857,,,,,0,0.37085246111954184
2013-04-19,sh.000016,1772.6410,1836.6110,1771.5000,1827.9830,1768.1500,3305717000,33651064369.0000,3,0.003573,1,3.383933,,,,,0,3.383932358679975
2013-04-22,sh.000016,1820.0270,1830.9940,1814.8670,1823.9470,1827.9830,2162122900,22455788321.0000,3,0.002337,1,-0.220790,,,,,0,-0.22078979946750232
2013-04-23,sh.000016,1828.0900,1828.0900,1759.4150,1760.6770,1823.9470,2322778800,23725577059.0000,3,0.002510,1,-3.468852,,,,,0,-3.468850794458389
2013-04-24,sh.000016,1764.0290,1809.1260,1755.4390,1793.8850,1760.6770,2239229100,21622750877.0000,3,0.002420,1,1.886093,,,,,0,1.886092679122875
2013-04-25,sh.000016,1786.8620,1800.5610,1762.1720,1778.2940,1793.8850,2058464500,20117620592.0000,3,0.002225,1,-0.869123,,,,,0,-0.8691192579234341
2013-04-26,sh.000016,1786.6380,1793.9460,1760.2230,1766.0370,1778.2940,1671403300,15795388917.0000,3,0.001806,1,-0.689254,,,,,0,-0.6892561072578629
2013-05-02,sh.000016,1758.3790,1766.1410,1745.5710,1763.0500,1766.0370,1792622200,16995491392.0000,3,0.001937,1,-0.169132,,,,,0,-0.1691357542339178
2013-05-03,sh.000016,1770.6860,1821.3790,1770.3220,1795.4890,1763.0500,2456165300,23916880535.0000,3,0.002655,1,1.839934,,,,,0,1.8399364737245127
2013-05-06,sh.000016,1804.8890,1826.1920,1801.3640,1816.5980,1795.4890,2199726600,21128847009.0000,3,0.002377,1,1.175669,,,,,0,1.175668578309308
2013-05-07,sh.000016,1812.0330,1824.5110,1800.2680,1817.9250,1816.5980,1938204200,21035612216.0000,3,0.002095,1,0.073050,,,,,0,0.07304863266390793
2013-05-08,sh.000016,1826.4320,1842.1260,1814.9560,1824.3770,1817.9250,2114642000,21662568694.0000,3,0.002286,1,0.354905,,,,,0,0.35491013105601876
2013-05-09,sh.000016,1825.3840,1826.9690,1794.4210,1807.8620,1824.3770,1944205300,20409966788.0000,3,0.002101,1,-0.905235,,,,,0,-0.905240528684581
2013-05-10,sh.000016,1804.1750,1823.4710,1798.9860,1819.1170,1807.8620,1632228400,16507762194.0000,3,0.001764,1,0.622552,,,,,0,0.6225585802456024
2013-05-13,sh.000016,1819.5560,1823.0360,1800.3060,1810.7240,1819.1170,1736063800,18035135433.0000,3,0.001876,1,-0.461375,,,,,0,-0.46137769038495646
2013-05-14,sh.000016,1806.1750,1807.0350,1776.6950,1785.5750,1810.7240,1831264200,19248866737.0000,3,0.001979,1,-1.388895,,,,,0,-1.3888919570293368
2013-05-15,sh.000016,1787.8360,1795.3800,1781.2190,1789.4310,1785.5750,1243394600,13780608939.0000,3,0.001344,1,0.215957,,,,,0,0.2159528443218539
2013-05-16,sh.000016,1785.7090,1822.6740,1770.4060,1821.4530,1789.4310,2440490400,25121620768.0000,3,0.002638,1,1.789506,,,,,0,1.7895073908968717
2013-05-17,sh.000016,1819.5160,1849.8750,1810.3160,1843.8090,1821.4530,2756330000,27555413537.0000,3,0.002979,1,1.227369,,,,,0,1.227371774072683
2013-05-20,sh.000016,1848.3240,1877.2700,1841.4150,1861.2520,1843.8090,2965570700,29995682402.0000,3,0.003205,1,0.946030,,,,,0,0.9460307439653537
2013-05-21,sh.000016,1858.1410,1863.0260,1840.2000,1851.0840,1861.2520,1978147300,20626739314.0000,3,0.002138,1,-0.546297,,,,,0,-0.5462989428621112
2013-05-22,sh.000016,1850.7470,1862.7340,1847.4660,1858.1980,1851.0840,1913382704,21001127168.0000,3,0.002068,1,0.384316,,,,,0,0.38431535251777227
2013-05-23,sh.000016,1849.2560,1855.0270,1822.3740,1823.7370,1858.1980,2047173700,21947539161.0000,3,0.002214,1,-1.854535,,,,,0,-1.8545386444286382
2013-05-24,sh.000016,1831.7160,1842.8630,1814.5690,1829.1410,1823.7370,1619764400,16997014793.0000,3,0.001752,1,0.296311,,,,,0,0.2963146550187812
2013-05-27,sh.000016,1825.2250,1838.8500,1821.1570,1827.2630,1829.1410,1787880800,18353927189.0000,3,0.001934,1,-0.102674,,,,,0,-0.10267114454272086
2013-05-28,sh.000016,1827.6040,1870.2510,1821.2390,1870.0940,1827.2630,3070059700,29822925668.0000,3,0.003320,1,2.344001,,,,,0,2.3439975526238
2013-05-29,sh.000016,1873.0850,1882.7510,1860.4020,1861.7020,1870.0940,2600340300,25979174705.0000,3,0.002812,1,-0.448746,,,,,0,-0.44874749611517606
2013-05-30,sh.000016,1855.7580,1866.8960,1848.5550,1855.4560,1861.7020,2055181000,20524560398.0000,3,0.002223,1,-0.335498,,,,,0,-0.3354994515771148
2013-05-31,sh.000016,1859.2380,1865.5520,1839.3480,1841.3660,1855.4560,1744705504,17945420032.0000,3,0.001887,1,-0.759387,,,,,0,-0.7593820602590395
2013-06-03,sh.000016,1840.4000,1854.3800,1833.8420,1838.6400,1841.3660,1708802000,17682929664.0000,3,0.001848,1,-0.148040,,,,,0,-0.14804226862014103
2013-06-04,sh.000016,1837.6370,1837.6370,1815.6860,1819.5030,1838.6400,1849295000,18052363367.0000,3,0.002000,1,-1.040822,,,,,0,-1.0408236522647218
2013-06-05,sh.000016,1818.8110,1820.1180,1799.7440,1806.8210,1819.5030,1381532200,13887115124.0000,3,0.001494,1,-0.697004,,,,,0,-0.6970035223904603
2013-06-06,sh.000016,1801.4910,1803.8140,1782.4780,1784.7020,1806.8210,1497873300,15526725316.0000,3,0.001620,1,-1.224195,,,,,0,-1.2241943169799319
2013-06-07,sh.000016,1783.8560,1793.1290,1755.5990,1760.2240,1784.7020,1988684100,19829006251.0000,3,0.002151,1,-1.371547,,,,,0,-1.371545501714011
2013-06-13,sh.000016,1733.1420,1733.1420,1679.6640,1700.8020,1760.2240,2537067200,23937688880.0000,3,0.002744,1,-3.375820,,,,,0,-3.3758203501372597
2013-06-14,sh.000016,1703.0800,1706.9640,1692.3120,1704.1470,1700.8020,1827829800,16443113513.0000,3,0.001977,1,0.196670,,,,,0,0.19667192301044967
2013-06-17,sh.000016,1709.4780,1712.9390,1689.4920,1692.4760,1704.1470,1464507300,13951434642.0000,3,0.001584,1,-0.684860,,,,,0,-0.6848587592502176
2013-06-18,sh.000016,1701.2300,1711.0550,1690.1170,1704.2220,1692.4760,1400800100,14866496703.0000,3,0.001515,1,0.694018,,,,,0,0.6940127954546904
2013-06-19,sh.000016,1697.5990,1697.5990,1668.0700,1687.6130,1704.2220,1587833900,16565166598.0000,3,0.001679,1,-0.974580,,,,,0,-0.9745796028921117
2013-06-20,sh.000016,1677.9310,1677.9310,1629.7530,1631.5540,1687.6130,1864144800,17141967052.0000,3,0.001971,1,-3.321797,,,,,0,-3.321792377754851
2013-06-21,sh.000016,1606.9710,1645.9290,1598.4680,1633.1640,1631.5540,2118709000,19601008078.0000,3,0.002241,1,0.098678,,,,,0,0.09867892818746782
2013-06-24,sh.000016,1625.4450,1625.4450,1524.2800,1525.1660,1633.1640,3327422000,28395314535.0000,3,0.003515,1,-6.612804,,,,,0,-6.612808021729599
2013-06-25,sh.000016,1508.5150,1529.3760,1422.9840,1526.8030,1525.1660,4051710900,32359445907.0000,3,0.004280,1,0.107330,,,,,0,0.1073325788799595
2013-06-26,sh.000016,1529.0520,1529.0520,1487.3090,1509.6820,1526.8030,2854515300,22556296672.0000,3,0.003015,1,-1.121361,,,,,0,-1.1213627429340955
2013-06-27,sh.000016,1511.4910,1530.1560,1498.2770,1512.2040,1509.6820,2649866000,20538146160.0000,3,0.002799,1,0.167053,,,,,0,0.16705504867913223
2013-06-28,sh.000016,1504.4260,1562.3870,1497.4370,1552.3830,1512.2040,3111516100,23358146160.0000,3,0.003287,1,2.656988,,,,,0,2.6569827880365438
2013-07-01,sh.000016,1539.7780,1551.1150,1520.6970,1549.3740,1552.3830,2065095000,16582647265.0000,3,0.002175,1,-0.193833,,,,,0,-0.19383103267686108
2013-07-02,sh.000016,1546.8540,1551.2690,1519.4410,1541.3410,1549.3740,2216232200,18004113573.0000,3,0.002334,1,-0.518473,,,,,0,-0.5184674584703286
2013-07-03,sh.000016,1530.6590,1530.6590,1501.0830,1522.9110,1541.3410,2290312000,19222627563.0000,3,0.002398,1,-1.195708,,,,,0,-1.1957120455499348
2013-07-04,sh.000016,1511.5160,1550.0810,1503.4540,1535.3210,1522.9110,2366168000,21089101498.0000,3,0.002478,1,0.814889,,,,,0,0.814886753066979
2013-07-05,sh.000016,1538.3890,1556.5920,1535.7140,1542.0490,1535.3210,2056604700,18309018256.0000,3,0.002154,1,0.438208,,,,,0,0.438214549270155
2013-07-08,sh.000016,1518.8760,1528.9650,1502.2360,1506.7270,1542.0490,1932146100,16247602448.0000,3,0.002023,1,-2.290582,,,,,0,-2.2905886907614414
2013-07-09,sh.000016,1505.9100,1513.3340,1497.5050,1505.2990,1506.7270,1561524100,12508500598.0000,3,0.001635,1,-0.094782,,,,,0,-0.09477496586973722
2013-07-10,sh.000016,1505.7060,1547.3150,1500.7740,1546.7430,1505.2990,2356141100,20332972238.0000,3,0.002467,1,2.753213,,,,,0,2.753207170136962
2013-07-11,sh.000016,1555.2830,1653.5870,1555.2830,1635.6600,1546.7430,5367500700,48441615814.0000,3,0.005621,1,5.748660,,,,,0,5.748660249310977
2013-07-12,sh.000016,1626.5490,1634.3450,1585.5070,1587.5890,1635.6600,3433176000,31344718018.0000,3,0.003595,1,-2.938939,,,,,0,-2.9389359646870505
2013-07-15,sh.000016,1599.0350,1631.9900,1582.8300,1604.6620,1587.5890,2800125300,25593903533.0000,3,0.002933,1,1.075404,,,,,0,1.0754042765476424
2013-07-16,sh.000016,1597.3310,1606.7420,1579.4480,1606.3410,1604.6620,2124440800,18792151122.0000,3,0.001751,1,0.104630,,,,,0,0.10463262668398698
2013-07-17,sh.000016,1602.4840,1612.5710,1581.7390,1582.1410,1606.3410,2229715500,19368122893.0000,3,0.001838,1,-1.506526,,,,,0,-1.5065294355308012
2013-07-18,sh.000016,1575.6670,1583.3050,1547.0910,1549.3480,1582.1410,2054031100,17453867654.0000,3,0.001693,1,-2.072696,,,,,0,-2.072697692557124
2013-07-19,sh.000016,1551.2950,1557.7030,1508.2750,1511.4000,1549.3480,2413940100,20924036593.0000,3,0.001989,1,-2.449288,,,,,0,-2.4492883458073877
2013-07-22,sh.000016,1493.9870,1515.1540,1485.0600,1514.0520,1511.4000,1973065600,15898461419.0000,3,0.001626,1,0.175465,,,,,0,0.17546645494241897
2013-07-23,sh.000016,1520.5820,1569.7350,1514.2110,1555.8370,1514.0520,2684214900,22712408968.0000,3,0.002212,1,2.759815,,,,,0,2.7598127409098394
2013-07-24,sh.000016,1541.9280,1550.8530,1512.9730,1532.3530,1555.8370,2208138700,18813234433.0000,3,0.001818,1,-1.509413,,,,,0,-1.509412618416961
2013-07-25,sh.000016,1537.7300,1548.1970,1522.2280,1529.2990,1532.3530,1874865400,15998243216.0000,3,0.001543,1,-0.199306,,,,,0,-0.19930133591934407
2013-07-26,sh.000016,1521.5940,1529.1030,1512.6100,1521.6120,1529.2990,1309346200,11589676569.0000,3,0.001078,1,-0.502641,,,,,0,-0.5026485991293961
2013-07-29,sh.000016,1505.6790,1505.6790,1478.1960,1484.2100,1521.6120,1889147600,15319836604.0000,3,0.001555,1,-2.458058,,,,,0,-2.4580510668948508
2013-07-30,sh.000016,1490.8230,1524.4260,1483.5710,1500.9380,1484.2100,1885554300,16009595753.0000,3,0.001552,1,1.127066,,,,,0,1.12706422945541
2013-07-31,sh.000016,1518.8270,1535.8470,1499.5480,1504.1670,1500.9380,1587620300,13645499717.0000,3,0.001307,1,0.215132,,,,,0,0.21513213737007764
2013-08-01,sh.000016,1513.8020,1541.1590,1508.8050,1537.8100,1504.1670,2012716100,17525297011.0000,3,0.001657,1,2.236658,,,,,0,2.236653243954967
2013-08-02,sh.000016,1550.8870,1558.8290,1533.9410,1536.5050,1537.8100,1810710400,16095964973.0000,3,0.001490,1,-0.084864,,,,,0,-0.08486093860748944
2013-08-05,sh.000016,1540.4880,1554.2870,1533.0000,1554.1880,1536.5050,1532522700,14137677651.0000,3,0.001261,1,1.150858,,,,,0,1.1508586044301827
2013-08-06,sh.000016,1547.6100,1564.4850,1533.2430,1556.2970,1554.1880,1947581600,18348103295.0000,3,0.001603,1,0.135698,,,,,0,0.135697869241036
2013-08-07,sh.000016,1554.8820,1575.6920,1548.4910,1551.1550,1556.2970,2155289100,19963862907.0000,3,0.001774,1,-0.330398,,,,,0,-0.33039966021910505
2013-08-08,sh.000016,1548.4120,1561.3380,1538.6120,1544.6240,1551.1550,1508555200,14205110486.0000,3,0.001242,1,-0.421042,,,,,0,-0.421041095183905
2013-08-09,sh.000016,1554.7550,1562.2530,1533.2220,1553.0440,1544.6240,2172050800,20827749690.0000,3,0.001788,1,0.545111,,,,,0,0.5451164814220144
2013-08-12,sh.000016,1560.1630,1610.8120,1557.5630,1610.2650,1553.0440,3680635100,36228735036.0000,3,0.003030,1,3.684446,,,,,0,3.6844416513633904
2013-08-13,sh.000016,1610.7910,1621.8880,1602.9310,1619.7430,1610.2650,2635371400,25112860956.0000,3,0.002169,1,0.588600,,,,,0,0.5885987710097407
2013-08-14,sh.000016,1622.2090,1643.0000,1605.2830,1610.2180,1619.7430,2369756200,22843741325.0000,3,0.001951,1,-0.588058,,,,,0,-0.5880562533685851
2013-08-15,sh.000016,1608.6210,1624.3350,1593.6890,1595.1520,1610.2180,1952046700,18182924205.0000,3,0.001607,1,-0.935652,,,,,0,-0.9356497070583059
2013-08-16,sh.000016,1590.9150,1711.4320,1573.7200,1592.7940,1595.1520,5275540100,45013980199.0000,3,0.004342,1,-0.147825,,,,,0,-0.14782290339728776
2013-08-19,sh.000016,1576.5700,1617.3350,1574.0230,1608.8650,1592.7940,2677363800,24981563930.0000,3,0.002165,1,1.008985,,,,,0,1.0089817013373859
2013-08-20,sh.000016,1603.3940,1628.6830,1588.2230,1594.5400,1608.8650,2738604800,25162747910.0000,3,0.002215,1,-0.890376,,,,,0,-0.8903792425094759
2013-08-21,sh.000016,1601.3000,1602.9450,1575.4610,1588.0810,1594.5400,1837062300,17500234032.0000,3,0.001486,1,-0.405069,,,,,0,-0.4050698006948794
2013-08-22,sh.000016,1582.3320,1606.3490,1578.3120,1582.6180,1588.0810,1775503300,16073233972.0000,3,0.001436,1,-0.344001,,,,,0,-0.34400008563795215
2013-08-23,sh.000016,1591.7470,1595.9440,1542.9970,1566.2930,1582.6180,2110677700,19176010076.0000,3,0.001707,1,-1.031523,,,,,0,-1.0315186608518268
2013-08-26,sh.000016,1573.2240,1604.2540,1566.0150,1601.3790,1566.2930,2302602900,21358939823.0000,3,0.001862,1,2.240070,,,,,0,2.240066194511492
2013-08-27,sh.000016,1598.7420,1609.0640,1589.0530,1602.0020,1601.3790,1921516700,19375463661.0000,3,0.001554,1,0.038899,,,,,0,0.0389039696411686
2013-08-28,sh.000016,1591.3480,1603.9550,1577.4920,1592.8690,1602.0020,2795586500,27218013113.0000,3,0.002261,1,-0.570095,,,,,0,-0.5700991634217667
2013-08-29,sh.000016,1604.2760,1607.0200,1580.8060,1588.1530,1592.8690,2059721900,19461085762.0000,3,0.001666,1,-0.296074,,,,,0,-0.2960695449531592
2013-08-30,sh.000016,1586.5220,1599.8720,1575.7700,1589.7770,1588.1530,2361524900,23223392347.0000,3,0.001910,1,0.102259,,,,,0,0.10225715028715499
2013-09-02,sh.000016,1594.9860,1601.1440,1579.7170,1591.9340,1589.7770,2475917296,25779244800.0000,3,0.002002,1,0.135678,,,,,0,0.1356794066085909
2013-09-03,sh.000016,1596.4670,1615.1260,1591.2120,1614.5370,1591.9340,2542037200,24556925054.0000,3,0.002056,1,1.419847,,,,,0,1.4198452950938911
2013-09-04,sh.000016,1612.5030,1620.1510,1608.9000,1613.5370,1614.5370,2189436600,20715047924.0000,3,0.001771,1,-0.061937,,,,,0,-0.06193726127057264
2013-09-05,sh.000016,1615.5270,1616.6960,1606.3100,1609.6040,1613.5370,1670893000,17015210948.0000,3,0.001348,1,-0.243749,,,,,0,-0.24375022078824138
2013-09-06,sh.000016,1604.7660,1630.2950,1604.2050,1625.8540,1609.6040,2350710400,20855893906.0000,3,0.001897,1,1.009565,,,,,0,1.009565085573838
2013-09-09,sh.000016,1643.1760,1720.0330,1643.1760,1713.3850,1625.8540,6638102200,57005160344.0000,3,0.005356,1,5.383694,,,,,0,5.38369373879819
2013-09-10,sh.000016,1720.3860,1738.3500,1704.6400,1737.5810,1713.3850,6157833700,55881331361.0000,3,0.004968,1,1.412178,,,,,0,1.4121753137794402
2013-09-11,sh.000016,1745.5010,1765.9430,1736.1850,1741.3180,1737.5810,5635468600,53764222805.0000,3,0.004547,1,0.215066,,,,,0,0.2150691104472191
2013-09-12,sh.000016,1741.4950,1798.9620,1726.1030,1772.6640,1741.3180,6027064700,57747436616.0000,3,0.004863,1,1.800128,,,,,0,1.8001307055919735
2013-09-13,sh.000016,1764.0320,1776.4960,1742.9760,1749.2440,1772.6640,3873732600,39150868310.0000,3,0.003125,1,-1.321171,,,,,0,-1.3211753609257082
2013-09-16,sh.000016,1763.9190,1765.4700,1722.6670,1738.2480,1749.2440,4736661500,44087469836.0000,3,0.003822,1,-0.628613,,,,,0,-0.6286144185716713
2013-09-17,sh.000016,1744.3850,1748.7080,1697.1100,1698.6290,1738.2480,4151417900,40589840897.0000,3,0.003349,1,-2.279250,,,,,0,-2.27924899093801
2013-09-18,sh.000016,1698.6080,1710.4750,1680.6770,1700.5870,1698.6290,2902642500,27027917207.0000,3,0.002342,1,0.115270,,,,,0,0.11526943199486883
2013-09-23,sh.000016,1707.8980,1716.0910,1694.9360,1713.0840,1700.5870,2864825400,27345221887.0000,3,0.002311,1,0.734861,,,,,0,0.734863902875893
2013-09-24,sh.000016,1709.9860,1710.1080,1660.2250,1673.5580,1713.0840,3449546400,32421776973.0000,3,0.002783,1,-2.307301,,,,,0,-2.307300751159902
2013-09-25,sh.000016,1671.5380,1687.1330,1658.0210,1661.6070,1673.5580,2479263600,23625989844.0000,3,0.002000,1,-0.714103,,,,,0,-0.7141073090983441
2013-09-26,sh.000016,1658.1830,1658.1830,1629.9020,1632.6950,1661.6070,2892238100,26844604683.0000,3,0.002334,1,-1.740009,,,,,0,-1.7400022989792485
2013-09-27,sh.000016,1630.6860,1641.0090,1624.8750,1639.1520,1632.6950,1996541600,18514292515.0000,3,0.001611,1,0.395483,,,,,0,0.3954810910794748
2013-09-30,sh.000016,1648.1490,1653.2370,1634.9260,1643.0550,1639.1520,1717054100,16218420545.0000,3,0.001384,1,0.238116,,,,,0,0.23811092564935965
2013-10-08,sh.000016,1637.9750,1664.2100,1622.5930,1659.7130,1643.0550,2873614000,23571912340.0000,3,0.002316,1,1.013841,,,,,0,1.013843115416102
2013-10-09,sh.000016,1653.0870,1673.0410,1647.3820,1668.4760,1659.7130,2377765200,21053469894.0000,3,0.001916,1,0.527979,,,,,0,0.5279828500469819
2013-10-10,sh.000016,1670.7860,1671.1020,1635.2740,1637.9330,1668.4760,2519728800,22864587617.0000,3,0.002030,1,-1.830591,,,,,0,-1.8305927085556006
2013-10-11,sh.000016,1649.8500,1672.0170,1644.5110,1669.2680,1637.9330,2820165900,25667570474.0000,3,0.002272,1,1.913080,,,,,0,1.9130819148280187
2013-10-14,sh.000016,1670.7280,1671.5140,1656.7340,1662.1680,1669.2680,2857565500,25777575870.0000,3,0.002303,1,-0.425335,,,,,0,-0.42533613535994386
2013-10-15,sh.000016,1665.6340,1666.9700,1646.6520,1656.2590,1662.1680,2492117900,22149705415.0000,3,0.002008,1,-0.355496,,,,,0,-0.35549956442428865
2013-10-16,sh.000016,1652.5850,1652.5850,1626.2610,1634.2230,1656.2590,2403668500,22237054236.0000,3,0.001937,1,-1.330469,,,,,0,-1.3304682419838953
2013-10-17,sh.000016,1642.3330,1647.2390,1625.4740,1627.1770,1634.2230,1935584500,17485548893.0000,3,0.001560,1,-0.431154,,,,,0,-0.43115290875236356
2013-10-18,sh.000016,1630.5520,1647.7690,1628.0940,1636.8000,1627.1770,1879275600,16376943725.0000,3,0.001514,1,0.591395,,,,,0,0.5913923316271052
2013-10-21,sh.000016,1640.2840,1659.5660,1626.5530,1657.5830,1636.8000,2319049104,21386703872.0000,3,0.001869,1,1.269731,,,,,0,1.2697336265884651
2013-10-22,sh.000016,1656.6380,1656.6380,1636.1920,1640.0660,1657.5830,2247644608,19877575936.0000,3,0.001811,1,-1.056778,,,,,0,-1.0567796605056912
2013-10-23,sh.000016,1646.9340,1669.9990,1634.9070,1638.4990,1640.0660,2626610800,23849761665.0000,3,0.002116,1,-0.095546,,,,,0,-0.0955449353867488
2013-10-24,sh.000016,1633.9310,1640.6240,1618.6140,1621.6050,1638.4990,2123207008,18652256512.0000,3,0.001711,1,-1.031068,,,,,0,-1.0310656277483288
2013-10-25,sh.000016,1622.0070,1635.8400,1601.6590,1611.5190,1621.6050,2451471600,21829630720.0000,3,0.001975,1,-0.621973,,,,,0,-0.6219763752578489
2013-10-28,sh.000016,1614.6780,1616.9830,1600.8040,1610.6860,1611.5190,1618887504,14812435200.0000,3,0.001304,1,-0.051691,,,,,0,-0.05169036170222796
2013-10-29,sh.000016,1615.4280,1655.9280,1606.3410,1633.7210,1610.6860,3636821008,32137311488.0000,3,0.002930,1,1.430130,,,,,0,1.4301359793280621
2013-10-30,sh.000016,1634.2790,1654.3930,1624.5320,1653.4170,1633.7210,2820064208,24005211392.0000,3,0.002272,1,1.205594,,,,,0,1.2055914075904006
2013-10-31,sh.000016,1645.1220,1645.1220,1629.2940,1631.0470,1653.4170,2553653904,21315714304.0000,3,0.002058,1,-1.352955,,,,,0,-1.3529557274420068
2013-11-01,sh.000016,1633.0290,1650.5280,1628.1220,1644.7520,1631.0470,2064177904,19607811072.0000,3,0.001663,1,0.840255,,,,,0,0.8402578221228474
2013-11-04,sh.000016,1654.1060,1659.7570,1635.3370,1638.5120,1644.7520,1650443904,15577314816.0000,3,0.001330,1,-0.379388,,,,,0,-0.37938850355555553
2013-11-05,sh.000016,1629.7930,1637.4410,1611.2380,1633.6620,1638.5120,1958425696,17611081984.0000,3,0.001578,1,-0.295999,,,,,0,-0.2960002734188061
2013-11-06,sh.000016,1623.8500,1630.8310,1613.3600,1614.2140,1633.6620,1874947200,17182440960.0000,3,0.001511,1,-1.190454,,,,,0,-1.1904543289860459
2013-11-07,sh.000016,1615.5050,1619.3720,1601.5990,1610.5840,1614.2140,1590901008,14624815360.0000,3,0.001282,1,-0.224878,,,,,0,-0.22487724675909204
2013-11-08,sh.000016,1603.2210,1613.4100,1585.6210,1587.4400,1610.5840,1688198000,15550214144.0000,3,0.001360,1,-1.436997,,,,,0,-1.4369942828191484
2013-11-11,sh.000016,1587.5870,1596.4670,1579.3780,1591.1390,1587.4400,1486765008,13661447168.0000,3,0.001198,1,0.233023,,,,,0,0.23301668094541927
2013-11-12,sh.000016,1595.6490,1611.5420,1595.6490,1610.7770,1591.1390,1573497408,15527084800.0000,3,0.001267,1,1.234206,,,,,0,1.2342102104216046
2013-11-13,sh.000016,1598.9980,1599.1920,1568.1650,1569.2450,1610.7770,2017126608,17633687808.0000,3,0.001625,1,-2.578382,,,,,0,-2.578382979146099
2013-11-14,sh.000016,1571.5980,1574.5800,1559.5660,1572.7290,1569.2450,1808942704,15727422208.0000,3,0.001457,1,0.222018,,,,,0,0.22201759444828717
2013-11-15,sh.000016,1573.9120,1622.8480,1573.6800,1604.8230,1572.7290,2982386304,28136174848.0000,3,0.002402,1,2.040656,,,,,0,2.040656718353895
2013-11-18,sh.000016,1618.1640,1676.8680,1610.0450,1675.1590,1604.8230,4571072256,46230817024.0000,3,0.003682,1,4.382792,,,,,0,4.3827886315188636
2013-11-19,sh.000016,1674.7160,1675.8800,1656.4400,1659.5300,1675.1590,2975057100,31613504305.0000,3,0.002397,1,-0.932988,,,,,0,-0.9329860628155329
2013-11-20,sh.000016,1671.5480,1676.4630,1652.3940,1663.7590,1659.5300,2315943696,23510900224.0000,3,0.001866,1,0.254831,,,,,0,0.2548311871433562
2013-11-21,sh.000016,1654.4460,1654.4460,1626.0770,1648.0860,1663.7590,2772275008,27267260672.0000,3,0.002233,1,-0.942022,,,,,0,-0.9420234541180572
2013-11-22,sh.000016,1651.9420,1655.6470,1637.9890,1642.4960,1648.0860,2442465600,23653996800.0000,3,0.001968,1,-0.339187,,,,,0,-0.3391813291296675
2013-11-25,sh.000016,1633.8410,1659.3300,1628.9070,1633.7820,1642.4960,2270731300,21601120134.0000,3,0.001829,1,-0.530533,,,,,0,-0.5305340165212113
2013-11-26,sh.000016,1633.8440,1641.3780,1628.6990,1630.9400,1633.7820,1662768800,15074155520.0000,3,0.001339,1,-0.173955,,,,,0,-0.17395221639116
2013-11-27,sh.000016,1630.4810,1657.7790,1627.8930,1648.7890,1630.9400,2465412896,23521873920.0000,3,0.001986,1,1.094399,,,,,0,1.094399548726499
2013-11-28,sh.000016,1651.6270,1680.8190,1648.9560,1664.6250,1648.7890,2818300304,28193531648.0000,3,0.002270,1,0.960466,,,,,0,0.9604624970205311
2013-11-29,sh.000016,1668.9470,1671.4410,1656.7260,1661.4090,1664.6250,1946335696,17800525568.0000,3,0.001568,1,-0.193193,,,,,0,-0.19319666591574025
2013-12-02,sh.000016,1662.3890,1695.6320,1655.0000,1678.8670,1661.4090,4727674880,45334639104.0000,3,0.003808,1,1.050788,,,,,0,1.0507948373940312
2013-12-03,sh.000016,1672.1970,1686.3560,1663.6160,1681.5090,1678.8670,2624594896,25551764480.0000,3,0.002114,1,0.157373,,,,,0,0.1573680345137607
2013-12-04,sh.000016,1678.9580,1709.5750,1674.9930,1699.1760,1681.5090,3522377600,32060232192.0000,3,0.002837,1,1.050663,,,,,0,1.0506634219620503
2013-12-05,sh.000016,1700.5280,1703.1280,1689.3930,1692.3800,1699.1760,2476064400,22395799552.0000,3,0.001995,1,-0.399960,,,,,0,-0.3999585681530249
2013-12-06,sh.000016,1688.0190,1692.0860,1669.6410,1675.2550,1692.3800,2299745200,23111910912.0000,3,0.001853,1,-1.011889,,,,,0,-1.0118885829423663
2013-12-09,sh.000016,1681.2060,1687.5290,1666.3420,1669.8720,1675.2550,1949269904,19421422848.0000,3,0.001570,1,-0.321328,,,,,0,-0.3213242163133345
2013-12-10,sh.000016,1673.5160,1679.4510,1664.0270,1670.5530,1669.8720,1925156208,18244144640.0000,3,0.001551,1,0.040783,,,,,0,0.04078156888671636
2013-12-11,sh.000016,1662.0910,1662.2480,1632.7320,1639.1820,1670.5530,2426478608,22334671360.0000,3,0.001955,1,-1.877880,,,,,0,-1.8778811567187637
2013-12-12,sh.000016,1634.4720,1641.9730,1628.6250,1631.9140,1639.1820,1693933104,15506170624.0000,3,0.001364,1,-0.443396,,,,,0,-0.4433918869289677
2013-12-13,sh.000016,1617.3070,1631.5600,1614.9660,1626.4100,1631.9140,1649595200,14764279040.0000,3,0.001329,1,-0.337267,,,,,0,-0.33727267490810675
2013-12-16,sh.000016,1627.0990,1631.0880,1601.6890,1602.4550,1626.4100,1971217200,19617026816.0000,3,0.001583,1,-1.472881,,,,,0,-1.472875843114596
2013-12-17,sh.000016,1604.7110,1607.4260,1593.4290,1597.2650,1602.4550,1550867696,14400197888.0000,3,0.001246,1,-0.323874,,,,,0,-0.3238780496176097
2013-12-18,sh.000016,1596.6360,1606.6380,1592.9090,1598.6780,1597.2650,1275789696,12427254528.0000,3,0.001025,1,0.088461,,,,,0,0.08846371766739747
2013-12-19,sh.000016,1605.6450,1609.0700,1578.9160,1580.1130,1598.6780,1735139296,15682884864.0000,3,0.001394,1,-1.161268,,,,,0,-1.1612720009908206
2013-12-20,sh.000016,1580.9060,1583.4110,1534.1040,1537.4130,1580.1130,2679793904,24518768640.0000,3,0.002153,1,-2.702343,,,,,0,-2.7023383770654386
2013-12-23,sh.000016,1541.3660,1553.5580,1528.6530,1541.2650,1537.4130,1549020704,14217238528.0000,3,0.001245,1,0.250554,,,,,0,0.2505507628724368
2013-12-24,sh.000016,1547.1990,1557.2310,1528.1620,1539.5990,1541.2650,1515066496,14226274304.0000,3,0.001217,1,-0.108094,,,,,0,-0.10809302748068239
2013-12-25,sh.000016,1542.0430,1547.8650,1533.6400,1547.3590,1539.5990,1326352400,12253821440.0000,3,0.001066,1,0.504028,,,,,0,0.5040273473807089
2013-12-26,sh.000016,1543.8710,1543.8710,1522.5890,1524.8830,1547.3590,1747730096,14826304768.0000,3,0.001404,1,-1.452536,,,,,0,-1.452539455937496
2013-12-27,sh.000016,1528.3460,1559.8170,1524.1910,1550.2210,1524.8830,1943872704,16995329280.0000,3,0.001562,1,1.661628,,,,,0,1.6616356795898346
2013-12-30,sh.000016,1557.5090,1560.1110,1544.1100,1547.9190,1550.2210,1787598000,15297710848.0000,3,0.001436,1,-0.148495,,,,,0,-0.14849495652554667
2013-12-31,sh.000016,1541.5820,1578.2450,1539.8780,1574.7810,1547.9190,2361629008,22343459584.0000,3,0.001896,1,1.735366,,,,,0,1.735362121661388
2014-01-02,sh.000016,1570.0490,1570.0490,1553.4760,1561.0990,1574.7810,1572548096,14982557440.0000,3,0.001263,1,-0.868820,,,,,0,-0.8688192199423295
2014-01-03,sh.000016,1553.4460,1554.5160,1529.1520,1536.0670,1561.0990,2189922800,18622649344.0000,3,0.001758,1,-1.603485,,,,,0,-1.6034857494623966
2014-01-06,sh.000016,1534.4960,1534.4960,1498.6000,1512.9300,1536.0670,2491819808,21063015424.0000,3,0.002001,1,-1.506247,,,,,0,-1.5062494018815542
2014-01-07,sh.000016,1500.9780,1515.6390,1497.7750,1510.6540,1512.9300,1547408304,13340968704.0000,3,0.001242,1,-0.150437,,,,,0,-0.1504365700990884
2014-01-08,sh.000016,1512.0900,1527.8870,1504.4260,1515.3330,1510.6540,1772188608,15879118080.0000,3,0.001423,1,0.309730,,,,,0,0.3097334002359231
2014-01-09,sh.000016,1511.9760,1525.7250,1500.5720,1503.8810,1515.3330,1634130496,15353178112.0000,3,0.001312,1,-0.755743,,,,,0,-0.755741477285854
2014-01-10,sh.000016,1500.0050,1506.7810,1493.4950,1498.2680,1503.8810,1693272608,14651313664.0000,3,0.001359,1,-0.373237,,,,,0,-0.3732343184068454
2014-01-13,sh.000016,1500.8580,1510.3160,1489.2300,1494.6130,1498.2680,1711106000,14597809152.0000,3,0.001374,1,-0.243942,,,,,0,-0.24394834568982615
2014-01-14,sh.000016,1493.8890,1505.4570,1482.9080,1499.2850,1494.6130,1766276400,14167767552.0000,3,0.001418,1,0.312589,,,,,0,0.31258927896384847
2014-01-15,sh.000016,1496.8280,1498.8980,1480.1760,1488.5090,1499.2850,1472035696,12049612288.0000,3,0.001182,1,-0.718743,,,,,0,-0.7187426006396436
2014-01-16,sh.000016,1489.0470,1504.4300,1482.7580,1493.0940,1488.5090,1744088608,15600683776.0000,3,0.001400,1,0.308024,,,,,0,0.30802635388835764
2014-01-17,sh.000016,1487.8020,1489.6050,1470.8650,1475.6710,1493.0940,1800564400,15240268800.0000,3,0.001445,1,-1.166904,,,,,0,-1.1669057674868477
2014-01-20,sh.000016,1472.3940,1476.8850,1459.4460,1464.8420,1475.6710,1277569696,11204582656.0000,3,0.001026,1,-0.733834,,,,,0,-0.7338356584902672
2014-01-21,sh.000016,1467.1500,1488.7140,1467.1500,1478.8840,1464.8420,1267746896,11044665088.0000,3,0.001018,1,0.958601,,,,,0,0.9586016785428031
2014-01-22,sh.000016,1480.8420,1514.7870,1478.0790,1514.1210,1478.8840,2415884000,19995973120.0000,3,0.001939,1,2.382671,,,,,0,2.382675044154925
2014-01-23,sh.000016,1511.7930,1514.9670,1496.6620,1499.0310,1514.1210,1743047600,15874638080.0000,3,0.001399,1,-0.996616,,,,,0,-0.9966178396574765
2014-01-24,sh.000016,1493.6890,1514.1070,1491.0150,1502.0650,1499.0310,1897613104,16293914624.0000,3,0.001523,1,0.202393,,,,,0,0.2023974153970265
2014-01-27,sh.000016,1491.8250,1491.8250,1475.5000,1478.8650,1502.0650,1902341408,17812293888.0000,3,0.001527,1,-1.544537,,,,,0,-1.5445403494522614
2014-01-28,sh.000016,1483.4090,1492.4270,1477.2500,1487.8030,1478.8650,1494576208,12902299648.0000,3,0.001200,1,0.604382,,,,,0,0.6043824148925125
2014-01-29,sh.000016,1493.2130,1498.5750,1488.6960,1494.4900,1487.8030,1478746608,12478066944.0000,3,0.001187,1,0.449456,,,,,0,0.44945466570507353
2014-01-30,sh.000016,1489.5060,1489.7210,1475.7730,1477.3450,1494.4900,1276934304,11516851968.0000,3,0.001024,1,-1.147215,,,,,0,-1.1472140997932367
2014-02-07,sh.000016,1467.3620,1475.7190,1458.4920,1475.3430,1477.3450,1382621008,12733221888.0000,3,0.001109,1,-0.135510,,,,,0,-0.13551337026895816
2014-02-10,sh.000016,1480.5950,1507.3560,1480.5250,1505.8340,1475.3430,2427684400,21744070144.0000,3,0.001947,1,2.066704,,,,,0,2.066705843996952
2014-02-11,sh.000016,1505.6600,1536.4620,1500.8450,1528.3220,1505.8340,3420919296,28992686336.0000,3,0.002743,1,1.493394,,,,,0,1.4933917018741694
2014-02-12,sh.000016,1528.8840,1537.8890,1521.2680,1527.0010,1528.3220,2381377504,19870385920.0000,3,0.001909,1,-0.086438,,,,,0,-0.08643466494625551
2014-02-13,sh.000016,1525.5250,1548.6170,1519.3820,1528.0150,1527.0010,3524063504,27105820928.0000,3,0.002826,1,0.066407,,,,,0,0.0664046716406963
2014-02-14,sh.000016,1527.2120,1536.3550,1525.1510,1534.2390,1528.0150,2123573296,17939545856.0000,3,0.001703,1,0.407326,,,,,0,0.4073258443143546
2014-02-17,sh.000016,1545.1820,1549.9050,1529.1900,1538.1050,1534.2390,2693001104,23867966976.0000,3,0.002159,1,0.251979,,,,,0,0.2519816013020204
2014-02-18,sh.000016,1535.8870,1535.8870,1505.4200,1508.5410,1538.1050,2530762400,22892298752.0000,3,0.002024,1,-1.922103,,,,,0,-1.922105447937561
2014-02-19,sh.000016,1507.4940,1541.4500,1504.9510,1533.3960,1508.5410,3162630096,24784682240.0000,3,0.002529,1,1.647617,,,,,0,1.647618460486
2014-02-20,sh.000016,1537.9380,1556.4240,1519.3630,1520.1380,1533.3960,3612635200,27893892608.0000,3,0.002889,1,-0.864621,,,,,0,-0.8646168373988239
2014-02-21,sh.000016,1517.9160,1521.7670,1496.0860,1505.3310,1520.1380,2424011200,20407166208.0000,3,0.001938,1,-0.974049,,,,,0,-0.9740563027830329
2014-02-24,sh.000016,1492.2850,1492.2850,1458.1670,1468.0600,1505.3310,2888480000,22811561984.0000,3,0.002310,1,-2.475934,,,,,0,-2.4759338643793316
2014-02-25,sh.000016,1469.2570,1475.9700,1437.0100,1440.8920,1468.0600,2617136000,22308815360.0000,3,0.002093,1,-1.850612,,,,,0,-1.8506055610805983
2014-02-26,sh.000016,1434.8610,1447.1680,1429.6110,1444.1980,1440.8920,2325252704,19672046592.0000,3,0.001859,1,0.229443,,,,,0,0.22944120725216788
2014-02-27,sh.000016,1449.1410,1462.1250,1437.6420,1452.4610,1444.1980,3246858096,25154586112.0000,3,0.002596,1,0.572156,,,,,0,0.572151463995918
2014-02-28,sh.000016,1447.7720,1467.1000,1437.3130,1464.3210,1452.4610,2594021504,21777495040.0000,3,0.002074,1,0.816544,,,,,0,0.816545160248694
2014-03-03,sh.000016,1459.8570,1467.7080,1452.1350,1462.6860,1464.3210,2983984096,22043608064.0000,3,0.002386,1,-0.111657,,,,,0,-0.111655845951808
2014-03-04,sh.000016,1458.6750,1468.4600,1448.6870,1464.2840,1462.6860,2625804704,20645991424.0000,3,0.002100,1,0.109253,,,,,0,0.10925106277084318
2014-03-05,sh.000016,1466.0110,1466.9580,1445.6660,1448.3310,1464.2840,2035846000,16407800320.0000,3,0.001628,1,-1.089475,,,,,0,-1.0894744462140005
2014-03-06,sh.000016,1446.5690,1466.0330,1435.9370,1459.5080,1448.3310,2521621200,19849497856.0000,3,0.002016,1,0.771716,,,,,0,0.7717158577700944
2014-03-07,sh.000016,1456.0860,1472.0750,1451.7120,1455.5850,1459.5080,2346084208,19311779584.0000,3,0.001876,1,-0.268796,,,,,0,-0.2687892084181742
2014-03-10,sh.000016,1442.9760,1442.9890,1407.4940,1408.8730,1455.5850,2530510304,20564351232.0000,3,0.002024,1,-3.209151,,,,,0,-3.2091564559953545
2014-03-11,sh.000016,1406.0660,1420.9010,1403.3100,1412.7330,1408.8730,1889792000,14949200128.0000,3,0.001511,1,0.273977,,,,,0,0.27397785322025303
2014-03-12,sh.000016,1408.0510,1429.2990,1403.2790,1418.6980,1412.7330,2271845008,16999076608.0000,3,0.001817,1,0.422229,,,,,0,0.42223123548470465
2014-03-13,sh.000016,1425.8440,1451.2940,1421.6860,1437.3920,1418.6980,2647944704,19466828288.0000,3,0.002117,1,1.317685,,,,,0,1.3176870623628156
2014-03-14,sh.000016,1429.7840,1438.6720,1416.6750,1426.3950,1437.3920,1966609296,14894275584.0000,3,0.001573,1,-0.765063,,,,,0,-0.7650661754065702
2014-03-17,sh.000016,1435.2670,1438.3670,1421.4160,1434.1570,1426.3950,1498997408,11873903872.0000,3,0.001199,1,0.544166,,,,,0,0.5441690415347811
2014-03-18,sh.000016,1437.5400,1438.9310,1425.7390,1427.6300,1434.1570,1802443200,14749557760.0000,3,0.001441,1,-0.455109,,,,,0,-0.45511056320889365
2014-03-19,sh.000016,1422.3420,1422.3420,1406.5520,1418.7070,1427.6300,1602253200,13196147456.0000,3,0.001281,1,-0.625020,,,,,0,-0.6250218894251258
2014-03-20,sh.000016,1415.6690,1432.5110,1406.2580,1406.9150,1418.7070,2055904304,16267191296.0000,3,0.001644,1,-0.831179,,,,,0,-0.831179376714164
2014-03-21,sh.000016,1402.8130,1468.9350,1402.1820,1464.0800,1406.9150,4341838080,32837581824.0000,3,0.003472,1,4.063139,,,,,0,4.063145250423794
2014-03-24,sh.000016,1468.8100,1486.8500,1462.1790,1477.5320,1464.0800,4190667008,31557460224.0000,3,0.003351,1,0.918804,,,,,0,0.9188022512431004
2014-03-25,sh.000016,1473.1820,1483.3230,1464.5380,1470.1210,1477.5320,2558127696,19916358400.0000,3,0.002045,1,-0.501580,,,,,0,-0.5015796612188317
2014-03-26,sh.000016,1476.2480,1480.1400,1462.5690,1467.0800,1470.1210,1991206496,16476751872.0000,3,0.001592,1,-0.206855,,,,,0,-0.20685372156442616
2014-03-27,sh.000016,1464.1720,1486.3730,1450.4530,1464.5300,1467.0800,2586058496,20938775552.0000,3,0.002068,1,-0.173810,,,,,0,-0.17381465223437198
2014-03-28,sh.000016,1465.0310,1483.5860,1463.5330,1472.0470,1464.5300,2601458208,21086720768.0000,3,0.002080,1,0.513268,,,,,0,0.5132704690241852
2014-03-31,sh.000016,1473.1510,1477.8830,1457.8340,1465.7830,1472.0470,1957416304,15668132864.0000,3,0.001565,1,-0.425532,,,,,0,-0.4255298913689698
2014-04-01,sh.000016,1463.7070,1481.0060,1461.1770,1473.1420,1465.7830,1668913296,14339245056.0000,3,0.001334,1,0.502053,,,,,0,0.5020524866232057
2014-04-02,sh.000016,1475.9380,1492.7520,1473.8270,1491.3030,1473.1420,2338082608,19756264192.0000,3,0.001869,1,1.232808,,,,,0,1.2328071564044807
2014-04-03,sh.000016,1498.1110,1504.5390,1476.0240,1477.4880,1491.3030,2596637104,20125065472.0000,3,0.002076,1,-0.926367,,,,,0,-0.9263710996356922
2014-04-04,sh.000016,1471.4870,1491.0490,1469.6960,1490.3340,1477.4880,1588061408,13761937408.0000,3,0.001270,1,0.869445,,,,,0,0.8694486858776607
2014-04-08,sh.000016,1488.6470,1543.4110,1488.0640,1534.7470,1490.3340,4336017920,37002100480.0000,3,0.003461,1,2.980068,,,,,0,2.9800702392886347
2014-04-09,sh.000016,1535.2140,1539.7380,1525.0960,1530.8750,1534.7470,2462313696,20749593600.0000,3,0.001966,1,-0.252286,,,,,0,-0.25228913951290677
2014-04-10,sh.000016,1532.2220,1587.6220,1522.4900,1570.3970,1530.8750,4852679680,46319213312.0000,3,0.003874,1,2.581659,,,,,0,2.5816608148934383
2014-04-11,sh.000016,1568.2420,1576.9400,1557.5110,1565.3080,1570.3970,3740053504,37100316160.0000,3,0.002986,1,-0.324057,,,,,0,-0.32405818401334274
2014-04-14,sh.000016,1562.1910,1568.5250,1547.8610,1557.7000,1565.3080,2101796000,20117747456.0000,3,0.001678,1,-0.486041,,,,,0,-0.4860385304361836
2014-04-15,sh.000016,1550.4260,1550.5290,1520.9960,1523.2200,1557.7000,2407461600,21540867072.0000,3,0.001922,1,-2.213519,,,,,0,-2.2135199332348976
2014-04-16,sh.000016,1519.2410,1536.9250,1518.4280,1527.0540,1523.2200,1912048000,17020164096.0000,3,0.001526,1,0.251703,,,,,0,0.25170362784101563
2014-04-17,sh.000016,1533.0670,1534.6010,1517.0470,1520.5620,1527.0540,1625876304,14751820032.0000,3,0.001298,1,-0.425129,,,,,0,-0.42513231359206927
2014-04-18,sh.000016,1513.6810,1524.7260,1503.6360,1521.2780,1520.5620,1937480608,15925225472.0000,3,0.001547,1,0.047084,,,,,0,0.047087853043814576
2014-04-21,sh.000016,1510.1820,1526.0160,1493.2500,1493.7560,1521.2780,1897348896,16325222656.0000,3,0.001515,1,-1.809135,,,,,0,-1.809136791566035
2014-04-22,sh.000016,1492.0770,1510.8730,1487.7740,1509.5470,1493.7560,2050533696,16807135744.0000,3,0.001637,1,1.057135,,,,,0,1.0571338290858767
2014-04-23,sh.000016,1504.5360,1514.7330,1502.6390,1507.0410,1509.5470,1864788800,15525374720.0000,3,0.001489,1,-0.166009,,,,,0,-0.16601006792104078
2014-04-24,sh.000016,1506.5930,1523.2500,1504.1890,1510.2850,1507.0410,1591494304,13933208832.0000,3,0.001270,1,0.215257,,,,,0,0.2152562538112912
2014-04-25,sh.000016,1516.6850,1522.2440,1500.6040,1501.0460,1510.2850,2402751808,21443577088.0000,3,0.001918,1,-0.611740,,,,,0,-0.611738843993026
2014-04-28,sh.000016,1499.6850,1505.1110,1481.7060,1483.7760,1501.0460,1955266800,15855693824.0000,3,0.001561,1,-1.150532,,,,,0,-1.1505310296952898
2014-04-29,sh.000016,1484.0050,1497.6690,1478.5100,1496.0090,1483.7760,1878896304,15082849280.0000,3,0.001500,1,0.824453,,,,,0,0.8244505909247746
2014-04-30,sh.000016,1499.1200,1500.3490,1491.4370,1494.8080,1496.0090,1887391696,15366188288.0000,3,0.001507,1,-0.080284,,,,,0,-0.08028026569358859
2014-05-05,sh.000016,1490.1020,1493.8460,1473.0270,1487.5320,1494.8080,1957922496,15739614976.0000,3,0.001563,1,-0.486752,,,,,0,-0.4867514757748159
2014-05-06,sh.000016,1484.0070,1497.7100,1480.6710,1485.2500,1487.5320,1753224496,13174292480.0000,3,0.001400,1,-0.153407,,,,,0,-0.15340846449016787
2014-05-07,sh.000016,1481.9440,1485.4880,1475.3140,1476.1760,1485.2500,1591290704,12543492608.0000,3,0.001270,1,-0.610939,,,,,0,-0.6109409190372062
2014-05-08,sh.000016,1474.7260,1499.7360,1471.6480,1478.7170,1476.1760,1726268608,13834791424.0000,3,0.001378,1,0.172135,,,,,0,0.17213394608774912
2014-05-09,sh.000016,1482.3230,1486.8890,1474.5170,1480.7370,1478.7170,1539190704,11997925376.0000,3,0.001229,1,0.136606,,,,,0,0.13660490817377635
2014-05-12,sh.000016,1492.6280,1513.1240,1483.4560,1508.3870,1480.7370,2820170800,23348128000.0000,3,0.002251,1,1.867307,,,,,0,1.8673133716520907
2014-05-13,sh.000016,1507.0040,1510.8920,1498.4010,1503.5170,1508.3870,2010458300,15024360648.0000,3,0.001605,1,-0.322861,,,,,0,-0.32286144073104817
2014-05-14,sh.000016,1504.4240,1510.3300,1498.6050,1500.8250,1503.5170,1528214096,12708516352.0000,3,0.001220,1,-0.179048,,,,,0,-0.17904686145883142
2014-05-15,sh.000016,1499.2170,1503.0920,1487.0970,1488.7710,1500.8250,1613387904,12377968640.0000,3,0.001288,1,-0.803155,,,,,0,-0.8031582629553835
2014-05-16,sh.000016,1489.5030,1493.1920,1480.8330,1487.7350,1488.7710,1346617800,10809717570.0000,3,0.001075,1,-0.069588,,,,,0,-0.06958759943604953
2014-05-19,sh.000016,1482.0430,1482.1720,1454.4090,1459.2120,1487.7350,1575537696,13840927232.0000,3,0.001258,1,-1.917206,,,,,0,-1.9172097181285541
2014-05-20,sh.000016,1466.0530,1468.8970,1456.4380,1460.8200,1459.2120,1243534096,9705725184.0000,3,0.000993,1,0.110190,,,,,0,0.11019646220014057
2014-05-21,sh.000016,1454.4880,1474.9360,1447.9360,1474.1390,1460.8200,1191695200,9741078221.0000,3,0.000951,1,0.911755,,,,,0,0.9117481962185536
2014-05-22,sh.000016,1472.3410,1493.1800,1469.4170,1471.5520,1474.1390,1551253300,12292643134.0000,3,0.001235,1,-0.175495,,,,,0,-0.17549227040326576
2014-05-23,sh.000016,1472.4090,1484.5920,1471.2300,1484.3750,1471.5520,1188546496,9189448960.0000,3,0.000946,1,0.871393,,,,,0,0.8713929239333673
2014-05-26,sh.000016,1493.3430,1495.7840,1480.6900,1486.0490,1484.3750,1209119008,10089718784.0000,3,0.000963,1,0.112771,,,,,0,0.11277473684210282
2014-05-27,sh.000016,1484.8180,1488.6670,1478.3110,1479.7330,1486.0490,1250144704,10228019200.0000,3,0.000995,1,-0.425014,,,,,0,-0.4250196325962352
2014-05-28,sh.000016,1479.4950,1493.1520,1474.8460,1491.7560,1479.7330,1557102400,13080297728.0000,3,0.001240,1,0.812508,,,,,0,0.8125114463217509
2014-05-29,sh.000016,1492.6590,1497.6780,1483.8090,1484.3070,1491.7560,1429096704,11642161920.0000,3,0.001138,1,-0.499343,,,,,0,-0.4993443968048461
2014-05-30,sh.000016,1485.1020,1490.0600,1478.0020,1482.0960,1484.3070,1360237408,11251417856.0000,3,0.001083,1,-0.148962,,,,,0,-0.14895840281020645
2014-06-03,sh.000016,1482.4390,1491.0420,1476.7410,1477.5220,1482.0960,1304082000,12319185664.0000,3,0.001038,1,-0.308615,,,,,0,-0.30861698567434814
2014-06-04,sh.000016,1478.2000,1478.4380,1459.5280,1466.3870,1477.5220,1365307408,11224455168.0000,3,0.001087,1,-0.753627,,,,,0,-0.7536266803472302
2014-06-05,sh.000016,1465.5360,1484.7060,1463.0380,1484.2410,1466.3870,1276574096,11182243328.0000,3,0.001016,1,1.217551,,,,,0,1.2175503465319926
2014-06-06,sh.000016,1484.5210,1484.5210,1464.5290,1472.2680,1484.2410,1202046400,10443219200.0000,3,0.000957,1,-0.806677,,,,,0,-0.8066749267807594
2014-06-09,sh.000016,1466.6390,1489.7680,1466.1490,1475.3470,1472.2680,1345680000,11368084736.0000,3,0.001071,1,0.209140,,,,,0,0.20913311978525417
2014-06-10,sh.000016,1479.8650,1493.9430,1474.1960,1493.5330,1475.3470,1896658400,15413087232.0000,3,0.001510,1,1.232653,,,,,0,1.2326591642508378
2014-06-11,sh.000016,1489.3670,1493.1280,1483.5070,1488.7640,1493.5330,1299223104,10846560512.0000,3,0.001034,1,-0.319305,,,,,0,-0.3193099851158343
2014-06-12,sh.000016,1486.8930,1490.0080,1481.8320,1483.8610,1488.7640,1407643296,11571738624.0000,3,0.001121,1,-0.329339,,,,,0,-0.32933359484779157
2014-06-13,sh.000016,1483.5800,1509.0210,1483.4440,1502.9610,1483.8610,2190008400,17815226880.0000,3,0.001744,1,1.287189,,,,,0,1.2871825595524022
2014-06-16,sh.000016,1503.6620,1521.9630,1501.3350,1518.7050,1502.9610,2403881504,19506128896.0000,3,0.001930,1,1.047525,,,,,0,1.0475321714934704
2014-06-17,sh.000016,1512.4610,1512.4610,1500.3340,1501.9390,1518.7050,1646147104,13288101376.0000,3,0.001321,1,-1.103966,,,,,0,-1.103966866507966
2014-06-18,sh.000016,1501.1940,1504.4960,1493.7160,1495.4310,1501.9390,1552385600,11366952960.0000,3,0.001246,1,-0.433302,,,,,0,-0.4333065457385432
2014-06-19,sh.000016,1496.6590,1500.9930,1473.6670,1478.0380,1495.4310,1693815696,12864044032.0000,3,0.001360,1,-1.163081,,,,,0,-1.1630760630212955
2014-06-20,sh.000016,1475.9370,1485.1650,1474.4360,1484.4790,1478.0380,1338516096,10246268928.0000,3,0.001074,1,0.435783,,,,,0,0.4357804061871251
2014-06-23,sh.000016,1483.6560,1489.3130,1474.9260,1475.7600,1484.4790,1305632208,10788395776.0000,3,0.001048,1,-0.587344,,,,,0,-0.5873441119746414
2014-06-24,sh.000016,1471.7340,1481.1500,1470.5890,1480.1280,1475.7600,1265998000,11514294784.0000,3,0.001016,1,0.295986,,,,,0,0.29598308668075113
2014-06-25,sh.000016,1477.0930,1477.0930,1466.3960,1469.9540,1480.1280,1171418896,9708435968.0000,3,0.000937,1,-0.687378,,,,,0,-0.6873729839581455
2014-06-26,sh.000016,1471.6460,1480.8290,1471.6070,1478.0060,1469.9540,1303932208,10482481152.0000,3,0.001043,1,0.547772,,,,,0,0.5477722432130516
2014-06-27,sh.000016,1475.7200,1480.8170,1468.2100,1473.7560,1478.0060,1632084000,12539813376.0000,3,0.001305,1,-0.287550,,,,,0,-0.2875495769300018
2014-06-30,sh.000016,1475.7190,1486.9550,1475.7190,1482.4050,1473.7560,1656844496,12463749120.0000,3,0.001325,1,0.586871,,,,,0,0.5868678397237925
2014-07-01,sh.000016,1486.7920,1488.1410,1476.3920,1481.6630,1482.4050,1519737696,12092970240.0000,3,0.001215,1,-0.050058,,,,,0,-0.05005379771384488
2014-07-02,sh.000016,1481.3310,1486.4050,1476.5810,1484.8410,1481.6630,1672272496,12763370496.0000,3,0.001337,1,0.214487,,,,,0,0.21448871976961215
2014-07-03,sh.000016,1481.8490,1492.1020,1479.0560,1489.5450,1484.8410,1718850608,14181953536.0000,3,0.001375,1,0.316808,,,,,0,0.31680159693867616
2014-07-04,sh.000016,1489.8160,1495.0390,1489.4650,1492.4630,1489.5450,1584462000,13140630528.0000,3,0.001266,1,0.195897,,,,,0,0.1958987476041285
2014-07-07,sh.000016,1493.0680,1497.7180,1488.5120,1492.8360,1492.4630,1596980208,12747494400.0000,3,0.001276,1,0.024995,,,,,0,0.024992244363852834
2014-07-08,sh.000016,1491.7210,1493.8350,1484.1260,1491.9640,1492.8360,1372506896,11176911616.0000,3,0.001097,1,-0.058417,,,,,0,-0.058412310528421774
2014-07-09,sh.000016,1490.9450,1491.9680,1474.8690,1475.1370,1491.9640,1872713408,15207187200.0000,3,0.001497,1,-1.127844,,,,,0,-1.1278422267561372
2014-07-10,sh.000016,1475.1770,1478.7100,1468.7340,1471.1680,1475.1370,1657442800,14297127680.0000,3,0.001325,1,-0.269059,,,,,0,-0.26905975512783176
2014-07-11,sh.000016,1462.3490,1474.0740,1460.9060,1468.5410,1471.1680,1821782896,13681861632.0000,3,0.001456,1,-0.178562,,,,,0,-0.17856560229694285
2014-07-14,sh.000016,1468.6920,1482.9950,1466.4070,1482.7770,1468.5410,1982969296,16221218816.0000,3,0.001585,1,0.969395,,,,,0,0.9693975176723102
2014-07-15,sh.000016,1481.1090,1487.2000,1478.4410,1484.6620,1482.7770,2157233600,17092242176.0000,3,0.001724,1,0.127127,,,,,0,0.1271263312015325
2014-07-16,sh.000016,1482.3270,1490.1910,1480.5950,1483.1760,1484.6620,2454217696,16379261184.0000,3,0.001960,1,-0.100088,,,,,0,-0.10009012152261132
2014-07-17,sh.000016,1479.1210,1479.2860,1468.3820,1473.6680,1483.1760,1648474096,12060796672.0000,3,0.001315,1,-0.641061,,,,,0,-0.6410567592787353
2014-07-18,sh.000016,1466.5770,1486.2710,1464.7530,1478.7550,1473.6680,2090197904,16658051584.0000,3,0.001667,1,0.345196,,,,,0,0.34519308283820216
2014-07-21,sh.000016,1478.7250,1483.6190,1474.7990,1479.8370,1478.7550,1676029600,13495893248.0000,3,0.001337,1,0.073172,,,,,0,0.07316965961230437
2014-07-22,sh.000016,1476.2250,1500.4990,1475.5970,1495.9270,1479.8370,2484082800,20987975168.0000,3,0.001981,1,1.087280,,,,,0,1.0872819101022557
2014-07-23,sh.000016,1495.2470,1512.3670,1494.9340,1506.7550,1495.9270,2857820704,23121666048.0000,3,0.002279,1,0.723832,,,,,0,0.7238321121284752
2014-07-24,sh.000016,1508.9810,1546.1880,1508.9810,1541.8990,1506.7550,4431152640,36993260032.0000,3,0.003534,1,2.332432,,,,,0,2.332429625254262
2014-07-25,sh.000016,1546.5210,1557.5780,1541.2960,1557.0150,1541.8990,3120610496,26399690496.0000,3,0.002489,1,0.980347,,,,,0,0.9803495559696396
2014-07-28,sh.000016,1566.3290,1617.4760,1566.3290,1609.4770,1557.0150,6666410496,54095577344.0000,3,0.005317,1,3.369398,,,,,0,3.3693959274637697
2014-07-29,sh.000016,1610.9130,1621.0640,1601.9770,1611.8520,1609.4770,4680623104,36657613056.0000,3,0.003733,1,0.147563,,,,,0,0.147563463162248
2014-07-30,sh.000016,1606.7170,1619.1800,1598.2640,1601.3770,1611.8520,4433815552,35516314112.0000,3,0.003536,1,-0.649880,,,,,0,-0.6498735615925066
2014-07-31,sh.000016,1602.6700,1622.6460,1597.2690,1621.8470,1601.3770,3474391600,28975720704.0000,3,0.002771,1,1.278281,,,,,0,1.2782748846773773
2014-08-01,sh.000016,1616.7940,1639.3190,1607.5650,1607.9740,1621.8470,4426750464,35658695168.0000,3,0.003531,1,-0.855386,,,,,0,-0.8553827827162519
2014-08-04,sh.000016,1614.9010,1644.9580,1608.3130,1644.6340,1607.9740,4454097408,36872030720.0000,3,0.003553,1,2.279890,,,,,0,2.2798876101230547
2014-08-05,sh.000016,1644.2340,1646.3170,1622.0290,1632.4080,1644.6340,3319083200,29948610560.0000,3,0.002647,1,-0.743392,,,,,0,-0.7433872825200027
2014-08-06,sh.000016,1624.0280,1626.9170,1602.9930,1619.0120,1632.4080,3283637104,27780976128.0000,3,0.002619,1,-0.820628,,,,,0,-0.820628176289262
2014-08-07,sh.000016,1619.2010,1623.0040,1592.0350,1593.4190,1619.0120,3558256704,28660173312.0000,3,0.002838,1,-1.580780,,,,,0,-1.5807788947827306
2014-08-08,sh.000016,1595.1910,1600.7980,1586.0920,1595.6620,1593.4190,2841162496,22069255936.0000,3,0.002266,1,0.140769,,,,,0,0.14076649016987464
2014-08-11,sh.000016,1601.3050,1621.7130,1600.6820,1619.2530,1595.6620,2772883600,23717733120.0000,3,0.002207,1,1.478450,,,,,0,1.4784459365454472
2014-08-12,sh.000016,1615.1370,1615.1370,1601.5630,1607.9100,1619.2530,2499988208,20576192512.0000,3,0.001990,1,-0.700509,,,,,0,-0.7005081972983773
2014-08-13,sh.000016,1609.4560,1619.1850,1596.2180,1610.1390,1607.9100,3010419504,26196689664.0000,3,0.002396,1,0.138627,,,,,0,0.13862716196801905
2014-08-14,sh.000016,1610.3900,1614.5840,1595.1700,1596.8390,1610.1390,2794567296,24423352576.0000,3,0.002224,1,-0.826019,,,,,0,-0.8260156421277864
2014-08-15,sh.000016,1598.5220,1615.8760,1593.2220,1612.0040,1596.8390,2740658896,23080900352.0000,3,0.002181,1,0.949691,,,,,0,0.9496887287948175
2014-08-18,sh.000016,1614.2250,1623.9010,1607.4350,1613.1270,1612.0040,2629049808,22159584256.0000,3,0.002092,1,0.069660,,,,,0,0.06966483954133906
2014-08-19,sh.000016,1614.3920,1615.2070,1598.0640,1609.0930,1613.1270,2840078304,23477892352.0000,3,0.002260,1,-0.250069,,,,,0,-0.2500733048296788
2014-08-20,sh.000016,1605.5040,1605.5090,1596.9600,1600.3380,1609.0930,2410818208,20507289600.0000,3,0.001918,1,-0.544096,,,,,0,-0.5440953381812053
2014-08-21,sh.000016,1599.5510,1600.2750,1576.3180,1587.0250,1600.3380,2727797504,23060488448.0000,3,0.002171,1,-0.831886,,,,,0,-0.8318867639211192
2014-08-22,sh.000016,1585.1100,1596.2850,1583.6070,1594.1830,1587.0250,2395343600,20986328064.0000,3,0.001906,1,0.451030,,,,,0,0.45103259242922356
2014-08-25,sh.000016,1594.7060,1595.4400,1575.7060,1577.4250,1594.1830,2650126496,21554358016.0000,3,0.002109,1,-1.051193,,,,,0,-1.0511967572104375
2014-08-26,sh.000016,1575.7790,1584.1460,1568.7350,1573.3910,1577.4250,2362160000,19028582144.0000,3,0.001879,1,-0.255737,,,,,0,-0.25573323612849697
2014-08-27,sh.000016,1573.5230,1578.6890,1569.9780,1572.7910,1573.3910,1641932096,13722562816.0000,3,0.001306,1,-0.038133,,,,,0,-0.03813419550513508
2014-08-28,sh.000016,1573.5290,1580.6800,1563.4020,1563.8890,1572.7910,2079015408,16852585728.0000,3,0.001654,1,-0.565999,,,,,0,-0.56600018692885
2014-08-29,sh.000016,1570.3950,1582.2840,1565.5220,1581.2840,1563.8890,2201280096,17462201088.0000,3,0.001751,1,1.112292,,,,,0,1.112291217599215
2014-09-01,sh.000016,1582.0230,1587.3920,1576.2190,1586.0220,1581.2840,2213287104,18124123648.0000,3,0.001761,1,0.299625,,,,,0,0.299629921000899
2014-09-02,sh.000016,1588.6190,1609.0060,1581.1350,1607.4990,1586.0220,3468071008,28808547328.0000,3,0.002759,1,1.354146,,,,,0,1.3541426285385683
2014-09-03,sh.000016,1609.3010,1628.1850,1608.9500,1624.0320,1607.4990,3840963504,33103655936.0000,3,0.003056,1,1.028489,,,,,0,1.0284920861536984
2014-09-04,sh.000016,1626.9130,1638.8940,1621.2410,1637.2870,1624.0320,3270024896,28545182976.0000,3,0.002602,1,0.816179,,,,,0,0.8161784989458409
2014-09-05,sh.000016,1643.2770,1657.6050,1641.1070,1656.2370,1637.2870,4187043696,36013748736.0000,3,0.003331,1,1.157407,,,,,0,1.1574024590679688
2014-09-09,sh.000016,1657.6100,1660.0070,1642.4400,1645.1120,1656.2370,3066428000,27041968896.0000,3,0.002440,1,-0.671703,,,,,0,-0.6717033854454435
2014-09-10,sh.000016,1637.4850,1637.4850,1626.1070,1629.9850,1645.1120,2930072208,24683559936.0000,3,0.002331,1,-0.919516,,,,,0,-0.9195118630221044
2014-09-11,sh.000016,1627.9590,1648.9570,1619.4820,1622.8150,1629.9850,3645671296,33609244672.0000,3,0.002901,1,-0.439884,,,,,0,-0.4398813486013564
2014-09-12,sh.000016,1619.0500,1630.2800,1614.5350,1630.2040,1622.8150,2846877008,24364635392.0000,3,0.002265,1,0.455322,,,,,0,0.45531992248037945
2014-09-15,sh.000016,1625.8680,1626.0530,1614.2280,1624.0680,1630.2040,3439118800,28756367616.0000,3,0.002736,1,-0.376394,,,,,0,-0.3763946107358307
2014-09-16,sh.000016,1626.3890,1629.6860,1598.8600,1600.9160,1624.0680,5045413632,39294278144.0000,3,0.004014,1,-1.425555,,,,,0,-1.4255560727752803
2014-09-17,sh.000016,1607.1580,1609.5320,1596.5360,1604.9160,1600.9160,2989564000,23326661120.0000,3,0.002379,1,0.249857,,,,,0,0.24985695689216936
2014-09-18,sh.000016,1601.4960,1616.4800,1596.7150,1609.8690,1604.9160,3347401904,25958506240.0000,3,0.002663,1,0.308615,,,,,0,0.30861428261665935
2014-09-19,sh.000016,1609.8560,1623.2440,1604.7090,1619.5810,1609.8690,3038953296,25046546944.0000,3,0.002418,1,0.603281,,,,,0,0.6032789003328931
2014-09-22,sh.000016,1613.8140,1613.8140,1580.9730,1583.8860,1619.5810,2997896896,25176978432.0000,3,0.002385,1,-2.203969,,,,,0,-2.203965099615268
2014-09-23,sh.000016,1584.2890,1598.6490,1584.1580,1595.6420,1583.8860,2402463904,20029029888.0000,3,0.001911,1,0.742224,,,,,0,0.7422251348897735
2014-09-24,sh.000016,1589.3450,1628.5070,1586.6960,1625.7310,1595.6420,4533270272,37531696128.0000,3,0.003607,1,1.885698,,,,,0,1.8856986717571855
2014-09-25,sh.000016,1633.4450,1636.2200,1613.5280,1618.5240,1625.7310,3750253504,31258606592.0000,3,0.002984,1,-0.443303,,,,,0,-0.44330827178666876
2014-09-26,sh.000016,1613.9120,1618.3220,1605.5280,1616.0880,1618.5240,2620004096,21829404672.0000,3,0.002085,1,-0.150510,,,,,0,-0.15050749942540076
2014-09-29,sh.000016,1621.0880,1627.1860,1613.7880,1621.8160,1616.0880,3920492208,31063743232.0000,3,0.003100,1,0.354438,,,,,0,0.3544361445663835
2014-09-30,sh.000016,1623.0410,1625.0090,1615.0730,1619.6970,1621.8160,3337974400,27047088384.0000,3,0.002639,1,-0.130657,,,,,0,-0.13065600536683597
2014-10-08,sh.000016,1625.2580,1633.6180,1614.5040,1633.5710,1619.6970,3878025200,31913906944.0000,3,0.003066,1,0.856581,,,,,0,0.856579965265114
2014-10-09,sh.000016,1633.5410,1639.1670,1624.2210,1634.0420,1633.5710,4035723200,31587788800.0000,3,0.003190,1,0.028829,,,,,0,0.02883253926520002
2014-10-10,sh.000016,1626.5780,1630.3680,1616.6730,1621.7130,1634.0420,3684314704,29403106304.0000,3,0.002913,1,-0.754508,,,,,0,-0.7545093700161876
2014-10-13,sh.000016,1614.1970,1614.1970,1593.6560,1605.9860,1621.7130,3387618896,29953867008.0000,3,0.002678,1,-0.969780,,,,,0,-0.9697770197315991
2014-10-14,sh.000016,1603.3470,1614.9780,1595.2510,1600.2990,1605.9860,3300689296,26502017024.0000,3,0.002609,1,-0.354113,,,,,0,-0.3541126759511015
2014-10-15,sh.000016,1599.8950,1615.3100,1593.3930,1612.7720,1600.2990,3458331696,28994513152.0000,3,0.002734,1,0.779418,,,,,0,0.7794168464768214
2014-10-16,sh.000016,1602.3830,1629.0920,1599.1590,1608.7350,1612.7720,4969448704,38081585664.0000,3,0.003929,1,-0.250314,,,,,0,-0.250314365576787
2014-10-17,sh.000016,1608.9830,1616.3740,1592.6980,1608.5160,1608.7350,4325261312,32562329344.0000,3,0.003419,1,-0.013613,,,,,0,-0.013613180542459968
2014-10-20,sh.000016,1613.8010,1615.3940,1606.1240,1612.4020,1608.5160,2867398208,23650042368.0000,3,0.002267,1,0.241588,,,,,0,0.24158914179279734
2014-10-21,sh.000016,1612.0950,1615.2880,1599.8610,1600.8440,1612.4020,3036666208,24672948992.0000,3,0.002401,1,-0.716818,,,,,0,-0.7168187585974262
2014-10-22,sh.000016,1602.4510,1612.7490,1596.1400,1597.1250,1600.8440,2928230800,24535085568.0000,3,0.002315,1,-0.232315,,,,,0,-0.2323149538618452
2014-10-23,sh.000016,1595.8190,1604.4970,1584.6160,1586.5570,1597.1250,3397576896,27763340800.0000,3,0.002686,1,-0.661689,,,,,0,-0.6616889723722319
2014-10-24,sh.000016,1587.9070,1592.3200,1580.7110,1583.4190,1586.5570,2688345200,21389606912.0000,3,0.002125,1,-0.197791,,,,,0,-0.19778677980053505
2014-10-27,sh.000016,1572.8860,1572.8860,1556.5450,1559.9060,1583.4190,2473160000,20758504192.0000,3,0.001955,1,-1.484947,,,,,0,-1.4849512352700156
2014-10-28,sh.000016,1562.7480,1586.2950,1562.7480,1585.7440,1559.9060,2757734896,23944373760.0000,3,0.002180,1,1.656383,,,,,0,1.6563818589068857
2014-10-29,sh.000016,1591.2780,1616.0550,1586.1680,1608.4020,1585.7440,4000484896,35115219200.0000,3,0.003163,1,1.428854,,,,,0,1.4288561079215834
2014-10-30,sh.000016,1607.4820,1623.7420,1602.5530,1619.0960,1608.4020,5007805696,37291536640.0000,3,0.003959,1,0.664882,,,,,0,0.6648835303611822
2014-10-31,sh.000016,1623.6490,1665.4650,1623.3220,1657.2860,1619.0960,8329494784,64192781824.0000,3,0.006585,1,2.358728,,,,,0,2.358723633434967
2014-11-03,sh.000016,1662.7480,1664.4320,1646.4340,1651.0520,1657.2860,5894742272,44596855296.0000,3,0.004660,1,-0.376158,,,,,0,-0.37615716297609847
2014-11-04,sh.000016,1648.1120,1650.8080,1639.6780,1645.6240,1651.0520,5838929408,42172882176.0000,3,0.004616,1,-0.328759,,,,,0,-0.32876008750784
2014-11-05,sh.000016,1645.2910,1647.6650,1632.7160,1637.6250,1645.6240,5181332992,40481738496.0000,3,0.004096,1,-0.486078,,,,,0,-0.48607701394729474
2014-11-06,sh.000016,1639.9260,1643.1860,1625.9860,1635.9640,1637.6250,4019334608,31307979008.0000,3,0.003177,1,-0.101428,,,,,0,-0.10142737195634188
2014-11-07,sh.000016,1637.1390,1667.7000,1633.0280,1640.3230,1635.9640,6729359616,56121547520.0000,3,0.005320,1,0.266449,,,,,0,0.2664484059551553
2014-11-10,sh.000016,1671.2250,1689.0540,1657.1370,1689.0240,1640.3230,8556244992,70480617472.0000,3,0.006764,1,2.968992,,,,,0,2.9689884248407017
2014-11-11,sh.000016,1701.2240,1740.9170,1693.2450,1710.8820,1689.0240,13375732992,109118509056.0000,3,0.010574,1,1.294115,,,,,0,1.2941201545981773
2014-11-12,sh.000016,1699.2020,1731.3300,1693.3830,1731.0210,1710.8820,6601756416,57117455104.0000,3,0.005219,1,1.177114,,,,,0,1.1771121561860998
2014-11-13,sh.000016,1734.1690,1750.8360,1720.7300,1726.3370,1731.0210,7996893440,70957776896.0000,3,0.006322,1,-0.270589,,,,,0,-0.27059174903134586
2014-11-14,sh.000016,1719.5830,1729.7180,1706.8350,1728.8050,1726.3370,6124875520,52718773248.0000,3,0.004840,1,0.142963,,,,,0,0.14296165812353046
2014-11-17,sh.000016,1758.9910,1758.9910,1706.9440,1708.0960,1728.8050,5815895040,54484930816.0000,3,0.004596,1,-1.197886,,,,,0,-1.1978794600894904
2014-11-18,sh.000016,1709.1360,1709.2780,1676.4450,1679.4230,1708.0960,5511740672,46146850048.0000,3,0.004356,1,-1.678651,,,,,0,-1.6786527220952419
2014-11-19,sh.000016,1675.8430,1681.9740,1667.9020,1671.6540,1679.4230,4078235408,33697458432.0000,3,0.003223,1,-0.462595,,,,,0,-0.46259935704108246
2014-11-20,sh.000016,1667.1380,1683.6070,1662.7230,1676.5980,1671.6540,3744083904,33122944768.0000,3,0.002959,1,0.295753,,,,,0,0.29575498278950896
2014-11-21,sh.000016,1676.3950,1717.3050,1669.1840,1714.7110,1676.5980,5364956928,51298051840.0000,3,0.004240,1,2.273237,,,,,0,2.27323425174073
2014-11-24,sh.000016,1729.2700,1772.8910,1722.7090,1758.0960,1714.7110,10498636544,99577520128.0000,3,0.008296,1,2.530157,,,,,0,2.5301639751538207
2014-11-25,sh.000016,1757.6760,1780.5600,1752.3830,1777.6730,1758.0960,7308158208,66089112832.0000,3,0.005775,1,1.113536,,,,,0,1.1135341869840998
2014-11-26,sh.000016,1786.9330,1821.1000,1786.5640,1820.4890,1777.6730,9344412928,91991945216.0000,3,0.007384,1,2.408544,,,,,0,2.408541953441379
2014-11-27,sh.000016,1834.2450,1853.4190,1825.3450,1853.0040,1820.4890,10847290368,105235824640.0000,3,0.008572,1,1.786059,,,,,0,1.7860585809636786
2014-11-28,sh.000016,1853.5480,1915.8080,1846.1480,1914.4400,1853.0040,16235842816,138763218944.0000,3,0.012828,1,3.315476,,,,,0,3.315481240191609
2014-12-01,sh.000016,1936.8110,1968.9070,1916.6260,1920.3800,1914.4400,15615121920,149741830144.0000,3,0.012337,1,0.310277,,,,,0,0.31027350034475987
2014-12-02,sh.000016,1910.3740,2040.4690,1909.3690,2021.5400,1920.3800,15326342144,152003784704.0000,3,0.012109,1,5.267709,,,,,0,5.267707432903901
2014-12-03,sh.000016,2031.1320,2107.6820,1999.7300,2037.5850,2021.5400,19169006848,197794402304.0000,3,0.015145,1,0.793698,,,,,0,0.7937018312771382
2014-12-04,sh.000016,2043.4660,2161.3880,2032.4100,2160.6600,2037.5850,17227108096,175808684032.0000,3,0.013611,1,6.040236,,,,,0,6.0402388121231665
2014-12-05,sh.000016,2201.8190,2259.5120,2115.4200,2200.2530,2160.6600,22531739392,242331025408.0000,3,0.017802,1,1.832450,,,,,0,1.8324493441818746
2014-12-08,sh.000016,2187.5040,2317.5550,2160.4850,2298.8490,2200.2530,19908190720,222491361280.0000,3,0.015729,1,4.481130,,,,,0,4.481121034717361
2014-12-09,sh.000016,2283.1610,2402.1330,2149.5960,2182.6930,2298.8490,26926671616,317688958976.0000,3,0.021275,1,-5.052789,,,,,0,-5.052789461160778
2014-12-10,sh.000016,2198.8430,2263.9920,2111.8820,2254.8230,2182.6930,19002797312,227855753216.0000,3,0.015014,1,3.304628,,,,,0,3.3046333130678285
2014-12-11,sh.000016,2211.5440,2269.4870,2190.2490,2193.5420,2254.8230,14604794368,171891281920.0000,3,0.011539,1,-2.717775,,,,,0,-2.7177742998009125
2014-12-12,sh.000016,2186.7380,2250.5660,2176.3170,2193.2870,2193.5420,11152881920,141197807616.0000,3,0.008812,1,-0.011620,,,,,0,-0.011625033849371746
2014-12-15,sh.000016,2170.2800,2208.6580,2139.4690,2201.5360,2193.2870,10868732416,125771063296.0000,3,0.008446,1,0.376092,,,,,0,0.3761021699394629
2014-12-16,sh.000016,2205.8820,2299.3830,2195.5040,2299.2780,2201.5360,14817589760,195129839616.0000,3,0.011515,1,4.439727,,,,,0,4.439718451117747
2014-12-17,sh.000016,2326.8460,2392.5660,2307.1840,2383.9480,2299.2780,21136280064,264170553344.0000,3,0.016426,1,3.682457,,,,,0,3.6824603201526696
2014-12-18,sh.000016,2389.8430,2413.6760,2343.7390,2364.0410,2383.9480,15862150912,200428249088.0000,3,0.012327,1,-0.835043,,,,,0,-0.8350433818187231
2014-12-19,sh.000016,2366.4510,2408.4840,2304.6110,2390.2800,2364.0410,15843820032,185889763328.0000,3,0.012313,1,1.109922,,,,,0,1.1099215284337216
2014-12-22,sh.000016,2393.0440,2479.1080,2375.9070,2426.6840,2390.2800,21815571200,229127630848.0000,3,0.016954,1,1.523004,,,,,0,1.523001489365261
2014-12-23,sh.000016,2392.6140,2462.0720,2360.7180,2374.9540,2426.6840,13594650112,160752693248.0000,3,0.010565,1,-2.131715,,,,,0,-2.1317155426911816
2014-12-24,sh.000016,2381.4090,2388.4120,2238.6540,2270.8830,2374.9540,12359699712,151833526272.0000,3,0.009605,1,-4.382024,,,,,0,-4.382021714946916
2014-12-25,sh.000016,2295.2180,2360.2150,2263.4240,2359.6550,2270.8830,12125972224,147772563456.0000,3,0.009424,1,3.909139,,,,,0,3.909140189080662
2014-12-26,sh.000016,2365.0320,2471.0450,2357.6690,2464.8190,2359.6550,15209287424,198030704640.0000,3,0.011820,1,4.456756,,,,,0,4.456753211804254
2014-12-29,sh.000016,2533.9870,2557.3810,2437.7540,2481.6630,2464.8190,18458166784,243610206208.0000,3,0.014322,1,0.683377,,,,,0,0.6833767509906385
2014-12-30,sh.000016,2481.0840,2550.4650,2464.4290,2523.6270,2481.6630,14946400256,194964901888.0000,3,0.011597,1,1.690958,,,,,0,1.6909628744918193
2014-12-31,sh.000016,2529.5750,2590.0910,2507.9440,2581.5670,2523.6270,15467580928,193680175104.0000,3,0.011965,1,2.295900,,,,,0,2.295901890414087
2015-01-05,sh.000016,2612.8500,2678.4430,2583.5540,2649.6390,2581.5670,18242556672,229763604480.0000,3,0.014111,1,2.636849,,,,,,2.636848084903476
2015-01-06,sh.000016,2616.2910,2691.4890,2591.8280,2629.4020,2649.6390,17343999232,220601815040.0000,3,0.013416,1,-0.763757,,,,,,-0.7637644222477147
2015-01-07,sh.000016,2608.8770,2668.8390,2598.8900,2635.2310,2629.4020,12831771904,178386104320.0000,3,0.009926,1,0.221680,,,,,,0.22168538701956564
2015-01-08,sh.000016,2647.8170,2656.7520,2551.8160,2558.1070,2635.2310,11836791552,157065781248.0000,3,0.009156,1,-2.926651,,,,,,-2.9266504530342963
2015-01-09,sh.000016,2554.2860,2692.6070,2540.3420,2569.0190,2558.1070,15620951040,211005825024.0000,3,0.012081,1,0.426570,,,,,,0.4265654251366158
2015-01-12,sh.000016,2565.7370,2596.2680,2499.8690,2543.8520,2569.0190,11918358528,167990427648.0000,3,0.009217,1,-0.979634,,,,,,-0.9796346387473176
2015-01-13,sh.000016,2537.9750,2567.6200,2512.8610,2527.8280,2543.8520,7707908096,113495932928.0000,3,0.005961,1,-0.629918,,,,,,-0.6299108595940295
2015-01-14,sh.000016,2539.2490,2569.4510,2508.6570,2534.2300,2527.8280,8412230912,114229284864.0000,3,0.006506,1,0.253265,,,,,,0.2532609022449339
2015-01-15,sh.000016,2534.7660,2633.3970,2516.6120,2632.8900,2534.2300,11192316672,161244413952.0000,3,0.008656,1,3.893092,,,,,,3.8930957332207416
2015-01-16,sh.000016,2642.7440,2685.3060,2626.8200,2653.0340,2632.8900,13495118080,182059515904.0000,3,0.010437,1,0.765092,,,,,,0.7650908317476279
2015-01-19,sh.000016,2448.9270,2512.5800,2399.4350,2410.2010,2653.0340,14016357120,161509617664.0000,3,0.010840,1,-9.153030,,,,,,-9.153030078016345
2015-01-20,sh.000016,2381.1430,2439.2510,2355.2580,2403.7240,2410.2010,13747663616,193319714816.0000,3,0.010632,1,-0.268725,,,,,,-0.2687327737396106
2015-01-21,sh.000016,2425.2610,2553.6960,2414.8850,2542.3180,2403.7240,14880047616,206930198528.0000,3,0.011508,1,5.765803,,,,,,5.7658033950653165
2015-01-22,sh.000016,2546.7010,2557.6950,2504.0660,2544.3080,2542.3180,11370877696,157023145984.0000,3,0.008794,1,0.078275,,,,,,0.07827502303014988
2015-01-23,sh.000016,2556.9150,2612.9310,2543.4550,2564.5140,2544.3080,12455134976,169187278848.0000,3,0.009621,1,0.794157,,,,,,0.7941648573993376
2015-01-26,sh.000016,2563.9100,2565.3620,2528.0760,2562.3630,2564.5140,9597946880,124417880064.0000,3,0.007414,1,-0.083871,,,,,,-0.0838755413306469
2015-01-27,sh.000016,2570.4320,2574.3310,2473.8080,2522.1030,2562.3630,11654287616,149446787072.0000,3,0.009002,1,-1.571206,,,,,,-1.5712059532548617
2015-01-28,sh.000016,2497.0500,2534.5830,2476.2770,2486.2850,2522.1030,8635638016,115311452160.0000,3,0.006669,1,-1.420169,,,,,,-1.4201640456396936
2015-01-29,sh.000016,2444.3950,2465.3120,2419.9880,2442.0380,2486.2850,8140496384,103757275136.0000,3,0.006287,1,-1.779636,,,,,,-1.7796431221682063
2015-01-30,sh.000016,2456.0540,2471.2280,2400.6280,2405.3800,2442.0380,7659115008,97675218944.0000,3,0.005915,1,-1.501132,,,,,,-1.5011232421444642
2015-02-02,sh.000016,2337.1960,2376.4260,2329.1510,2332.5330,2405.3800,8467689216,99907072000.0000,3,0.006533,1,-3.028500,,,,,,-3.0285027729506475
2015-02-03,sh.000016,2362.4130,2413.0060,2335.1070,2405.7600,2332.5330,8227465984,108792143872.0000,3,0.006347,1,3.139379,,,,,,3.139376806244565
2015-02-04,sh.000016,2412.7540,2439.6050,2370.5690,2372.4550,2405.7600,7753135872,105036320768.0000,3,0.005981,1,-1.384383,,,,,,-1.384385807395594
2015-02-05,sh.000016,2456.3840,2456.5690,2348.4480,2348.9210,2372.4550,11071325184,140544598016.0000,3,0.008541,1,-0.991976,,,,,,-0.9919682354354475
2015-02-06,sh.000016,2335.3620,2366.3310,2303.1120,2325.2410,2348.9210,7693111296,93700542464.0000,3,0.005935,1,-1.008120,,,,,,-1.0081224528198152
2015-02-09,sh.000016,2319.2410,2392.8220,2311.7990,2366.7660,2325.2410,7390338304,103914676224.0000,3,0.005701,1,1.785843,,,,,,1.7858363928728194
2015-02-10,sh.000016,2363.1590,2409.0240,2355.1360,2403.5480,2366.7660,6886203136,89318363136.0000,3,0.005312,1,1.554103,,,,,,1.5541037855030693
2015-02-11,sh.000016,2408.0790,2423.3480,2395.1950,2415.1280,2403.5480,5053898240,70324469760.0000,3,0.003891,1,0.481781,,,,,,0.4817877570991058
2015-02-12,sh.000016,2415.1390,2425.6350,2384.4930,2416.4490,2415.1280,6066235904,76858277888.0000,3,0.004664,1,0.054699,,,,,,0.05469689391204291
2015-02-13,sh.000016,2426.9530,2464.0760,2415.4250,2427.4740,2416.4490,8379347968,101300051968.0000,3,0.006443,1,0.456254,,,,,,0.45624799033623376
2015-02-16,sh.000016,2427.1680,2437.8430,2413.6040,2431.2100,2427.4740,6260811520,79647191040.0000,3,0.004814,1,0.153898,,,,,,0.15390484099933044
2015-02-17,sh.000016,2437.6890,2464.5240,2437.6890,2445.2600,2431.2100,6001057280,76964794368.0000,3,0.004614,1,0.577904,,,,,,0.5779015387399777
2015-02-25,sh.000016,2448.1990,2448.1990,2395.5270,2407.4570,2445.2600,6398738432,78427140096.0000,3,0.004920,1,-1.545970,,,,,,-1.545970571636568
2015-02-26,sh.000016,2401.1380,2482.4430,2382.6870,2478.0610,2407.4570,9470706176,118346203136.0000,3,0.007282,1,2.932721,,,,,,2.93272112440639
2015-02-27,sh.000016,2476.4860,2498.6970,2466.8270,2474.5950,2478.0610,8565192192,104744157184.0000,3,0.006586,1,-0.139870,,,,,,-0.13986742053566648
2015-03-02,sh.000016,2495.5710,2498.7160,2459.4210,2479.2370,2474.5950,8805251840,117028814848.0000,3,0.006840,1,0.187590,,,,,,0.18758625148762587
2015-03-03,sh.000016,2462.0030,2462.0030,2395.8300,2396.8050,2479.2370,9127474176,115862675456.0000,3,0.007018,1,-3.324899,,,,,,-3.324893908892146
2015-03-04,sh.000016,2403.8620,2416.2190,2378.9270,2397.9930,2396.8050,6429528576,80953991168.0000,3,0.004944,1,0.049565,,,,,,0.049565984717148126
2015-03-05,sh.000016,2379.7320,2382.8920,2344.9470,2366.8990,2397.9930,7777329920,97140404224.0000,3,0.005980,1,-1.296667,,,,,,-1.296667671673768
2015-03-06,sh.000016,2370.8850,2393.7390,2366.0190,2371.6230,2366.8990,6480420608,81818660864.0000,3,0.004983,1,0.199591,,,,,,0.19958604063798902
2015-03-09,sh.000016,2352.2230,2443.2040,2321.2650,2429.8670,2371.6230,10619571712,123427885056.0000,3,0.008165,1,2.455867,,,,,,2.4558709373285748
2015-03-10,sh.000016,2413.8370,2424.1510,2390.6040,2395.4280,2429.8670,7843558656,95150780416.0000,3,0.006031,1,-1.417319,,,,,,-1.417320371855757
2015-03-11,sh.000016,2401.2610,2444.6550,2399.5400,2408.5030,2395.4280,7007419136,89940152320.0000,3,0.005388,1,0.545829,,,,,,0.5458314756277449
2015-03-12,sh.000016,2444.4150,2505.6330,2423.4310,2485.1140,2408.5030,12477820160,150805712896.0000,3,0.009594,1,3.180859,,,,,,3.1808554940558453
2015-03-13,sh.000016,2494.3450,2532.1540,2477.3960,2495.2770,2485.1140,10420594176,126727327744.0000,3,0.008012,1,0.408959,,,,,,0.40895508214109366
2015-03-16,sh.000016,2512.3530,2551.4450,2485.2910,2550.8610,2495.2770,10413208320,138113101824.0000,3,0.007998,1,2.227568,,,,,,2.227568322074047
2015-03-17,sh.000016,2576.4130,2586.4310,2556.4690,2583.1980,2550.8610,13209205248,169433534464.0000,3,0.010146,1,1.267686,,,,,,1.2676896153886785
2015-03-18,sh.000016,2595.7390,2649.8160,2592.2640,2649.6420,2583.1980,14795882240,183689195520.0000,3,0.011365,1,2.572164,,,,,,2.572160554475489
2015-03-19,sh.000016,2649.0020,2649.0020,2613.7650,2630.2430,2649.6420,13359586816,164505899008.0000,3,0.010261,1,-0.732143,,,,,,-0.7321366433653997
2015-03-20,sh.000016,2642.7980,2710.1280,2617.0650,2680.6790,2630.2430,15375499520,226538770432.0000,3,0.011810,1,1.917543,,,,,,1.9175414590971274
2015-03-23,sh.000016,2700.1570,2724.6440,2690.4800,2720.6710,2680.6790,14209193472,200735739904.0000,3,0.010914,1,1.491859,,,,,,1.4918608307820325
2015-03-24,sh.000016,2719.5060,2720.0300,2649.6210,2683.6470,2720.6710,15361757952,193855721472.0000,3,0.011799,1,-1.360838,,,,,,-1.3608407631793717
2015-03-25,sh.000016,2674.3520,2691.2380,2626.6590,2649.1610,2683.6470,13227040000,172197842944.0000,3,0.010160,1,-1.285046,,,,,,-1.2850423323186644
2015-03-26,sh.000016,2637.5270,2714.6300,2621.4510,2687.7620,2649.1610,13344292608,177662021632.0000,3,0.010237,1,1.457106,,,,,,1.4571028336896052
2015-03-27,sh.000016,2693.1890,2715.0070,2664.8640,2689.2400,2687.7620,11986937344,150762819584.0000,3,0.009196,1,0.054991,,,,,,0.05498998795279153
2015-03-30,sh.000016,2716.4310,2793.4140,2704.7980,2784.4560,2689.2400,18138365952,223343800320.0000,3,0.013915,1,3.540631,,,,,,3.540628579078109
2015-03-31,sh.000016,2826.6340,2860.2400,2744.9270,2754.6580,2784.4560,17583371776,238894481408.0000,3,0.013489,1,-1.070159,,,,,,-1.0701551757327232
2015-04-01,sh.000016,2758.9620,2810.6490,2751.3720,2799.4510,2754.6580,12528132352,173744779264.0000,3,0.009611,1,1.626081,,,,,,1.626082076250479
2015-04-02,sh.000016,2821.2140,2824.8220,2746.3020,2781.6410,2799.4510,12218473472,169118203904.0000,3,0.009373,1,-0.636190,,,,,,-0.6361961684630324
2015-04-03,sh.000016,2771.0300,2817.6240,2764.3470,2817.1810,2781.6410,11296925184,164348829696.0000,3,0.008666,1,1.277656,,,,,,1.2776630772986186
2015-04-07,sh.000016,2854.4070,2889.8590,2838.8850,2889.4520,2817.1810,16013944320,218683080704.0000,3,0.012285,1,2.565366,,,,,,2.565365874610115
2015-04-08,sh.000016,2907.5840,2960.6530,2879.9740,2952.0790,2889.4520,17985383680,259888799744.0000,3,0.013798,1,2.167442,,,,,,2.1674352091676896
2015-04-09,sh.000016,2973.8110,3021.8500,2914.6950,2931.7720,2952.0790,17676448256,275401162752.0000,3,0.013561,1,-0.687892,,,,,,-0.6878880951356692
2015-04-10,sh.000016,2925.9260,2992.4080,2911.4630,2986.6050,2931.7720,14121595648,211274924032.0000,3,0.010833,1,1.870303,,,,,,1.8703023291033682
2015-04-13,sh.000016,3040.0070,3059.7750,3016.9650,3041.1250,2986.6050,16933958400,228801060864.0000,3,0.012991,1,1.825485,,,,,,1.8254841199288219
2015-04-14,sh.000016,3057.4070,3074.6710,3013.3120,3052.4070,3041.1250,16230036224,232248754176.0000,3,0.012451,1,0.370981,,,,,,0.3709811336265467
2015-04-15,sh.000016,3054.0170,3119.4840,3039.2550,3053.3040,3052.4070,17902593024,229330046976.0000,3,0.013734,1,0.029386,,,,,,0.029386644703666143
2015-04-16,sh.000016,3045.8510,3183.5830,3033.2480,3183.3020,3053.3040,17196755456,237185818624.0000,3,0.013193,1,4.257619,,,,,,4.257617322087803
2015-04-17,sh.000016,3251.9770,3271.5670,3216.2060,3235.3320,3183.3020,20765993472,285355302912.0000,3,0.015931,1,1.634467,,,,,,1.634466349721131
2015-04-20,sh.000016,3267.8510,3296.1800,3146.8400,3164.4610,3235.3320,26597612544,396545654784.0000,3,0.020404,1,-2.190535,,,,,,-2.190532532673617
2015-04-21,sh.000016,3163.2880,3214.8930,3135.2180,3214.3640,3164.4610,18442769152,269227089920.0000,3,0.014148,1,1.576985,,,,,,1.5769826204209858
2015-04-22,sh.000016,3219.6960,3300.8360,3204.4370,3299.2210,3214.3640,20173807104,330229055488.0000,3,0.015476,1,2.639929,,,,,,2.639931258563122
2015-04-23,sh.000016,3311.0710,3313.8100,3245.7620,3273.3980,3299.2210,17713793024,293820854272.0000,3,0.013589,1,-0.782700,,,,,,-0.7826999161317127
2015-04-24,sh.000016,3226.3840,3250.2300,3161.9720,3223.9580,3273.3980,18513593600,297582759936.0000,3,0.014203,1,-1.510355,,,,,,-1.5103571273642924
2015-04-27,sh.000016,3257.9690,3313.2510,3257.9690,3308.4540,3223.9580,20026697472,308262694912.0000,3,0.015364,1,2.620881,,,,,,2.6208778154057866
2015-04-28,sh.000016,3309.5290,3370.0250,3255.7690,3282.3300,3308.4540,26604285952,373574205440.0000,3,0.020410,1,-0.789614,,,,,,-0.7896135173709573
2015-04-29,sh.000016,3268.5180,3304.7070,3243.5390,3283.2820,3282.3300,14666628608,228829618176.0000,3,0.011252,1,0.029001,,,,,,0.02900378694403738
2015-04-30,sh.000016,3290.5810,3309.4190,3249.2460,3250.4900,3283.2820,14628827904,230961426432.0000,3,0.011223,1,-0.998757,,,,,,-0.9987567318311519
2015-05-04,sh.000016,3250.1250,3273.1490,3204.3060,3272.0050,3250.4900,13327095296,207062515712.0000,3,0.010224,1,0.661897,,,,,,0.6619002058151358
2015-05-05,sh.000016,3266.8090,3270.9610,3132.9360,3148.8130,3272.0050,17060778240,260105797632.0000,3,0.013088,1,-3.765028,,,,,,-3.7650309214075195
2015-05-06,sh.000016,3175.8860,3244.5960,3110.1110,3139.0200,3148.8130,14799113728,255658442752.0000,3,0.011353,1,-0.311005,,,,,,-0.3110060838798612
2015-05-07,sh.000016,3116.7880,3142.1370,3093.7320,3094.8830,3139.0200,10944092928,163519856640.0000,3,0.008396,1,-1.406075,,,,,,-1.4060757816133806
2015-05-08,sh.000016,3126.0020,3138.6610,3045.0100,3110.4550,3094.8830,10327816448,152427978752.0000,3,0.007923,1,0.503154,,,,,,0.503153107888088
2015-05-11,sh.000016,3112.2410,3169.8670,3075.2010,3169.1340,3110.4550,13376665856,194746888192.0000,3,0.010256,1,1.886507,,,,,,1.8865085654671043
2015-05-12,sh.000016,3162.6710,3200.1840,3136.4580,3188.3130,3169.1340,13081305344,199503826944.0000,3,0.010030,1,0.605180,,,,,,0.6051810999471829
2015-05-13,sh.000016,3188.0610,3188.9610,3122.3370,3141.2960,3188.3130,11730550528,174969589760.0000,3,0.008994,1,-1.474670,,,,,,-1.474667010422137
2015-05-14,sh.000016,3136.1280,3153.7480,3107.6810,3128.5720,3141.2960,10533870592,153091928064.0000,3,0.008077,1,-0.405052,,,,,,-0.4050557476913852
2015-05-15,sh.000016,3122.8940,3124.6050,3044.8540,3060.4110,3128.5720,10999319552,161060872192.0000,3,0.008370,1,-2.178666,,,,,,-2.17866170252754
2015-05-18,sh.000016,3032.7080,3045.5860,2997.1290,2998.3880,3060.4110,8704172544,130095423488.0000,3,0.006623,1,-2.026622,,,,,,-2.026623221521562
2015-05-19,sh.000016,2996.8410,3127.0010,2996.7160,3116.0860,2998.3880,11120662784,177662169088.0000,3,0.008462,1,3.925376,,,,,,3.9253759019846513
2015-05-20,sh.000016,3127.5660,3181.5400,3105.6260,3122.8500,3116.0860,12455733248,193487499264.0000,3,0.009478,1,0.217072,,,,,,0.21706717978899892
2015-05-21,sh.000016,3132.3350,3156.4880,3110.9990,3150.9010,3122.8500,9475578368,147586633728.0000,3,0.007256,1,0.898243,,,,,,0.8982499959972357
2015-05-22,sh.000016,3180.3900,3249.5160,3170.4520,3248.8550,3150.9010,15002110464,231552872448.0000,3,0.011487,1,3.108765,,,,,,3.108761589145459
2015-05-25,sh.000016,3263.9600,3350.5180,3263.9600,3349.9450,3248.8550,15858571008,252774281216.0000,3,0.012143,1,3.111560,,,,,,3.111557764196937
2015-05-26,sh.000016,3382.7600,3390.2870,3320.1540,3386.5930,3349.9450,14789468416,246793748480.0000,3,0.011324,1,1.093987,,,,,,1.0939881102525417
2015-05-27,sh.000016,3390.9810,3404.7560,3327.2410,3344.7380,3386.5930,14747053824,243480842240.0000,3,0.011282,1,-1.235902,,,,,,-1.235902867572214
2015-05-28,sh.000016,3336.7000,3350.2190,3120.9730,3124.6210,3344.7380,17825520640,269774196736.0000,3,0.013491,1,-6.580992,,,,,,-6.5809937878542275
2015-05-29,sh.000016,3127.6360,3161.5800,3036.9570,3111.3330,3124.6210,13378440448,198756331520.0000,3,0.010125,1,-0.425270,,,,,,-0.4252675764516711
2015-06-01,sh.000016,3114.7930,3250.6050,3082.1630,3244.3190,3111.3330,14102337280,208883535872.0000,3,0.010674,1,4.274248,,,,,,4.274245154729495
2015-06-02,sh.000016,3240.7960,3269.2160,3201.2240,3258.3100,3244.3190,13480053248,192594403328.0000,3,0.010203,1,0.431245,,,,,,0.4312461259204259
2015-06-03,sh.000016,3251.9090,3259.7060,3193.5440,3238.4270,3258.3100,12830697728,190395609088.0000,3,0.009695,1,-0.610226,,,,,,-0.6102243187419143
2015-06-04,sh.000016,3244.4590,3316.5010,3113.2220,3299.0300,3238.4270,18456793856,254373138432.0000,3,0.013947,1,1.871372,,,,,,1.8713715022756539
2015-06-05,sh.000016,3349.5730,3365.5900,3234.2460,3303.9880,3299.0300,18814564864,270740078592.0000,3,0.014217,1,0.150287,,,,,,0.15028659939435585
2015-06-08,sh.000016,3333.8330,3469.2160,3308.2960,3458.7070,3303.9880,24825404160,350471168000.0000,3,0.018759,1,4.682796,,,,,,4.6827954580948905
2015-06-09,sh.000016,3494.8230,3494.8230,3376.0240,3413.9960,3458.7070,22044856064,340397076480.0000,3,0.016658,1,-1.292707,,,,,,-1.2927085179519349
2015-06-10,sh.000016,3362.8070,3415.2760,3338.6840,3370.3830,3413.9960,15529469184,246677082112.0000,3,0.011735,1,-1.277478,,,,,,-1.2774765992696002
2015-06-11,sh.000016,3368.9990,3383.4880,3313.5900,3347.1160,3370.3830,13807384832,226193698816.0000,3,0.010433,1,-0.690340,,,,,,-0.6903369735724363
2015-06-12,sh.000016,3364.4430,3374.8150,3319.2000,3350.2480,3347.1160,14526225408,225464246272.0000,3,0.010977,1,0.093575,,,,,,0.09357309397104441
2015-06-15,sh.000016,3359.7070,3366.8390,3254.6190,3262.4790,3350.2480,16732256000,249139892224.0000,3,0.010703,1,-2.619777,,,,,,-2.619776207612101
2015-06-16,sh.000016,3233.1470,3275.4740,3149.0830,3179.6520,3262.4790,15596989696,215445606400.0000,3,0.009963,1,-2.538772,,,,,,-2.5387749622296396
2015-06-17,sh.000016,3198.1430,3222.4380,3144.4880,3211.7070,3179.6520,15957156352,207598399488.0000,3,0.010193,1,1.008127,,,,,,1.0081291914964208
2015-06-18,sh.000016,3183.2290,3183.2290,3067.4850,3068.4880,3211.7070,13734504192,182753386496.0000,3,0.008773,1,-4.459280,,,,,,-4.459279753725975
2015-06-19,sh.000016,3030.2240,3067.8170,2900.7910,2903.0570,3068.4880,13178392576,175635865600.0000,3,0.008418,1,-5.391292,,,,,,-5.3912871746606195
2015-06-23,sh.000016,2907.0750,3007.6260,2822.4700,3003.1630,2903.0570,13561764352,181578407936.0000,3,0.008663,1,3.448303,,,,,,3.4482960548139596
2015-06-24,sh.000016,3009.7690,3052.1130,2962.6460,3045.2440,3003.1630,14158588160,192146956288.0000,3,0.009031,1,1.401216,,,,,,1.4012226442587483
2015-06-25,sh.000016,3069.4000,3082.5580,2929.1070,2943.9900,3045.2440,16015830784,220485922816.0000,3,0.010216,1,-3.324985,,,,,,-3.324988079772928
2015-06-26,sh.000016,2875.1220,2953.9590,2678.7690,2736.6950,2943.9900,18335580416,239246446592.0000,3,0.011696,1,-7.041292,,,,,,-7.041294297874645
2015-06-29,sh.000016,2802.7710,2822.1130,2530.8300,2678.3680,2736.6950,21201871360,268112920576.0000,3,0.013524,1,-2.131299,,,,,,-2.1312934031742725
2015-06-30,sh.000016,2678.6350,2872.5080,2628.0040,2870.0250,2678.3680,21959229952,275002232832.0000,3,0.014012,1,7.155738,,,,,,7.155738121124511
2015-07-01,sh.000016,2823.9440,2872.9070,2721.4760,2736.8470,2870.0250,16995770112,218026246144.0000,3,0.010843,1,-4.640307,,,,,,-4.640308011254257
2015-07-02,sh.000016,2767.9860,2805.6670,2611.8630,2714.2470,2736.8470,20904575488,245275791360.0000,3,0.013337,1,-0.825762,,,,,,-0.825767753915374
2015-07-03,sh.000016,2674.5570,2738.6580,2511.1650,2582.2650,2714.2470,18436191744,212838563840.0000,3,0.011762,1,-4.862570,,,,,,-4.8625640923615325
2015-07-06,sh.000016,2807.7540,2807.7540,2649.5580,2749.9980,2582.2650,34483427840,383917334528.0000,3,0.022000,1,6.495583,,,,,,6.495576557789384
2015-07-07,sh.000016,2682.5000,2825.4860,2612.1150,2812.4460,2749.9980,35031479808,428297506816.0000,3,0.022350,1,2.270838,,,,,,2.270838015154908
2015-07-08,sh.000016,2596.7120,2760.5220,2546.4620,2608.9770,2812.4460,37745939968,407199236096.0000,3,0.024062,1,-7.234592,,,,,,-7.2345922375043
2015-07-09,sh.000016,2575.3430,2828.7520,2493.6440,2781.0770,2608.9770,27117677056,304601931776.0000,3,0.017287,1,6.596450,,,,,,6.596455238969168
2015-07-10,sh.000016,2749.1200,2997.5970,2717.7120,2898.4100,2781.0770,29625184256,361175453696.0000,3,0.018884,1,4.218977,,,,,,4.218977036594085
2015-07-13,sh.000016,2855.7000,2949.1970,2805.9130,2869.0510,2898.4100,23334105600,289573740544.0000,3,0.014874,1,-1.012931,,,,,,-1.0129346779786164
2015-07-14,sh.000016,2821.9710,2843.2480,2717.0310,2763.0730,2869.0510,19436842496,234177777664.0000,3,0.012390,1,-3.693835,,,,,,-3.693834651248795
2015-07-15,sh.000016,2725.9240,2779.9480,2665.9500,2757.9510,2763.0730,18594802688,211874750464.0000,3,0.011853,1,-0.185376,,,,,,-0.18537331442202154
2015-07-16,sh.000016,2754.8290,2779.9970,2708.7150,2742.8470,2757.9510,13524616192,151401566208.0000,3,0.008606,1,-0.547653,,,,,,-0.5476529495991755
2015-07-17,sh.000016,2756.8660,2834.1790,2723.7390,2807.0650,2742.8470,13024111104,160825184256.0000,3,0.008276,1,2.341290,,,,,,2.3412899078949723
2015-07-20,sh.000016,2798.5600,2815.7010,2766.9430,2783.7610,2807.0650,13086249472,166660026368.0000,3,0.008315,1,-0.830189,,,,,,-0.83019096458401
2015-07-21,sh.000016,2757.6600,2799.8150,2743.1550,2772.7740,2783.7610,11582657792,152027267072.0000,3,0.007360,1,-0.394684,,,,,,-0.3946818710370614
2015-07-22,sh.000016,2757.2840,2770.9960,2721.3540,2739.7860,2772.7740,10665453056,140089843712.0000,3,0.006777,1,-1.189712,,,,,,-1.189711097983459
2015-07-23,sh.000016,2741.4240,2796.3680,2736.3750,2790.7640,2739.7860,11358203904,151861837824.0000,3,0.007217,1,1.860657,,,,,,1.86065627023424
2015-07-24,sh.000016,2794.0540,2807.6200,2735.2990,2741.0440,2790.7640,12392890880,163019755520.0000,3,0.007875,1,-1.781590,,,,,,-1.7815909908541316
2015-07-27,sh.000016,2698.7980,2715.3590,2491.1180,2493.2900,2741.0440,13664510464,158951325696.0000,3,0.008653,1,-9.038670,,,,,,-9.038672856035868
2015-07-28,sh.000016,2427.0280,2531.2310,2400.8660,2485.6740,2493.2900,14033885440,164763021312.0000,3,0.008887,1,-0.305459,,,,,,-0.30545985424880184
2015-07-29,sh.000016,2496.8950,2535.6020,2459.0820,2531.4450,2485.6740,9307815424,112668844032.0000,3,0.005894,1,1.841392,,,,,,1.8413919122137523
2015-07-30,sh.000016,2525.0840,2548.2700,2459.9240,2467.3670,2531.4450,8694982656,108522360832.0000,3,0.005506,1,-2.531286,,,,,,-2.5312815407800726
2015-07-31,sh.000016,2452.0470,2490.6590,2432.4940,2461.2400,2467.3670,7472537344,88953040896.0000,3,0.004732,1,-0.248319,,,,,,-0.2483213887516711
2015-08-03,sh.000016,2433.2420,2479.9510,2419.8500,2479.7240,2461.2400,8807341056,96775630848.0000,3,0.005577,1,0.751009,,,,,,0.7510035591815623
2015-08-04,sh.000016,2476.1580,2535.2810,2462.7300,2534.7110,2479.7240,6603231744,79544152064.0000,3,0.004182,1,2.217457,,,,,,2.2174645242776903
2015-08-05,sh.000016,2529.1330,2537.3540,2485.5980,2487.0620,2534.7110,6288966912,79648362496.0000,3,0.003982,1,-1.879856,,,,,,-1.8798592817879434
2015-08-06,sh.000016,2452.5280,2505.5340,2446.9580,2467.5250,2487.0620,4780004864,60255514880.0000,3,0.003027,1,-0.785550,,,,,,-0.7855453543176516
2015-08-07,sh.000016,2489.8050,2520.0380,2479.2460,2503.7960,2467.5250,5756323840,73033097216.0000,3,0.003645,1,1.469934,,,,,,1.4699344484858212
2015-08-10,sh.000016,2527.6150,2626.3570,2517.9470,2617.6590,2503.7960,10962661376,135665864704.0000,3,0.006941,1,4.547616,,,,,,4.547614901533525
2015-08-11,sh.000016,2612.9480,2623.8360,2578.6480,2590.7100,2617.6590,9958425600,126415896576.0000,3,0.006305,1,-1.029507,,,,,,-1.0295076631448241
2015-08-12,sh.000016,2562.6810,2598.5080,2557.2600,2561.1260,2590.7100,7535252992,103960469504.0000,3,0.004771,1,-1.141926,,,,,,-1.141926344515587
2015-08-13,sh.000016,2562.8740,2585.9230,2522.3520,2580.7780,2561.1260,7008074240,92171460608.0000,3,0.004437,1,0.767323,,,,,,0.7673187496436862
2015-08-14,sh.000016,2588.4320,2592.1690,2565.5920,2577.0380,2580.7780,7294157312,98274811904.0000,3,0.004618,1,-0.144917,,,,,,-0.14491754036960458
2015-08-17,sh.000016,2560.3710,2561.9630,2524.1280,2550.4670,2577.0380,7113381888,91571515392.0000,3,0.004504,1,-1.031069,,,,,,-1.0310674503053452
2015-08-18,sh.000016,2554.0760,2572.2130,2405.8280,2407.9670,2550.4670,10124871168,125516447744.0000,3,0.006411,1,-5.587212,,,,,,-5.587212067437064
2015-08-19,sh.000016,2379.2090,2431.6110,2326.2360,2430.2810,2407.9670,9048531968,100388483072.0000,3,0.005729,1,0.926672,,,,,,0.9266738290018006
2015-08-20,sh.000016,2406.5700,2421.0260,2356.3340,2356.9170,2430.2810,6834685440,74859843584.0000,3,0.004327,1,-3.018746,,,,,,-3.0187455689280385
2015-08-21,sh.000016,2336.4500,2362.8440,2261.3070,2271.3590,2356.9170,7846755328,85908967424.0000,3,0.004968,1,-3.630086,,,,,,-3.6300811611100436
2015-08-24,sh.000016,2195.4570,2203.6340,2046.8450,2058.2510,2271.3590,11542038272,111341101056.0000,3,0.007278,1,-9.382397,,,,,,-9.382400580445438
2015-08-25,sh.000016,1947.1450,2044.5580,1890.3790,1914.0520,2058.2510,11856957696,109950390272.0000,3,0.007476,1,-7.005898,,,,,,-7.005899669185167
2015-08-26,sh.000016,1930.2010,2028.4020,1874.2160,1942.4500,1914.0520,12411179520,113224245248.0000,3,0.007826,1,1.483656,,,,,,1.4836587511729116
2015-08-27,sh.000016,1989.5860,2095.4560,1957.7360,2094.7220,1942.4500,11658546944,112381616128.0000,3,0.007351,1,7.839171,,,,,,7.839172179464082
2015-08-28,sh.000016,2120.3580,2167.8980,2097.7760,2159.9580,2094.7220,11529986048,117095075840.0000,3,0.007270,1,3.114308,,,,,,3.1143034732055153
2015-08-31,sh.000016,2135.6030,2214.1050,2071.4060,2210.4470,2159.9580,11719305216,122180276224.0000,3,0.007390,1,2.337500,,,,,,2.3374991550761726
2015-09-01,sh.000016,2155.9560,2239.4580,2103.4790,2230.3210,2210.4470,15831034368,147365363712.0000,3,0.009982,1,0.899095,,,,,,0.8990941651168205
2015-09-02,sh.000016,2143.2430,2248.7660,2137.1930,2243.6310,2230.3210,16606144768,148869500928.0000,3,0.010471,1,0.596778,,,,,,0.5967750830485841
2015-09-07,sh.000016,2215.1760,2247.4410,2127.4790,2133.9780,2243.6310,8567205632,82337820672.0000,3,0.005402,1,-4.887304,,,,,,-4.887300986659559
2015-09-08,sh.000016,2115.8960,2185.4040,2084.0300,2180.1310,2133.9780,6198041344,61093083136.0000,3,0.003908,1,2.162772,,,,,,2.1627683134502584
2015-09-09,sh.000016,2186.3710,2225.2690,2175.7700,2211.1990,2180.1310,7696297216,81846247424.0000,3,0.004853,1,1.425046,,,,,,1.4250519808213458
2015-09-10,sh.000016,2183.6060,2218.1370,2175.3660,2208.4810,2211.1990,5303532032,57056318976.0000,3,0.003344,1,-0.122921,,,,,,-0.12291973721043625
2015-09-11,sh.000016,2199.5850,2218.8230,2180.2350,2195.3900,2208.4810,3622196896,39906031616.0000,3,0.002284,1,-0.592763,,,,,,-0.5927603633447798
2015-09-14,sh.000016,2205.7050,2228.9570,2126.2880,2228.1540,2195.3900,8478535936,92470906880.0000,3,0.005346,1,1.492407,,,,,,1.4923999836019997
2015-09-15,sh.000016,2179.2390,2188.3570,2142.0200,2175.1730,2228.1540,5548432896,54339604480.0000,3,0.003499,1,-2.377800,,,,,,-2.3777979439482344
2015-09-16,sh.000016,2161.0100,2277.5830,2142.2000,2241.9480,2175.1730,5602654720,57555613952.0000,3,0.003533,1,3.069900,,,,,,3.0698707643024292
2015-09-17,sh.000016,2223.4030,2260.8500,2194.0280,2194.8230,2241.9480,5584288768,60336914944.0000,3,0.003521,1,-2.102000,,,,,,-2.1019666825457195
2015-09-18,sh.000016,2204.5780,2226.7500,2192.2660,2198.9900,2194.8230,3607430096,37835417856.0000,3,0.002275,1,0.189900,,,,,,0.1898558562581032
2015-09-21,sh.000016,2185.0770,2220.0240,2176.6580,2214.4480,2198.9900,3690151296,40143067904.0000,3,0.002327,1,0.703000,,,,,,0.7029590857621004
2015-09-22,sh.000016,2217.7790,2259.0710,2210.4940,2237.3130,2214.4480,4256376704,48474974208.0000,3,0.002684,1,1.032500,,,,,,1.032537228239283
2015-09-23,sh.000016,2208.2520,2219.2400,2174.9200,2178.5460,2237.3130,3423454800,37515856128.0000,3,0.002159,1,-2.626700,,,,,,-2.6266776262418468
2015-09-24,sh.000016,2190.3100,2198.4920,2170.6780,2188.0880,2178.5460,2507485200,28435039488.0000,3,0.001581,1,0.438000,,,,,,0.4379985549995524
2015-09-25,sh.000016,2180.2870,2191.3600,2150.0180,2183.4040,2188.0880,3599201008,36738193920.0000,3,0.002269,1,-0.214100,,,,,,-0.21406817276088397
2015-09-28,sh.000016,2169.1520,2175.9700,2145.7500,2169.9410,2183.4040,2026861808,20171336448.0000,3,0.001278,1,-0.616600,,,,,,-0.6166059968746085
2015-09-29,sh.000016,2139.7970,2145.9870,2114.3010,2127.2030,2169.9410,2548256000,25518108416.0000,3,0.001607,1,-1.969500,,,,,,-1.9695466374431314
2015-09-30,sh.000016,2138.1480,2161.7110,2133.8790,2146.1180,2127.2030,2502692496,27561758208.0000,3,0.001578,1,0.889200,,,,,,0.8891958125294197
2015-10-08,sh.000016,2231.0240,2231.2410,2189.9880,2191.3430,2146.1180,3925563008,45316636160.0000,3,0.002475,1,2.107300,,,,,,2.1072932616007067
2015-10-09,sh.000016,2202.1340,2226.4230,2195.1580,2219.2940,2191.3430,3313522208,34896509952.0000,3,0.002089,1,1.275500,,,,,,1.2755191679257871
2015-10-12,sh.000016,2223.3250,2308.1890,2220.6320,2283.4290,2219.2940,6235454464,67779920896.0000,3,0.003932,1,2.889900,,,,,,2.8898829988275754
2015-10-13,sh.000016,2268.7590,2282.0410,2259.2670,2270.9480,2283.4290,3690453696,39806826752.0000,3,0.002327,1,-0.546600,,,,,,-0.546590237752087
2015-10-14,sh.000016,2263.5920,2284.6200,2252.3810,2253.9080,2270.9480,4196146304,43702043392.0000,3,0.002640,1,-0.750300,,,,,,-0.7503474319975556
2015-10-15,sh.000016,2254.4030,2297.9560,2252.3300,2297.9010,2253.9080,4694219008,51270530560.0000,3,0.002953,1,1.951900,,,,,,1.9518542904146896
2015-10-16,sh.000016,2310.3540,2328.3030,2301.4870,2323.7750,2297.9010,6016847616,68286761216.0000,3,0.003785,1,1.126000,,,,,,1.1259841046241892
2015-10-19,sh.000016,2329.3960,2346.3460,2303.1650,2318.4720,2323.7750,5322537984,62261180672.0000,3,0.003348,1,-0.228200,,,,,,-0.22820625921183835
2015-10-20,sh.000016,2312.5310,2337.7980,2297.7550,2337.0800,2318.4720,4669890560,53385978624.0000,3,0.002938,1,0.802600,,,,,,0.8025975728841894
2015-10-21,sh.000016,2338.7140,2369.3710,2268.8230,2340.3600,2337.0800,9767171840,101098778624.0000,3,0.006144,1,0.140300,,,,,,0.1403460728772732
2015-10-22,sh.000016,2306.0670,2337.4010,2297.0500,2331.7910,2340.3600,5465178112,58117036288.0000,3,0.003438,1,-0.366100,,,,,,-0.3661402519270496
2015-10-23,sh.000016,2334.5420,2350.1190,2319.7750,2343.9650,2331.7910,4885481216,55499002624.0000,3,0.003073,1,0.522100,,,,,,0.5220879572826131
2015-10-26,sh.000016,2366.8370,2381.7130,2340.4960,2350.0200,2343.9650,5279820800,65318857728.0000,3,0.003321,1,0.258300,,,,,,0.25832296983956393
2015-10-27,sh.000016,2343.8720,2353.6480,2302.0930,2349.9040,2350.0200,4664322048,55912464640.0000,3,0.002934,1,-0.004900,,,,,,-0.004936128203159029
2015-10-28,sh.000016,2338.3860,2342.4530,2308.5450,2310.7030,2349.9040,4093916208,46039202816.0000,3,0.002575,1,-1.668200,,,,,,-1.6681958071478653
2015-10-29,sh.000016,2317.4800,2323.4510,2301.3670,2307.3450,2310.7030,2925757904,33423652352.0000,3,0.001840,1,-0.145300,,,,,,-0.145323739139136
2015-10-30,sh.000016,2307.7590,2336.0390,2298.9740,2312.9740,2307.3450,3717355600,44039500288.0000,3,0.002338,1,0.244000,,,,,,0.2439600493207683
2015-11-02,sh.000016,2291.2520,2310.8280,2279.4690,2280.0920,2312.9740,3309899408,36611438848.0000,3,0.002082,1,-1.421600,,,,,,-1.4216329279965967
2015-11-03,sh.000016,2283.8020,2294.4150,2265.6730,2271.6530,2280.0920,2731711808,29524653568.0000,3,0.001718,1,-0.370100,,,,,,-0.3701166444161186
2015-11-04,sh.000016,2277.2000,2374.0190,2277.2000,2370.5030,2271.6530,6200030976,72905592832.0000,3,0.003900,1,4.351400,,,,,,4.351456846622281
2015-11-05,sh.000016,2368.6070,2503.6500,2365.8540,2440.6510,2370.5030,14874522112,182382022656.0000,3,0.009357,1,2.959200,,,,,,2.9592031733349344
2015-11-06,sh.000016,2430.6500,2501.4030,2427.2840,2493.4840,2440.6510,10219929856,127824384000.0000,3,0.006429,1,2.164700,,,,,,2.164709333698256
2015-11-09,sh.000016,2501.7250,2592.1940,2501.7250,2534.0840,2493.4840,13319083776,157351841792.0000,3,0.008379,1,1.628200,,,,,,1.6282438547831068
2015-11-10,sh.000016,2504.2530,2559.8270,2498.4570,2522.6830,2534.0840,9087222528,111933014016.0000,3,0.005717,1,-0.449900,,,,,,-0.4499061593853937
2015-11-11,sh.000016,2516.3460,2517.5060,2474.0430,2505.8300,2522.6830,6608939520,81052524544.0000,3,0.004158,1,-0.668100,,,,,,-0.6680585709738396
2015-11-12,sh.000016,2513.1070,2513.7010,2466.2910,2476.4290,2505.8300,5839126016,73592455168.0000,3,0.003673,1,-1.173300,,,,,,-1.1733038554091801
2015-11-13,sh.000016,2454.1780,2481.1750,2444.2030,2447.7730,2476.4290,5593073664,72056901632.0000,3,0.003519,1,-1.157200,,,,,,-1.1571500737553975
2015-11-16,sh.000016,2410.0390,2447.5000,2407.9430,2447.2930,2447.7730,4234411408,52138986496.0000,3,0.002664,1,-0.019600,,,,,,-0.01960966151681731
2015-11-17,sh.000016,2462.2170,2514.4630,2449.7400,2453.2570,2447.2930,6824470528,89093562368.0000,3,0.004293,1,0.243700,,,,,,0.243697832666534
2015-11-18,sh.000016,2455.5760,2473.4470,2433.4560,2439.4470,2453.2570,5987262720,72688332800.0000,3,0.003767,1,-0.562900,,,,,,-0.5629251236213717
2015-11-19,sh.000016,2444.8780,2469.0070,2436.8990,2468.4880,2439.4470,4194923408,48802526976.0000,3,0.002639,1,1.190500,,,,,,1.190474726444135
2015-11-20,sh.000016,2469.6990,2483.8910,2458.7790,2466.7570,2468.4880,4809942528,56175625728.0000,3,0.003026,1,-0.070100,,,,,,-0.0701238977057872
2015-11-23,sh.000016,2465.8110,2485.4150,2451.5480,2456.8400,2466.7570,4409032960,54186056960.0000,3,0.002774,1,-0.402000,,,,,,-0.4020258177031555
2015-11-24,sh.000016,2449.9730,2452.3520,2421.3920,2447.9040,2456.8400,4095241408,47603582720.0000,3,0.002576,1,-0.363700,,,,,,-0.36371924911675624
2015-11-25,sh.000016,2441.7280,2460.1840,2430.3500,2459.5630,2447.9040,4260289904,51769943296.0000,3,0.002680,1,0.476300,,,,,,0.4762850177131073
2015-11-26,sh.000016,2468.5190,2481.3900,2450.0950,2450.9620,2459.5630,4493662976,56095623424.0000,3,0.002827,1,-0.349700,,,,,,-0.3496962671824311
2015-11-27,sh.000016,2438.1790,2439.6990,2320.0660,2334.4400,2450.9620,5595359488,65740271616.0000,3,0.003520,1,-4.754100,,,,,,-4.754133275016093
2015-11-30,sh.000016,2325.0710,2347.8440,2280.6830,2336.2900,2334.4400,5256162816,55296921088.0000,3,0.003307,1,0.079300,,,,,,0.07924812803070669
2015-12-01,sh.000016,2334.1430,2365.1490,2314.7930,2344.8330,2336.2900,4193491104,43612910848.0000,3,0.002638,1,0.365700,,,,,,0.36566522135523805
2015-12-02,sh.000016,2341.4250,2463.9050,2337.0270,2458.4110,2344.8330,8167693312,86349471744.0000,3,0.005138,1,4.843800,,,,,,4.843756463679938
2015-12-03,sh.000016,2441.9060,2481.5370,2422.5590,2461.4490,2458.4110,8174400000,76165001216.0000,3,0.005142,1,0.123600,,,,,,0.12357575686083866
2015-12-04,sh.000016,2438.3860,2442.2480,2392.8840,2397.5620,2461.4490,4783854080,47769842688.0000,3,0.003009,1,-2.595500,,,,,,-2.5955037053377983
2015-12-07,sh.000016,2398.0880,2404.9120,2379.5460,2395.5840,2397.5620,2917439504,31915980544.0000,3,0.001835,1,-0.082500,,,,,,-0.08250047339756206
2015-12-08,sh.000016,2381.6750,2386.2770,2356.9300,2364.3440,2395.5840,3381369408,37192972544.0000,3,0.002127,1,-1.304100,,,,,,-1.304066148379679
2015-12-09,sh.000016,2357.8760,2386.2810,2356.9390,2369.7380,2364.3440,2842059200,32031217408.0000,3,0.001788,1,0.228100,,,,,,0.2281393908838858
2015-12-10,sh.000016,2369.5880,2402.6880,2353.2170,2357.2090,2369.7380,3199761808,36125750528.0000,3,0.002013,1,-0.528700,,,,,,-0.5287082369443419
2015-12-11,sh.000016,2346.8630,2357.0800,2324.6250,2342.4530,2357.2090,3159044896,36142268928.0000,3,0.001987,1,-0.626000,,,,,,-0.625994555425502
2015-12-14,sh.000016,2319.1980,2418.5640,2316.9020,2414.9170,2342.4530,4748665344,59498180608.0000,3,0.002972,1,3.093500,,,,,,3.093509240100012
2015-12-15,sh.000016,2408.1530,2410.0860,2377.0660,2383.8320,2414.9170,3460835296,44351837440.0000,3,0.002166,1,-1.287200,,,,,,-1.2872078005165433
2015-12-16,sh.000016,2389.2520,2394.1710,2371.4280,2376.5350,2383.8320,2849092304,33463611648.0000,3,0.001783,1,-0.306100,,,,,,-0.30610378583725284
2015-12-17,sh.000016,2391.4020,2424.9040,2386.0880,2408.3210,2376.5350,4403511808,52238794752.0000,3,0.002756,1,1.337500,,,,,,1.3374934516007464
2015-12-18,sh.000016,2405.8570,2466.3460,2404.1520,2422.8350,2408.3210,5396733440,61122604288.0000,3,0.003377,1,0.602700,,,,,,0.6026605257355655
2015-12-21,sh.000016,2415.6300,2513.4860,2414.8380,2500.0640,2422.8350,7367108608,85785186304.0000,3,0.004610,1,3.187500,,,,,,3.187546820150766
2015-12-22,sh.000016,2499.6580,2506.8700,2477.6670,2496.0540,2500.0640,5124880384,64840180736.0000,3,0.003207,1,-0.160400,,,,,,-0.16039589386510622
2015-12-23,sh.000016,2497.3660,2550.8990,2492.4250,2503.0590,2496.0540,6818885632,90512019456.0000,3,0.004267,1,0.280600,,,,,,0.28064296685890167
2015-12-24,sh.000016,2498.7680,2505.7030,2451.4500,2481.7540,2503.0590,4830384128,61250645760.0000,3,0.003023,1,-0.851200,,,,,,-0.8511585224319607
2015-12-25,sh.000016,2483.6570,2496.8380,2474.3270,2492.3360,2481.7540,2962302400,37440811264.0000,3,0.001854,1,0.426400,,,,,,0.42639197922114125
2015-12-28,sh.000016,2498.7810,2502.3330,2411.2090,2411.4080,2492.3360,4820059136,56480251648.0000,3,0.003016,1,-3.247100,,,,,,-3.247074230761815
2015-12-29,sh.000016,2408.9250,2435.6210,2405.1700,2432.8800,2411.4080,2759730608,32289796864.0000,3,0.001727,1,0.890400,,,,,,0.8904341364049717
2015-12-30,sh.000016,2432.1830,2434.5210,2399.9200,2432.7730,2432.8800,2842066208,34438639872.0000,3,0.001778,1,-0.004400,,,,,,-0.0043980796422316
2015-12-31,sh.000016,2426.8110,2437.7160,2409.7570,2420.8010,2432.7730,2997272208,34587023360.0000,3,0.001876,1,-0.492100,,,,,,-0.49211332088937576
2016-01-04,sh.000016,2417.0250,2417.0250,2269.9670,2270.4610,2420.8010,3462085104,37753719808.0000,3,0.002166,1,-6.210300,,,,,,-6.210341122628426
2016-01-05,sh.000016,2230.0800,2309.5940,2223.0520,2288.1130,2270.4610,4807596288,51045135616.0000,3,0.003008,1,0.777500,,,,,,0.777463255259625
2016-01-06,sh.000016,2284.9230,2321.1690,2274.4680,2317.6470,2288.1130,3808882000,39894992640.0000,3,0.002383,1,1.290800,,,,,,1.2907579302245953
2016-01-07,sh.000016,2281.8810,2281.9340,2171.3150,2180.5890,2317.6470,1108157504,11474807552.0000,3,0.000692,1,-5.913700,,,,,,-5.91367020085457
2016-01-08,sh.000016,2225.4750,2257.4100,2154.5820,2219.6120,2180.5890,5152593152,53797582080.0000,3,0.003215,1,1.789600,,,,,,1.789562361362007
2016-01-11,sh.000016,2182.8460,2202.3230,2119.7020,2120.2340,2219.6120,4848350464,48888155648.0000,3,0.003025,1,-4.477300,,,,,,-4.477269000167605
2016-01-12,sh.000016,2135.9390,2151.3990,2115.3650,2131.3680,2120.2340,3514437408,36195368704.0000,3,0.002193,1,0.525100,,,,,,0.5251307167039032
2016-01-13,sh.000016,2152.7170,2157.5080,2104.9310,2105.5070,2131.3680,3202494400,32986276096.0000,3,0.001998,1,-1.213300,,,,,,-1.2133521756918508
2016-01-14,sh.000016,2056.4080,2136.0630,2052.2960,2132.0760,2105.5070,3663096496,35415650816.0000,3,0.002285,1,1.261900,,,,,,1.261881342593485
2016-01-15,sh.000016,2119.5620,2128.9480,2058.6970,2070.9280,2132.0760,3464162304,33603671296.0000,3,0.002161,1,-2.868000,,,,,,-2.8680028291674486
2016-01-18,sh.000016,2040.4060,2092.4020,2039.0510,2069.2750,2070.9280,2680609504,25299830016.0000,3,0.001672,1,-0.079800,,,,,,-0.07981928874397637
2016-01-19,sh.000016,2075.1860,2135.3620,2060.2810,2128.5740,2069.2750,3722216800,37594149888.0000,3,0.002322,1,2.865700,,,,,,2.8656896739196025
2016-01-20,sh.000016,2115.1260,2124.1510,2076.1650,2088.7230,2128.5740,3922114496,39259455232.0000,3,0.002447,1,-1.872200,,,,,,-1.8721923691635833
2016-01-21,sh.000016,2069.3860,2112.7340,2040.5270,2040.9780,2088.7230,3435451504,32473758464.0000,3,0.002143,1,-2.285800,,,,,,-2.285846423867588
2016-01-22,sh.000016,2062.6260,2074.1660,2026.2700,2061.9620,2040.9780,2706519600,25575155456.0000,3,0.001689,1,1.028100,,,,,,1.0281345511808482
2016-01-25,sh.000016,2067.5630,2074.8950,2049.2540,2065.4440,2061.9620,2174107408,19964754944.0000,3,0.001356,1,0.168900,,,,,,0.16886829146220972
2016-01-26,sh.000016,2046.0400,2050.4460,1944.9060,1951.6140,2065.4440,3775143696,34523878656.0000,3,0.002355,1,-5.511200,,,,,,-5.511163701363964
2016-01-27,sh.000016,1961.3990,1972.1640,1908.0380,1953.4650,1951.6140,3930266400,34956352512.0000,3,0.002452,1,0.094800,,,,,,0.09484457479809194
2016-01-28,sh.000016,1943.8260,1960.9460,1900.3520,1912.7210,1953.4650,2971655296,26312112384.0000,3,0.001854,1,-2.085700,,,,,,-2.085729716171003
2016-01-29,sh.000016,1915.1270,1986.7210,1914.3960,1973.0050,1912.7210,3824287696,33961257216.0000,3,0.002386,1,3.151700,,,,,,3.1517403740535244
2016-02-01,sh.000016,1970.2140,1973.1000,1917.2400,1937.0730,1973.0050,2733516000,23805513216.0000,3,0.001705,1,-1.821200,,,,,,-1.8211813958910361
2016-02-02,sh.000016,1935.2160,1978.2860,1934.9070,1969.6160,1937.0730,2615654000,23459043328.0000,3,0.001632,1,1.680000,,,,,,1.680008961975088
2016-02-03,sh.000016,1947.8330,1955.0890,1929.8150,1952.3670,1969.6160,2197008000,19391561472.0000,3,0.001371,1,-0.875800,,,,,,-0.8757544617834179
2016-02-04,sh.000016,1962.8660,1983.2520,1960.1300,1974.2360,1952.3670,2502030496,22994238208.0000,3,0.001561,1,1.120100,,,,,,1.120127517008851
2016-02-05,sh.000016,1970.6880,1979.3910,1962.2330,1967.2600,1974.2360,2045579504,20020499456.0000,3,0.001276,1,-0.353300,,,,,,-0.3533518789040513
2016-02-15,sh.000016,1916.4240,1958.2200,1914.4940,1948.2750,1967.2600,1889323104,17604887296.0000,3,0.001179,1,-0.965000,,,,,,-0.9650478330266443
2016-02-16,sh.000016,1957.9150,2005.4160,1957.5360,2000.9030,1948.2750,3060729104,26813072640.0000,3,0.001910,1,2.701300,,,,,,2.7012613722395384
2016-02-17,sh.000016,1997.6790,2020.0840,1993.8950,2014.4430,2000.9030,3437354800,30392064256.0000,3,0.002145,1,0.676700,,,,,,0.6766944724456936
2016-02-18,sh.000016,2022.5500,2034.1610,2007.2160,2009.2730,2014.4430,3093860704,28583893760.0000,3,0.001930,1,-0.256600,,,,,,-0.25664662638754665
2016-02-19,sh.000016,2005.4130,2013.7810,1993.0460,2004.1070,2009.2730,2163929008,19326968832.0000,3,0.001350,1,-0.257100,,,,,,-0.2571079191329373
2016-02-22,sh.000016,2025.1800,2064.6100,2016.3640,2053.8630,2004.1070,3905928400,36475281152.0000,3,0.002437,1,2.482700,,,,,,2.4827017719113664
2016-02-23,sh.000016,2051.5670,2051.5670,2013.9810,2029.5220,2053.8630,2687619104,25027930112.0000,3,0.001677,1,-1.185100,,,,,,-1.1851326013468277
2016-02-24,sh.000016,2020.5920,2041.8830,2009.3490,2041.3880,2029.5220,2622891696,24061303040.0000,3,0.001636,1,0.584700,,,,,,0.5846696906956383
2016-02-25,sh.000016,2038.1600,2038.1810,1925.1950,1932.6020,2041.3880,4245956304,36399666688.0000,3,0.002649,1,-5.329000,,,,,,-5.329021234571762
2016-02-26,sh.000016,1946.9610,1965.9150,1929.9990,1955.3950,1932.6020,2630676400,22745281280.0000,3,0.001641,1,1.179400,,,,,,1.1793944123001054
2016-02-29,sh.000016,1951.6760,1953.3180,1891.0980,1944.6110,1955.3950,3916158304,33168529408.0000,3,0.002443,1,-0.551500,,,,,,-0.551499824843571
2016-03-01,sh.000016,1944.5620,1988.5670,1931.9800,1973.1940,1944.6110,2959585904,27992084224.0000,3,0.001846,1,1.469900,,,,,,1.4698569533958095
2016-03-02,sh.000016,1980.4620,2045.8250,1979.1740,2043.4070,1973.1940,5097880320,46820915712.0000,3,0.003181,1,3.558300,,,,,,3.558342464045605
2016-03-03,sh.000016,2043.3740,2057.1630,2031.5360,2053.2730,2043.4070,4547667200,43399574272.0000,3,0.002837,1,0.482800,,,,,,0.48282109242065996
2016-03-04,sh.000016,2045.1150,2128.5690,2040.0830,2122.2690,2053.2730,8595312640,78672195584.0000,3,0.005363,1,3.360300,,,,,,3.3602935410926627
2016-03-07,sh.000016,2122.5520,2133.5570,2097.7770,2107.6730,2122.2690,4005873200,38149431808.0000,3,0.002499,1,-0.687800,,,,,,-0.6877544741029529
2016-03-08,sh.000016,2102.2480,2118.0420,2037.2940,2115.1580,2107.6730,3900335504,35705183488.0000,3,0.002433,1,0.355100,,,,,,0.3551309904335387
2016-03-09,sh.000016,2073.2720,2112.8590,2053.8370,2111.9190,2115.1580,3808329008,34644426496.0000,3,0.002376,1,-0.153100,,,,,,-0.15313276833219813
2016-03-10,sh.000016,2089.8610,2102.9860,2060.0640,2061.4510,2111.9190,2087298096,19900998912.0000,3,0.001302,1,-2.389700,,,,,,-2.389674982799994
2016-03-11,sh.000016,2043.2500,2071.0910,2039.5850,2070.7240,2061.4510,2444346096,23904780800.0000,3,0.001525,1,0.449800,,,,,,0.449828785646611
2016-03-14,sh.000016,2079.9070,2117.8310,2071.1220,2078.4100,2070.7240,3511461696,35565111296.0000,3,0.002191,1,0.371200,,,,,,0.3711745263975219
2016-03-15,sh.000016,2077.5080,2105.0380,2055.3230,2101.1170,2078.4100,3464713104,32999424512.0000,3,0.002162,1,1.092500,,,,,,1.0925178381551381
2016-03-16,sh.000016,2087.2790,2142.1600,2084.7670,2136.1280,2101.1170,6038157824,57696394752.0000,3,0.003767,1,1.666300,,,,,,1.6663041610724294
2016-03-17,sh.000016,2135.0590,2156.8910,2113.4360,2131.4810,2136.1280,3807790208,38825808128.0000,3,0.002376,1,-0.217500,,,,,,-0.21754314348203518
2016-03-18,sh.000016,2140.2670,2165.1470,2131.3830,2141.1770,2131.4810,6225762304,60631656448.0000,3,0.003884,1,0.454900,,,,,,0.4548949767790633
2016-03-21,sh.000016,2156.9510,2214.6430,2154.4860,2193.3850,2141.1770,7826466560,85196918784.0000,3,0.004883,1,2.438300,,,,,,2.438285111413019
2016-03-22,sh.000016,2181.9850,2196.3680,2167.4300,2173.2560,2193.3850,5053124608,54395174912.0000,3,0.003153,1,-0.917700,,,,,,-0.9177139444283777
2016-03-23,sh.000016,2170.1630,2186.0200,2159.4560,2175.2830,2173.2560,3524766400,38676054528.0000,3,0.002196,1,0.093300,,,,,,0.0932701899822197
2016-03-24,sh.000016,2161.1710,2161.1710,2137.1900,2137.5900,2175.2830,3387992704,36127200256.0000,3,0.002111,1,-1.732800,,,,,,-1.7327860328977818
2016-03-25,sh.000016,2137.1540,2156.8040,2135.5280,2149.2040,2137.5900,2278104896,25542245376.0000,3,0.001419,1,0.543300,,,,,,0.5433221525175558
2016-03-28,sh.000016,2152.8070,2166.9220,2116.9800,2123.0350,2149.2040,2590590608,27760610560.0000,3,0.001614,1,-1.217600,,,,,,-1.2176135908922747
2016-03-29,sh.000016,2127.8040,2133.8090,2100.9190,2106.8620,2123.0350,2565460400,26393057792.0000,3,0.001598,1,-0.761800,,,,,,-0.7617867816592683
2016-03-30,sh.000016,2124.5310,2160.4970,2124.0890,2157.5300,2106.8620,3563382896,34688338432.0000,3,0.002220,1,2.404900,,,,,,2.4049035959640586
2016-03-31,sh.000016,2166.4210,2171.7930,2149.2440,2156.5410,2157.5300,3228183696,32777718784.0000,3,0.002011,1,-0.045800,,,,,,-0.04583945530305389
2016-04-01,sh.000016,2156.7760,2168.3330,2124.1260,2167.7820,2156.5410,3490389808,32422110976.0000,3,0.002175,1,0.521200,,,,,,0.521251392855504
2016-04-05,sh.000016,2151.3690,2186.9170,2147.0880,2180.2620,2167.7820,3887452096,37084444416.0000,3,0.002422,1,0.575700,,,,,,0.5757036454772768
2016-04-06,sh.000016,2167.4490,2176.9010,2156.5150,2168.0370,2180.2620,2834967808,27380831232.0000,3,0.001766,1,-0.560700,,,,,,-0.5607124281393872
2016-04-07,sh.000016,2174.8830,2177.1220,2138.3280,2139.4040,2168.0370,2583304400,25519469312.0000,3,0.001610,1,-1.320700,,,,,,-1.3206877926898786
2016-04-08,sh.000016,2125.4490,2132.7280,2114.2650,2123.8040,2139.4040,2282274704,23132415488.0000,3,0.001422,1,-0.729200,,,,,,-0.7291750412731779
2016-04-11,sh.000016,2140.5640,2167.6470,2140.5640,2148.4390,2123.8040,3021250400,33903808512.0000,3,0.001882,1,1.159900,,,,,,1.159946963090741
2016-04-12,sh.000016,2147.8110,2150.5710,2135.2890,2143.8960,2148.4390,1939219808,19123929088.0000,3,0.001208,1,-0.211500,,,,,,-0.2114558523653498
2016-04-13,sh.000016,2157.2120,2197.7430,2157.2120,2171.3150,2143.8960,5111446784,51256822272.0000,3,0.003185,1,1.278900,,,,,,1.2789333064663566
2016-04-14,sh.000016,2183.1210,2190.8710,2166.6340,2178.8680,2171.3150,2487885600,25373585664.0000,3,0.001550,1,0.347900,,,,,,0.34785371998073966
2016-04-15,sh.000016,2182.1140,2190.7300,2172.9700,2182.0670,2178.8680,2381886000,25223151104.0000,3,0.001484,1,0.146800,,,,,,0.146819357574679
2016-04-18,sh.000016,2166.0030,2168.8970,2154.3810,2158.2300,2182.0670,2441091808,25800374528.0000,3,0.001521,1,-1.092400,,,,,,-1.092404587026885
2016-04-19,sh.000016,2169.8940,2173.0860,2156.1830,2163.6070,2158.2300,1839065008,19323712000.0000,3,0.001146,1,0.249100,,,,,,0.24913934103407698
2016-04-20,sh.000016,2166.2840,2169.6500,2093.8180,2154.8860,2163.6070,4756525824,48235896320.0000,3,0.002964,1,-0.403100,,,,,,-0.40307689890076714
2016-04-21,sh.000016,2138.2870,2171.4510,2129.9120,2147.7180,2154.8860,3062895104,32429379584.0000,3,0.001908,1,-0.332600,,,,,,-0.33263940644656653
2016-04-22,sh.000016,2135.9190,2161.7980,2133.8100,2157.7240,2147.7180,2019856896,21289913344.0000,3,0.001258,1,0.465900,,,,,,0.46588984214874785
2016-04-25,sh.000016,2149.2500,2156.5300,2130.3030,2148.2800,2157.7240,1715607104,19007263488.0000,3,0.001069,1,-0.437700,,,,,,-0.43768341085328455
2016-04-26,sh.000016,2146.4130,2163.2400,2140.5750,2155.7910,2148.2800,1544429008,16801368064.0000,3,0.000961,1,0.349600,,,,,,0.3496285400413246
2016-04-27,sh.000016,2157.8590,2159.1250,2143.8980,2145.3800,2155.7910,1452080096,15736109056.0000,3,0.000903,1,-0.482900,,,,,,-0.4829317869867733
2016-04-28,sh.000016,2149.0650,2155.5690,2131.8600,2142.0570,2145.3800,1735810608,17850408192.0000,3,0.001080,1,-0.154900,,,,,,-0.15489097502542348
2016-04-29,sh.000016,2136.8440,2146.3240,2134.1900,2135.5090,2142.0570,1594853808,17090293248.0000,3,0.000992,1,-0.305700,,,,,,-0.3056874770372531
2016-05-03,sh.000016,2136.1980,2167.7260,2131.3830,2158.2720,2135.5090,2581521504,27269576960.0000,3,0.001606,1,1.065900,,,,,,1.0659285444360123
2016-05-04,sh.000016,2152.4340,2159.6470,2147.7600,2152.9340,2158.2720,1742689296,18144467968.0000,3,0.001084,1,-0.247300,,,,,,-0.24732749162291734
2016-05-05,sh.000016,2149.4660,2155.4710,2145.1070,2152.8820,2152.9340,1477745200,14787713024.0000,3,0.000919,1,-0.002400,,,,,,-0.0024153085974809585
2016-05-06,sh.000016,2152.5020,2153.8730,2106.4440,2107.0090,2152.8820,2464227504,25367200256.0000,3,0.001533,1,-2.130800,,,,,,-2.13077168186645
2016-05-09,sh.000016,2100.6430,2100.6430,2064.6860,2072.4670,2107.0090,2402225296,22941013760.0000,3,0.001494,1,-1.639400,,,,,,-1.6393854985906509
2016-05-10,sh.000016,2061.9890,2084.6970,2061.9890,2072.3820,2072.4670,1716574608,17240679424.0000,3,0.001068,1,-0.004100,,,,,,-0.004101392205524412
2016-05-11,sh.000016,2078.2870,2089.1170,2068.6500,2078.4130,2072.3820,1805863296,18032556288.0000,3,0.001123,1,0.291000,,,,,,0.2910177756803467
2016-05-12,sh.000016,2067.7470,2089.6490,2055.5110,2084.8380,2078.4130,1792753008,17443294976.0000,3,0.001115,1,0.309100,,,,,,0.3091300910839312
2016-05-13,sh.000016,2079.6450,2089.8350,2072.2600,2076.1880,2084.8380,1528786896,15135709696.0000,3,0.000951,1,-0.414900,,,,,,-0.4149003423767228
2016-05-16,sh.000016,2068.9240,2082.8650,2064.6790,2082.6160,2076.1880,1357924400,13252817408.0000,3,0.000841,1,0.309600,,,,,,0.3096058738418561
2016-05-17,sh.000016,2081.5690,2083.8530,2069.2730,2075.4650,2082.6160,1485096304,13798390784.0000,3,0.000920,1,-0.343400,,,,,,-0.34336622785956505
2016-05-18,sh.000016,2067.7160,2081.8510,2053.7160,2078.7590,2075.4650,2303711200,22436931072.0000,3,0.001427,1,0.158700,,,,,,0.15871142129595395
2016-05-19,sh.000016,2072.3670,2083.1320,2069.9030,2073.8040,2078.7590,1405000608,13350531072.0000,3,0.000870,1,-0.238400,,,,,,-0.23836336968354743
2016-05-20,sh.000016,2067.4640,2083.5120,2064.4420,2083.1170,2073.8040,1389017200,13661635840.0000,3,0.000860,1,0.449100,,,,,,0.44907811924368435
2016-05-23,sh.000016,2082.9720,2095.1690,2077.9370,2082.4120,2083.1170,1447921104,14371087104.0000,3,0.000897,1,-0.033800,,,,,,-0.03384351431054977
2016-05-24,sh.000016,2080.0140,2080.0690,2062.4980,2066.6430,2082.4120,1310444304,12004955648.0000,3,0.000812,1,-0.757200,,,,,,-0.7572468848623504
2016-05-25,sh.000016,2079.4820,2084.1340,2068.6810,2071.9070,2066.6430,1128499696,11048976128.0000,3,0.000698,1,0.254700,,,,,,0.25471259428939685
2016-05-26,sh.000016,2070.2370,2083.0570,2062.1700,2076.1370,2071.9070,1312651200,12358055424.0000,3,0.000812,1,0.204200,,,,,,0.20415974269114567
2016-05-27,sh.000016,2075.2070,2080.4890,2069.5180,2074.9200,2076.1370,1057749200,9750472448.0000,3,0.000655,1,-0.058600,,,,,,-0.05861848230632738
2016-05-30,sh.000016,2076.9330,2093.7740,2065.6350,2092.1610,2074.9200,1771438496,15915924992.0000,3,0.001096,1,0.830900,,,,,,0.8309236018738009
2016-05-31,sh.000016,2092.2160,2158.1220,2092.2160,2155.6560,2092.1610,4065174208,40508297984.0000,3,0.002516,1,3.034900,,,,,,3.0349002777510847
2016-06-01,sh.000016,2155.5040,2158.7150,2138.5570,2138.9630,2155.6560,2547332400,25762502144.0000,3,0.001577,1,-0.774400,,,,,,-0.7743814411946826
2016-06-02,sh.000016,2138.2080,2144.3190,2129.9410,2137.6520,2138.9630,1635666608,16575051008.0000,3,0.001012,1,-0.061300,,,,,,-0.06129138278689883
2016-06-03,sh.000016,2146.5570,2157.0680,2135.5330,2152.6370,2137.6520,2052615200,22672475392.0000,3,0.001270,1,0.701000,,,,,,0.7010027824921883
2016-06-06,sh.000016,2148.9630,2151.0590,2131.9180,2136.3230,2152.6370,1365883696,14937594368.0000,3,0.000845,1,-0.757900,,,,,,-0.7578611721344664
2016-06-07,sh.000016,2141.6520,2145.7140,2134.6060,2139.0690,2136.3230,1406849104,14201054208.0000,3,0.000871,1,0.128500,,,,,,0.12853861518131726
2016-06-08,sh.000016,2137.1810,2138.8470,2124.8360,2132.9630,2139.0690,1640579104,16913874944.0000,3,0.001015,1,-0.285500,,,,,,-0.2854512874526094
2016-06-13,sh.000016,2113.9120,2122.4600,2083.2880,2084.3000,2132.9630,2102877104,21548598528.0000,3,0.001310,1,-2.281500,,,,,,-2.281474174657505
2016-06-14,sh.000016,2080.9030,2098.0640,2079.3950,2095.0230,2084.3000,1535492400,15175834112.0000,3,0.000956,1,0.514500,,,,,,0.514465288106325
2016-06-15,sh.000016,2073.4690,2115.3760,2073.0980,2106.6310,2095.0230,1954992496,19789057280.0000,3,0.001218,1,0.554100,,,,,,0.5540750626603863
2016-06-16,sh.000016,2095.3620,2105.2530,2091.4900,2094.8150,2106.6310,1796886096,17158684672.0000,3,0.001119,1,-0.560900,,,,,,-0.5608955721243869
2016-06-17,sh.000016,2093.6920,2115.4170,2093.6920,2102.2010,2094.8150,1784608208,16777643008.0000,3,0.001111,1,0.352600,,,,,,0.3525848344603233
2016-06-20,sh.000016,2109.5670,2110.8860,2092.8290,2104.2200,2102.2010,1209116000,11798703360.0000,3,0.000753,1,0.096000,,,,,,0.09604219577479256
2016-06-21,sh.000016,2108.8660,2130.9000,2100.0610,2104.5580,2104.2200,1769990496,18104606976.0000,3,0.001102,1,0.016100,,,,,,0.016062959196294635
2016-06-22,sh.000016,2101.0540,2116.2970,2098.6320,2115.7690,2104.5580,1354873296,12787840768.0000,3,0.000844,1,0.532700,,,,,,0.5327009281758777
2016-06-23,sh.000016,2114.7740,2114.7740,2098.3580,2105.5320,2115.7690,1528234496,14035828480.0000,3,0.000951,1,-0.483800,,,,,,-0.48384299042095735
2016-06-24,sh.000016,2099.9980,2112.6090,2052.9840,2076.3000,2105.5320,2260783008,21619299328.0000,3,0.001406,1,-1.388300,,,,,,-1.3883427086361033
2016-06-27,sh.000016,2070.9410,2096.1990,2070.8240,2095.8930,2076.3000,1648846704,17695450880.0000,3,0.001024,1,0.943700,,,,,,0.9436497615951334
2016-06-28,sh.000016,2089.3480,2104.4790,2084.1810,2102.0530,2095.8930,1758820608,18316272896.0000,3,0.001092,1,0.293900,,,,,,0.2939081336690297
2016-06-29,sh.000016,2105.7630,2124.2930,2104.2340,2122.9700,2102.0530,2945572608,27166106368.0000,3,0.001829,1,0.995100,,,,,,0.9950748149547106
2016-06-30,sh.000016,2123.8670,2130.9780,2120.4080,2122.6330,2122.9700,2035451696,20359578368.0000,3,0.001264,1,-0.015900,,,,,,-0.015873987856629412
2016-07-01,sh.000016,2124.4000,2133.3500,2122.8650,2127.0940,2122.6330,1613280400,16184477952.0000,3,0.001002,1,0.210200,,,,,,0.2101635091888321
2016-07-04,sh.000016,2121.8970,2169.6200,2120.4930,2163.2920,2127.0940,3086203104,31651790080.0000,3,0.001916,1,1.701800,,,,,,1.7017583614076237
2016-07-05,sh.000016,2162.0940,2174.4240,2159.9000,2168.8550,2163.2920,3230772800,29936900352.0000,3,0.002006,1,0.257200,,,,,,0.2571543739818827
2016-07-06,sh.000016,2161.5770,2169.4640,2149.0360,2167.1010,2168.8550,2453844896,23724878336.0000,3,0.001523,1,-0.080900,,,,,,-0.08087216526692087
2016-07-07,sh.000016,2161.3590,2173.7050,2153.7730,2166.8840,2167.1010,2697771008,26449562880.0000,3,0.001675,1,-0.010000,,,,,,-0.010013377318363048
2016-07-08,sh.000016,2156.3850,2158.7710,2147.1400,2148.7610,2166.8840,1935878896,20096990464.0000,3,0.001202,1,-0.836400,,,,,,-0.8363622602778897
2016-07-11,sh.000016,2152.7390,2175.2440,2150.3700,2155.7160,2148.7610,2860924496,29698288640.0000,3,0.001773,1,0.323700,,,,,,0.3236748991628069
2016-07-12,sh.000016,2156.6310,2201.6290,2156.5920,2200.3480,2155.7160,4025373296,40015835136.0000,3,0.002495,1,2.070400,,,,,,2.070402594775933
2016-07-13,sh.000016,2195.9810,2222.2520,2191.5860,2197.7880,2200.3480,4327979776,41817570048.0000,3,0.002683,1,-0.116300,,,,,,-0.1163452326631953
2016-07-14,sh.000016,2195.3380,2199.8400,2184.4950,2195.2270,2197.7880,2415254304,23660169216.0000,3,0.001496,1,-0.116500,,,,,,-0.11652625275959672
2016-07-15,sh.000016,2196.9540,2200.8760,2186.3650,2192.3940,2195.2270,2158522704,21378466048.0000,3,0.001337,1,-0.129100,,,,,,-0.12905271299961107
2016-07-18,sh.000016,2190.4690,2205.7950,2184.0530,2187.9830,2192.3940,2952718000,28441558784.0000,3,0.001827,1,-0.201200,,,,,,-0.20119558801928727
2016-07-19,sh.000016,2188.8000,2193.5720,2163.3150,2175.3970,2187.9830,2180913504,21347839744.0000,3,0.001350,1,-0.575200,,,,,,-0.5752329885561402
2016-07-20,sh.000016,2173.5460,2177.9950,2163.1090,2167.1210,2175.3970,1456192608,14688862208.0000,3,0.000901,1,-0.380400,,,,,,-0.3804363065683991
2016-07-21,sh.000016,2168.4760,2185.6160,2168.4760,2177.7780,2167.1210,1804675408,18997293056.0000,3,0.001117,1,0.491800,,,,,,0.4917584205035075
2016-07-22,sh.000016,2175.9750,2177.4360,2154.3570,2157.2320,2177.7780,1838919008,17796929536.0000,3,0.001138,1,-0.943400,,,,,,-0.9434386792409377
2016-07-25,sh.000016,2155.3230,2167.5090,2152.0890,2159.5530,2157.2310,1452814400,13822559744.0000,3,0.000899,1,0.107600,,,,,,0.10759158032145333
2016-07-26,sh.000016,2156.8120,2183.0590,2156.7730,2182.5050,2159.5530,1840605104,19332969216.0000,3,0.001139,1,1.062800,,,,,,1.0628125357423635
2016-07-27,sh.000016,2182.7200,2186.0830,2125.2660,2173.9720,2182.5050,3793480608,37415328512.0000,3,0.002348,1,-0.391000,,,,,,-0.390972758367103
2016-07-28,sh.000016,2160.1620,2173.0810,2153.8910,2163.8080,2173.9720,2587542304,24628707584.0000,3,0.001601,1,-0.467500,,,,,,-0.467531320550596
2016-07-29,sh.000016,2163.6400,2166.8480,2151.9260,2155.2380,2163.8080,1871473008,17188355328.0000,3,0.001158,1,-0.396100,,,,,,-0.39606101835283347
2016-08-01,sh.000016,2151.5420,2155.7890,2136.1120,2147.5580,2155.2380,2015539600,18590040064.0000,3,0.001247,1,-0.356300,,,,,,-0.3563411558259344
2016-08-02,sh.000016,2145.8200,2151.2920,2138.1890,2148.4540,2147.5580,1259211104,12398906880.0000,3,0.000779,1,0.041700,,,,,,0.041721806815009366
2016-08-03,sh.000016,2140.1520,2149.8940,2136.6040,2145.7870,2148.4540,1530689296,14032573184.0000,3,0.000947,1,-0.124100,,,,,,-0.12413577391000574
2016-08-04,sh.000016,2145.6580,2146.5970,2130.1740,2143.8430,2145.7870,1495566304,13767786496.0000,3,0.000926,1,-0.090600,,,,,,-0.09059613093005403
2016-08-05,sh.000016,2142.3350,2159.1370,2137.3120,2148.6810,2143.8430,1616443408,15610789120.0000,3,0.001000,1,0.225700,,,,,,0.22566951031397497
2016-08-08,sh.000016,2147.6960,2159.9520,2137.5170,2159.6720,2148.6810,1677574000,16057771520.0000,3,0.001038,1,0.511500,,,,,,0.511523115809176
2016-08-09,sh.000016,2159.3100,2176.6960,2157.7630,2175.3450,2159.6720,2282474496,21066193408.0000,3,0.001413,1,0.725700,,,,,,0.725712052570926
2016-08-10,sh.000016,2175.1330,2179.6110,2169.1290,2170.1020,2175.3450,1739101904,16953325056.0000,3,0.001076,1,-0.241000,,,,,,-0.24101924062619462
2016-08-11,sh.000016,2168.1330,2205.8750,2168.1330,2177.0640,2170.1020,2658516608,27452382976.0000,3,0.001645,1,0.320800,,,,,,0.3208144133317159
2016-08-12,sh.000016,2177.8010,2222.6900,2175.8540,2222.4880,2177.0640,3443001200,33399544064.0000,3,0.002131,1,2.086500,,,,,,2.0864797727581763
2016-08-15,sh.000016,2227.0780,2310.2770,2225.6220,2287.6550,2222.4880,6374530816,70155321344.0000,3,0.003945,1,2.932200,,,,,,2.9321643131481556
2016-08-16,sh.000016,2293.8110,2302.3310,2253.4140,2257.6980,2287.6550,6124943360,60087460352.0000,3,0.003791,1,-1.309500,,,,,,-1.3095068968004497
2016-08-17,sh.000016,2260.9250,2270.3700,2241.9420,2253.7360,2257.6980,3084886608,32673544960.0000,3,0.001909,1,-0.175500,,,,,,-0.1754884842879778
2016-08-18,sh.000016,2253.1170,2274.4540,2235.0460,2244.7190,2253.7360,3388044800,37432377088.0000,3,0.002097,1,-0.400100,,,,,,-0.4000912263015688
2016-08-19,sh.000016,2241.6720,2254.4900,2230.3290,2249.3410,2244.7190,2890069296,28754463488.0000,3,0.001789,1,0.205900,,,,,,0.2059055053216019
2016-08-22,sh.000016,2249.0790,2253.5940,2235.0110,2237.1270,2249.3410,2619306000,24905153792.0000,3,0.001621,1,-0.543000,,,,,,-0.5430034841315767
2016-08-23,sh.000016,2235.3900,2256.3280,2232.4440,2241.9510,2237.1270,2302390304,21968325888.0000,3,0.001425,1,0.215600,,,,,,0.2156337123462304
2016-08-24,sh.000016,2242.9090,2244.8790,2227.5550,2232.2130,2241.9510,1812178704,18160277248.0000,3,0.001122,1,-0.434400,,,,,,-0.4343538284288906
2016-08-25,sh.000016,2224.5120,2225.9990,2205.0100,2222.1520,2232.2130,2181910400,21100844032.0000,3,0.001350,1,-0.450700,,,,,,-0.4507186366175642
2016-08-26,sh.000016,2223.3070,2232.2940,2215.6240,2219.3070,2222.1520,1643096496,16358841344.0000,3,0.001017,1,-0.128000,,,,,,-0.128029045717859
2016-08-29,sh.000016,2219.0190,2220.1260,2205.1210,2214.2590,2219.3070,1985201200,20336544768.0000,3,0.001229,1,-0.227500,,,,,,-0.22745839129060252
2016-08-30,sh.000016,2215.8400,2229.8330,2215.6850,2224.0620,2214.2590,1984669200,20353643520.0000,3,0.001228,1,0.442700,,,,,,0.4427214702525717
2016-08-31,sh.000016,2222.0190,2237.6590,2218.6520,2232.7110,2224.0620,1695555200,19008422912.0000,3,0.001049,1,0.388900,,,,,,0.38888304372808324
2016-09-01,sh.000016,2230.3620,2235.6480,2219.2540,2220.4030,2232.7110,1902822400,19569003776.0000,3,0.001177,1,-0.551300,,,,,,-0.5512580893810237
2016-09-02,sh.000016,2216.2880,2231.4550,2215.6440,2229.8930,2220.4030,2040602304,20785028608.0000,3,0.001262,1,0.427400,,,,,,0.42739989092070996
2016-09-05,sh.000016,2230.4110,2240.4940,2224.9320,2228.7180,2229.8930,1781345200,17615394560.0000,3,0.001102,1,-0.052700,,,,,,-0.05269311128381915
2016-09-06,sh.000016,2227.4390,2241.5240,2217.4770,2232.4500,2228.7180,2125477104,20977302272.0000,3,0.001315,1,0.167400,,,,,,0.16745052536928373
2016-09-07,sh.000016,2233.0340,2246.3720,2230.5780,2236.5450,2232.4500,2209767104,22932080128.0000,3,0.001367,1,0.183400,,,,,,0.18343075992743874
2016-09-08,sh.000016,2234.9460,2239.1670,2230.8160,2236.6250,2236.5450,1417115696,14213131008.0000,3,0.000877,1,0.003600,,,,,,0.0035769456907752684
2016-09-09,sh.000016,2236.3900,2241.6100,2228.6610,2229.3090,2236.6250,1741151296,18263953152.0000,3,0.001077,1,-0.327100,,,,,,-0.3270999832336585
2016-09-12,sh.000016,2201.6750,2202.9040,2175.3330,2199.9760,2229.3090,3454689104,34431278080.0000,3,0.002137,1,-1.315800,,,,,,-1.3157888834611997
2016-09-13,sh.000016,2197.3780,2199.2400,2185.8220,2193.1930,2199.9760,1496892400,14480419328.0000,3,0.000926,1,-0.308300,,,,,,-0.30832154532594025
2016-09-14,sh.000016,2184.1110,2187.9540,2172.3960,2176.5230,2193.1930,1816965696,16682778368.0000,3,0.001124,1,-0.760100,,,,,,-0.7600790263328383
2016-09-19,sh.000016,2178.7590,2191.2150,2178.7590,2189.4610,2176.5230,1413566496,12964097024.0000,3,0.000875,1,0.594400,,,,,,0.5944343340272384
2016-09-20,sh.000016,2190.0970,2190.7160,2181.0160,2184.2060,2189.4610,1102289408,10917288960.0000,3,0.000682,1,-0.240000,,,,,,-0.24001340969305174
2016-09-21,sh.000016,2184.4230,2191.8130,2180.5010,2187.1540,2184.2060,1244650896,12499273216.0000,3,0.000770,1,0.135000,,,,,,0.13496895439348844
2016-09-22,sh.000016,2195.2460,2210.7920,2192.4910,2200.6980,2187.1540,1539804304,15995169280.0000,3,0.000953,1,0.619200,,,,,,0.619252233724743
2016-09-23,sh.000016,2202.6970,2203.6620,2195.0760,2196.2900,2200.6980,1172763600,11066821888.0000,3,0.000726,1,-0.200300,,,,,,-0.20030008660888443
2016-09-26,sh.000016,2190.3890,2190.3890,2166.8240,2167.2640,2196.2900,1694820896,16306550528.0000,3,0.001049,1,-1.321600,,,,,,-1.321592321596865
2016-09-27,sh.000016,2163.3770,2176.7660,2162.4350,2176.4470,2167.2640,1259253904,12286665216.0000,3,0.000779,1,0.423700,,,,,,0.423713954552829
2016-09-28,sh.000016,2177.4140,2177.4140,2165.3320,2166.7220,2176.4470,928843200,9340080128.0000,3,0.000575,1,-0.446800,,,,,,-0.4468291669863733
2016-09-29,sh.000016,2170.9870,2183.1700,2170.8420,2175.3690,2166.7220,1187946400,11524241408.0000,3,0.000735,1,0.399100,,,,,,0.39908211574903873
2016-09-30,sh.000016,2171.9390,2182.6070,2171.4920,2177.3520,2175.3690,921930496,9655516160.0000,3,0.000570,1,0.091200,,,,,,0.0911569485452679
2016-10-10,sh.000016,2187.6510,2204.3270,2185.4670,2202.8720,2177.3520,1930020208,17570860032.0000,3,0.001194,1,1.172100,,,,,,1.1720658855343569
2016-10-11,sh.000016,2205.3530,2212.4290,2202.1230,2209.2270,2202.8730,2116938400,19324765184.0000,3,0.001310,1,0.288400,,,,,,0.2884870296594677
2016-10-12,sh.000016,2205.4440,2205.4440,2196.8520,2200.9960,2209.2280,1547883696,13632018176.0000,3,0.000958,1,-0.372600,,,,,,-0.37257375543571225
2016-10-13,sh.000016,2201.3390,2204.8880,2194.5950,2202.1160,2200.9960,1830879008,16208937472.0000,3,0.001133,1,0.050900,,,,,,0.05088605340490826
2016-10-14,sh.000016,2199.5550,2211.0910,2196.2600,2209.8140,2202.1160,2395051008,19450261248.0000,3,0.001482,1,0.349600,,,,,,0.34957286537129484
2016-10-17,sh.000016,2207.3530,2209.1400,2189.2710,2192.8840,2209.8140,2316186704,20075033088.0000,3,0.001433,1,-0.766100,,,,,,-0.7661278279529338
2016-10-18,sh.000016,2189.9320,2224.3370,2189.9320,2222.7830,2192.8840,3177711696,28619884288.0000,3,0.001966,1,1.363500,,,,,,1.363455613703235
2016-10-19,sh.000016,2222.7800,2230.8270,2217.6260,2221.5340,2222.7830,2943280896,24775791104.0000,3,0.001821,1,-0.056200,,,,,,-0.05619082024650446
2016-10-20,sh.000016,2222.6300,2228.9350,2218.9680,2223.4240,2221.5340,1977292400,16643743488.0000,3,0.001223,1,0.085100,,,,,,0.08507634814500786
2016-10-21,sh.000016,2221.3830,2246.5780,2221.0350,2240.7490,2223.4240,3566857696,31144595456.0000,3,0.002207,1,0.779200,,,,,,0.7792036066895047
2016-10-24,sh.000016,2245.4580,2285.0830,2243.8100,2270.9500,2240.7490,4960345088,46511890176.0000,3,0.003069,1,1.347800,,,,,,1.3478082551861004
2016-10-25,sh.000016,2270.0160,2274.3830,2258.9190,2266.1710,2270.9500,3242378800,29902473984.0000,3,0.002006,1,-0.210400,,,,,,-0.21044056452145243
2016-10-26,sh.000016,2263.6920,2266.8780,2254.6290,2257.1160,2266.1710,2714605696,26576638720.0000,3,0.001680,1,-0.399600,,,,,,-0.39957267125912965
2016-10-27,sh.000016,2254.3210,2256.2060,2243.6340,2250.2580,2257.1160,2343830896,21935646208.0000,3,0.001450,1,-0.303800,,,,,,-0.3038390583381734
2016-10-28,sh.000016,2252.3830,2271.9050,2249.4850,2253.8010,2250.2580,2823346096,29162089728.0000,3,0.001747,1,0.157400,,,,,,0.15744861255910791
2016-10-31,sh.000016,2247.9900,2253.8030,2236.2020,2250.4690,2253.8010,1981495504,20503305984.0000,3,0.001226,1,-0.147800,,,,,,-0.1478391393028855
2016-11-01,sh.000016,2250.4940,2263.6230,2246.9480,2263.4780,2250.4690,2201530608,21614635776.0000,3,0.001362,1,0.578100,,,,,,0.5780572849481524
2016-11-02,sh.000016,2256.1170,2259.1860,2242.7680,2244.7430,2263.4780,2226082496,21833996544.0000,3,0.001377,1,-0.827700,,,,,,-0.8277085087639469
2016-11-03,sh.000016,2241.4370,2283.2490,2239.8670,2273.6320,2244.7430,4091302704,41436992768.0000,3,0.002531,1,1.287000,,,,,,1.2869624718731876
2016-11-04,sh.000016,2271.8450,2284.9530,2266.9170,2271.9260,2273.6320,3619209104,34041513216.0000,3,0.002239,1,-0.075000,,,,,,-0.07503413041337614
2016-11-07,sh.000016,2271.9640,2279.5520,2265.3600,2276.9540,2271.9260,2596670400,24429764608.0000,3,0.001607,1,0.221300,,,,,,0.2213100250624489
2016-11-08,sh.000016,2284.0070,2294.6240,2276.7370,2282.4180,2276.9540,3259587408,30889499392.0000,3,0.002017,1,0.240000,,,,,,0.2399697139248369
2016-11-09,sh.000016,2281.1240,2281.5940,2244.4320,2263.9240,2282.4180,3735243104,36936621312.0000,3,0.002311,1,-0.810300,,,,,,-0.8102810265253835
2016-11-10,sh.000016,2279.9420,2297.9700,2279.9420,2289.4490,2263.9240,3456599808,34617495296.0000,3,0.002139,1,1.127500,,,,,,1.1274671764599953
2016-11-11,sh.000016,2285.6100,2315.9600,2284.2870,2308.4280,2289.4490,5694860032,56536701440.0000,3,0.003524,1,0.829000,,,,,,0.8289767537953407
2016-11-14,sh.000016,2304.6070,2338.5800,2303.9660,2317.7720,2308.4280,6168486400,62927633408.0000,3,0.003817,1,0.404800,,,,,,0.4047776235602818
2016-11-15,sh.000016,2315.7980,2319.0670,2306.2290,2310.9010,2317.7720,3448614000,34355883776.0000,3,0.002134,1,-0.296500,,,,,,-0.2964484858735017
2016-11-16,sh.000016,2312.4970,2314.8460,2302.1420,2309.9420,2310.9010,3259638608,28705100800.0000,3,0.002017,1,-0.041500,,,,,,-0.04149896512225526
2016-11-17,sh.000016,2306.4090,2317.5370,2297.7360,2316.7210,2309.9420,3545076304,31212488192.0000,3,0.002193,1,0.293500,,,,,,0.29347057198838566
2016-11-18,sh.000016,2318.8950,2323.7220,2304.5500,2307.2740,2316.7210,3447528496,32316982784.0000,3,0.002133,1,-0.407800,,,,,,-0.4077746090271561
2016-11-21,sh.000016,2304.7680,2350.7550,2304.7680,2334.6770,2307.2740,5751963648,53971971328.0000,3,0.003559,1,1.187700,,,,,,1.18767861987783
2016-11-22,sh.000016,2334.6840,2357.5730,2334.6840,2353.0020,2334.6770,6598317824,60419169280.0000,3,0.004083,1,0.784900,,,,,,0.784905149620263
2016-11-23,sh.000016,2355.3160,2375.8110,2352.3960,2360.3350,2353.0020,5406233088,48700349952.0000,3,0.003345,1,0.311600,,,,,,0.31164444399112146
2016-11-24,sh.000016,2356.8470,2382.9520,2355.8010,2368.7330,2360.3350,3715808896,40256755200.0000,3,0.002299,1,0.355800,,,,,,0.355796952551235
2016-11-25,sh.000016,2371.6980,2394.7070,2358.2560,2393.9460,2368.7330,4432797440,42204998400.0000,3,0.002743,1,1.064400,,,,,,1.0644086944370468
2016-11-28,sh.000016,2406.7020,2427.5930,2398.4130,2403.1350,2393.9460,7755450368,77969829888.0000,3,0.004798,1,0.383800,,,,,,0.3838432445844697
2016-11-29,sh.000016,2398.6680,2455.4290,2395.8120,2441.5780,2403.1350,9303858688,99547619328.0000,3,0.005757,1,1.599700,,,,,,1.5997020558562003
2016-11-30,sh.000016,2435.8050,2444.9540,2411.5620,2419.4130,2441.5780,6897198080,73266475008.0000,3,0.004267,1,-0.907800,,,,,,-0.9078145363367485
2016-12-01,sh.000016,2421.9280,2448.6660,2417.9620,2431.3060,2419.4130,7360667392,73842855936.0000,3,0.004554,1,0.491600,,,,,,0.49156551609832455
2016-12-02,sh.000016,2427.1660,2430.8330,2401.0610,2416.5070,2431.3060,7762501632,74393616384.0000,3,0.004803,1,-0.608700,,,,,,-0.6086852086903072
2016-12-05,sh.000016,2378.2090,2386.4340,2363.1290,2375.2570,2416.5070,7242835712,70278619136.0000,3,0.004481,1,-1.707000,,,,,,-1.707009332064835
2016-12-06,sh.000016,2371.1110,2382.1960,2366.9990,2368.6820,2375.2570,4259595504,40651332864.0000,3,0.002636,1,-0.276800,,,,,,-0.2768121512745858
2016-12-07,sh.000016,2367.4210,2377.3040,2358.8710,2376.9190,2368.6820,3631364608,34446113024.0000,3,0.002247,1,0.347700,,,,,,0.3477461305485541
2016-12-08,sh.000016,2380.6570,2387.1730,2374.4660,2379.0010,2376.9190,3965155600,37465801984.0000,3,0.002453,1,0.087600,,,,,,0.08759238324909102
2016-12-09,sh.000016,2374.2950,2422.7760,2372.4590,2411.3140,2379.0010,6786012672,61692701696.0000,3,0.004199,1,1.358300,,,,,,1.358259202076817
2016-12-12,sh.000016,2408.0860,2423.3920,2362.1420,2387.1580,2411.3140,7057419520,71536050176.0000,3,0.004367,1,-1.001800,,,,,,-1.00177745411838
2016-12-13,sh.000016,2373.7910,2382.4430,2357.4590,2372.9300,2387.1580,4120248608,38968411904.0000,3,0.002549,1,-0.596000,,,,,,-0.5960225506648542
2016-12-14,sh.000016,2369.4960,2384.5610,2359.7220,2360.3780,2372.9300,4680032512,45575405312.0000,3,0.002896,1,-0.529000,,,,,,-0.5289662990479949
2016-12-15,sh.000016,2346.7650,2354.3520,2302.4340,2309.8150,2360.3780,4258325200,43441485568.0000,3,0.002635,1,-2.142200,,,,,,-2.1421568918198686
2016-12-16,sh.000016,2302.8730,2315.5370,2298.4330,2302.3150,2309.8150,3057955104,29864306432.0000,3,0.001892,1,-0.324700,,,,,,-0.3247013288943057
2016-12-19,sh.000016,2299.7130,2303.6850,2288.3020,2291.3840,2302.3150,2416229696,23999280128.0000,3,0.001495,1,-0.474800,,,,,,-0.4747829901642464
2016-12-20,sh.000016,2293.3990,2295.1130,2262.8780,2279.6820,2291.3840,3010553296,29079311104.0000,3,0.001863,1,-0.510700,,,,,,-0.5106957192683614
2016-12-21,sh.000016,2282.1240,2304.6000,2281.9960,2297.3700,2279.6820,4018425600,37262711040.0000,3,0.002486,1,0.775900,,,,,,0.7758976909937543
2016-12-22,sh.000016,2293.3470,2298.1880,2280.7870,2292.0410,2297.3700,2922298000,27254973952.0000,3,0.001808,1,-0.232000,,,,,,-0.23196089441404055
2016-12-23,sh.000016,2290.2500,2291.7230,2271.1280,2278.4770,2292.0410,3306081696,32451253248.0000,3,0.002046,1,-0.591800,,,,,,-0.5917869706519308
2016-12-26,sh.000016,2266.3830,2295.6930,2251.7130,2294.7090,2278.4770,2992352096,29506329344.0000,3,0.001851,1,0.712400,,,,,,0.7124056990700289
2016-12-27,sh.000016,2291.2310,2300.1590,2286.4340,2286.9610,2294.7090,2459765600,24199961600.0000,3,0.001522,1,-0.337600,,,,,,-0.3376462985066997
2016-12-28,sh.000016,2286.4060,2289.8070,2269.1640,2277.1750,2286.9610,2330457408,22778607104.0000,3,0.001442,1,-0.427900,,,,,,-0.42790410505467724
2016-12-29,sh.000016,2273.2200,2282.1930,2265.8930,2275.1060,2277.1750,2399747104,23962418176.0000,3,0.001485,1,-0.090900,,,,,,-0.09085819052114807
2016-12-30,sh.000016,2276.8100,2286.9910,2272.4990,2286.8980,2275.1060,2548075504,25510014464.0000,3,0.001577,1,0.518300,,,,,,0.5183055207097942
2017-01-03,sh.000016,2285.2720,2311.2920,2285.2720,2307.8910,2286.8980,2590892000,25440737024.0000,3,0.001603,1,0.918000,,,,,,0.9179683571370445
2017-01-04,sh.000016,2305.9110,2324.5570,2304.1730,2322.2050,2307.8910,2610440304,27183258624.0000,3,0.001615,1,0.620200,,,,,,0.6202199323971369
2017-01-05,sh.000016,2322.4230,2326.1840,2317.8850,2322.6840,2322.2050,2652871200,26566424064.0000,3,0.001641,1,0.020600,,,,,,0.02062694723334868
2017-01-06,sh.000016,2323.0060,2326.4340,2308.3690,2308.9360,2322.6840,2644512400,27286688256.0000,3,0.001636,1,-0.591900,,,,,,-0.5919014381637777
2017-01-09,sh.000016,2308.4420,2321.6920,2307.1630,2318.3360,2308.9360,2652307408,25903507200.0000,3,0.001640,1,0.407100,,,,,,0.40711392606809227
2017-01-10,sh.000016,2316.1570,2320.9950,2309.9360,2312.5980,2318.3360,2405598096,23234949888.0000,3,0.001488,1,-0.247500,,,,,,-0.24750510711130103
2017-01-11,sh.000016,2311.9190,2317.6620,2299.3130,2300.4740,2312.5980,2692834608,25072639488.0000,3,0.001666,1,-0.524200,,,,,,-0.5242588638405765
2017-01-12,sh.000016,2299.4890,2310.7750,2294.3240,2295.4030,2300.4740,2213917408,21207409664.0000,3,0.001369,1,-0.220400,,,,,,-0.22043283253800894
2017-01-13,sh.000016,2293.4650,2315.2110,2291.0620,2308.0550,2295.4030,2754046704,26932675072.0000,3,0.001703,1,0.551200,,,,,,0.5511886148096945
2017-01-16,sh.000016,2303.3170,2343.2720,2282.2430,2337.3940,2308.0550,5929473536,57422130176.0000,3,0.003667,1,1.271200,,,,,,1.2711568831765163
2017-01-17,sh.000016,2326.0080,2332.8350,2320.0330,2329.5950,2337.3940,1917044896,20007429376.0000,3,0.001186,1,-0.333700,,,,,,-0.3336621896008918
2017-01-18,sh.000016,2330.1420,2349.3930,2327.9260,2342.7750,2329.5950,2029889104,21780720128.0000,3,0.001255,1,0.565800,,,,,,0.5657635769307667
2017-01-19,sh.000016,2335.6560,2349.6440,2330.3360,2334.9570,2342.7750,2109073504,19780250624.0000,3,0.001304,1,-0.333700,,,,,,-0.3337068220379713
2017-01-20,sh.000016,2334.4870,2350.2610,2333.4650,2347.1820,2334.9570,1751128800,18489265408.0000,3,0.001083,1,0.523600,,,,,,0.5235642455085898
2017-01-23,sh.000016,2350.5460,2358.4720,2340.5340,2347.1040,2347.1820,1931132096,20759190272.0000,3,0.001194,1,-0.003300,,,,,,-0.003323133868615713
2017-01-24,sh.000016,2347.5020,2357.1690,2343.4620,2352.4240,2347.1040,2011077696,19232210944.0000,3,0.001244,1,0.226700,,,,,,0.22666230384338348
2017-01-25,sh.000016,2349.5180,2358.9480,2345.6990,2358.6970,2352.4240,1780022096,18384465920.0000,3,0.001101,1,0.266700,,,,,,0.2666611121124429
2017-01-26,sh.000016,2359.4280,2371.9260,2359.4280,2364.0240,2358.6970,1862983104,19294724864.0000,3,0.001152,1,0.225800,,,,,,0.22584503223601615
2017-02-03,sh.000016,2367.5290,2368.9090,2338.1980,2339.9890,2364.0240,1451595104,16092735232.0000,3,0.000898,1,-1.016700,,,,,,-1.0166986460374283
2017-02-06,sh.000016,2346.4430,2351.5570,2336.8980,2343.9670,2339.9890,1989571504,21725103360.0000,3,0.001230,1,0.170000,,,,,,0.17000079914906152
2017-02-07,sh.000016,2343.6580,2347.3570,2331.7750,2337.5340,2343.9670,1697274000,18894961152.0000,3,0.001050,1,-0.274500,,,,,,-0.27444925632484907
2017-02-08,sh.000016,2334.6820,2347.0960,2323.9050,2346.4260,2337.5340,2423769104,24896256768.0000,3,0.001499,1,0.380400,,,,,,0.3804008840085249
2017-02-09,sh.000016,2345.8400,2364.1440,2343.7280,2354.9000,2346.4260,3138164608,32399332352.0000,3,0.001940,1,0.361100,,,,,,0.3611449924267873
2017-02-10,sh.000016,2357.5880,2374.4840,2357.2060,2368.1830,2354.9000,3930636000,40549347840.0000,3,0.002431,1,0.564100,,,,,,0.5640579217801145
2017-02-13,sh.000016,2369.6970,2382.9200,2369.4860,2379.3050,2368.1830,3460382608,38907287808.0000,3,0.002140,1,0.469600,,,,,,0.46964275987115833
2017-02-14,sh.000016,2381.1000,2381.6330,2367.0450,2373.5130,2379.3050,2422716704,27371194880.0000,3,0.001498,1,-0.243400,,,,,,-0.24343243089893774
2017-02-15,sh.000016,2375.6240,2385.1170,2369.4300,2372.1920,2373.5130,3894925696,37792892160.0000,3,0.002409,1,-0.055700,,,,,,-0.055655899082918125
2017-02-16,sh.000016,2373.3130,2378.4500,2366.1590,2376.7620,2372.1920,2962949696,29617805568.0000,3,0.001832,1,0.192700,,,,,,0.19264882437848296
2017-02-17,sh.000016,2378.6570,2389.3240,2360.9950,2362.7080,2376.7620,3109047408,34309239040.0000,3,0.001923,1,-0.591300,,,,,,-0.5913086796237921
2017-02-20,sh.000016,2361.7600,2395.5340,2361.5060,2394.1200,2362.7080,4469041152,43486701568.0000,3,0.002764,1,1.329500,,,,,,1.3294914140892455
2017-02-21,sh.000016,2396.2240,2410.3450,2393.3700,2396.8840,2394.1200,3256980000,34544041216.0000,3,0.002014,1,0.115400,,,,,,0.11544951798574399
2017-02-22,sh.000016,2397.4870,2399.3970,2389.0550,2398.1920,2396.8840,2451300896,27231838208.0000,3,0.001516,1,0.054600,,,,,,0.05457085115507798
2017-02-23,sh.000016,2397.5590,2402.5660,2379.5590,2387.4170,2398.1920,2345867104,25602450176.0000,3,0.001451,1,-0.449300,,,,,,-0.4492968035920475
2017-02-24,sh.000016,2385.0510,2390.3890,2377.0990,2389.8770,2387.4170,2568012096,25353533952.0000,3,0.001588,1,0.103000,,,,,,0.10304023134626306
2017-02-27,sh.000016,2384.9180,2387.8170,2365.4660,2370.5590,2389.8770,2382755504,25954639616.0000,3,0.001474,1,-0.808300,,,,,,-0.8083261188755686
2017-02-28,sh.000016,2369.4710,2379.4270,2366.2360,2370.7070,2370.5590,1679355808,18323796736.0000,3,0.001039,1,0.006200,,,,,,0.006243253173598973
2017-03-01,sh.000016,2371.6520,2383.5130,2368.6210,2371.9250,2370.7070,2786312400,27623876608.0000,3,0.001723,1,0.051400,,,,,,0.05137707865208174
2017-03-02,sh.000016,2376.9710,2380.2380,2354.1430,2354.9130,2371.9250,2306273104,26057596672.0000,3,0.001426,1,-0.717200,,,,,,-0.7172233523404015
2017-03-03,sh.000016,2347.9060,2350.6710,2338.8450,2347.1450,2354.9130,2048310704,21533669376.0000,3,0.001267,1,-0.329900,,,,,,-0.3298635660850313
2017-03-06,sh.000016,2346.0360,2355.0910,2342.5170,2349.8880,2347.1450,2111239904,20808519424.0000,3,0.001306,1,0.116900,,,,,,0.11686538326349805
2017-03-07,sh.000016,2349.6210,2356.9590,2347.1670,2356.2930,2349.8880,2025134800,21625724672.0000,3,0.001252,1,0.272600,,,,,,0.2725661818776093
2017-03-08,sh.000016,2353.6160,2362.9630,2351.6960,2358.0740,2356.2930,2436983296,23456269568.0000,3,0.001507,1,0.075600,,,,,,0.0755848275235671
2017-03-09,sh.000016,2352.7490,2353.5370,2334.3360,2346.5520,2358.0740,2663066704,26051706624.0000,3,0.001647,1,-0.488600,,,,,,-0.4886191018602437
2017-03-10,sh.000016,2343.3070,2347.4580,2336.3190,2339.2330,2346.5520,1798881104,18979436032.0000,3,0.001113,1,-0.311900,,,,,,-0.31190444533084616
2017-03-13,sh.000016,2337.3550,2355.2160,2328.6180,2354.8900,2339.2330,2462401104,26164051712.0000,3,0.001523,1,0.669300,,,,,,0.6693219529649186
2017-03-14,sh.000016,2353.7190,2359.3130,2349.2800,2354.8990,2354.8900,1901700608,19760470528.0000,3,0.001176,1,0.000400,,,,,,0.00038218345654872365
2017-03-15,sh.000016,2352.3850,2357.8450,2345.4430,2357.3070,2354.8990,2106259504,21925253376.0000,3,0.001303,1,0.102300,,,,,,0.10225491624056282
2017-03-16,sh.000016,2362.3580,2376.5130,2362.3580,2369.1940,2357.3070,3027821008,32128349696.0000,3,0.001873,1,0.504300,,,,,,0.5042618547350886
2017-03-17,sh.000016,2371.6050,2373.5430,2342.0180,2346.9600,2369.1940,3076762304,33130740480.0000,3,0.001903,1,-0.938500,,,,,,-0.9384626164003373
2017-03-20,sh.000016,2352.1140,2355.5340,2337.5260,2350.0670,2346.9600,2714929104,28589609984.0000,3,0.001678,1,0.132400,,,,,,0.13238402017929918
2017-03-21,sh.000016,2352.2120,2358.5470,2348.8680,2357.1350,2350.0670,2888792096,36125342464.0000,3,0.001785,1,0.300800,,,,,,0.3007573826618648
2017-03-22,sh.000016,2347.8570,2352.7630,2330.1150,2338.5460,2357.1350,3289198208,37345963520.0000,3,0.002033,1,-0.788600,,,,,,-0.7886268711804978
2017-03-23,sh.000016,2340.0610,2356.2710,2334.1190,2347.4340,2338.5460,2671255200,33283040512.0000,3,0.001651,1,0.380100,,,,,,0.38006522001279297
2017-03-24,sh.000016,2350.6910,2373.5780,2341.6190,2365.6040,2347.4340,4012077200,45396321536.0000,3,0.002480,1,0.774000,,,,,,0.7740366715315306
2017-03-27,sh.000016,2364.7450,2381.7650,2360.6730,2364.4270,2365.6040,3549115600,40382705920.0000,3,0.002193,1,-0.049800,,,,,,-0.04975473494294169
2017-03-28,sh.000016,2368.1540,2368.3790,2353.0760,2356.3130,2364.4270,2481363504,28082153984.0000,3,0.001534,1,-0.343200,,,,,,-0.34316982507812677
2017-03-29,sh.000016,2357.9970,2363.7690,2349.1240,2352.6930,2356.3130,2901854896,31210660608.0000,3,0.001793,1,-0.153600,,,,,,-0.1536298445919515
2017-03-30,sh.000016,2350.9190,2356.4370,2335.2300,2346.6670,2352.6940,3111306608,31991546624.0000,3,0.001923,1,-0.256200,,,,,,-0.2561320155243463
2017-03-31,sh.000016,2344.9590,2361.3160,2340.7720,2359.7520,2346.6670,2950514608,28551404544.0000,3,0.001824,1,0.557600,,,,,,0.5575993526137246
2017-04-05,sh.000016,2369.4880,2384.6800,2365.3400,2384.2630,2359.7520,4007544208,43436345856.0000,3,0.002477,1,1.038700,,,,,,1.0387108475805817
2017-04-06,sh.000016,2384.4320,2395.1210,2376.1460,2390.3890,2384.2630,3932500304,42616523008.0000,3,0.002430,1,0.256900,,,,,,0.2569347425179336
2017-04-07,sh.000016,2390.9140,2394.0520,2379.3330,2388.2710,2390.3890,3624863008,38151219456.0000,3,0.002240,1,-0.088600,,,,,,-0.08860482540707926
2017-04-10,sh.000016,2388.5630,2391.9470,2377.4320,2379.1570,2388.2710,3125802608,34790978048.0000,3,0.001932,1,-0.381600,,,,,,-0.3816149842291727
2017-04-11,sh.000016,2374.9220,2385.0530,2354.0180,2382.1090,2379.1570,3920082608,44230593024.0000,3,0.002423,1,0.124100,,,,,,0.12407756192633901
2017-04-12,sh.000016,2378.9280,2385.6130,2362.4310,2378.8620,2382.1090,3364031600,38322592000.0000,3,0.002079,1,-0.136300,,,,,,-0.13630778440448799
2017-04-13,sh.000016,2369.6060,2373.3690,2364.4410,2368.1060,2378.8620,2279306000,26083925760.0000,3,0.001409,1,-0.452200,,,,,,-0.4521489687085656
2017-04-14,sh.000016,2367.7840,2368.8010,2344.6090,2355.5200,2368.1060,2431896896,26912930304.0000,3,0.001503,1,-0.531500,,,,,,-0.5314795874846956
2017-04-17,sh.000016,2348.7510,2359.1830,2334.8930,2357.5230,2355.5200,2637625008,27908077312.0000,3,0.001630,1,0.085000,,,,,,0.085034302404563
2017-04-18,sh.000016,2352.5120,2352.7910,2336.7700,2337.3500,2357.5230,2375365600,28470231040.0000,3,0.001468,1,-0.855700,,,,,,-0.8556862435700641
2017-04-19,sh.000016,2331.6590,2335.9900,2311.6590,2325.0420,2337.3500,2791943504,30382089472.0000,3,0.001726,1,-0.526600,,,,,,-0.5265792457269991
2017-04-20,sh.000016,2324.3660,2336.5430,2320.9970,2335.6470,2325.0420,2657672496,32243770880.0000,3,0.001643,1,0.456100,,,,,,0.4561207926566446
2017-04-21,sh.000016,2336.4440,2350.8700,2333.2330,2347.6740,2335.6470,2707371200,29654139648.0000,3,0.001673,1,0.514900,,,,,,0.5149322650212174
2017-04-24,sh.000016,2344.1920,2344.1920,2323.6670,2341.9290,2347.6740,3109300704,34439046400.0000,3,0.001922,1,-0.244700,,,,,,-0.24471029623363005
2017-04-25,sh.000016,2337.5200,2348.6020,2334.0030,2344.7410,2341.9290,1938294304,24053129984.0000,3,0.001198,1,0.120100,,,,,,0.12007195777496982
2017-04-26,sh.000016,2345.6270,2360.2810,2338.8560,2344.5040,2344.7410,2647062208,32375909120.0000,3,0.001636,1,-0.010100,,,,,,-0.010107726183838928
2017-04-27,sh.000016,2337.4550,2352.6800,2327.4740,2351.6400,2344.5040,2983407600,32332182016.0000,3,0.001844,1,0.304400,,,,,,0.3043714150199772
2017-04-28,sh.000016,2348.2870,2348.2870,2331.8240,2347.0390,2351.6400,2073368304,25027445248.0000,3,0.001281,1,-0.195600,,,,,,-0.19565069483422626
2017-05-02,sh.000016,2341.7480,2350.5140,2334.8820,2336.7910,2347.0390,1621832096,19299425024.0000,3,0.001002,1,-0.436600,,,,,,-0.4366352668191742
2017-05-03,sh.000016,2335.8200,2342.1430,2324.1910,2329.7660,2336.7910,1874768496,21306113280.0000,3,0.001159,1,-0.300600,,,,,,-0.3006259438691816
2017-05-04,sh.000016,2325.0070,2332.0890,2317.1370,2325.4330,2329.7660,2076741008,23662230528.0000,3,0.001284,1,-0.186000,,,,,,-0.1859843434920072
2017-05-05,sh.000016,2318.9210,2320.6020,2297.4490,2320.6020,2325.4330,3095107408,33979252480.0000,3,0.001913,1,-0.207700,,,,,,-0.2077462562886212
2017-05-08,sh.000016,2309.2430,2326.0960,2298.3180,2326.0960,2320.6020,3465012304,38506527232.0000,3,0.002142,1,0.236700,,,,,,0.23674891256666442
2017-05-09,sh.000016,2312.8500,2320.2940,2307.8680,2316.2940,2326.0960,1615731504,20310246400.0000,3,0.000999,1,-0.421400,,,,,,-0.42139275421135824
2017-05-10,sh.000016,2315.5610,2337.0460,2315.5610,2324.9210,2316.2940,2231892608,29082185216.0000,3,0.001379,1,0.372400,,,,,,0.37244840249122113
2017-05-11,sh.000016,2318.0490,2342.1840,2313.8320,2339.2900,2324.9210,2839544096,31483872512.0000,3,0.001755,1,0.618000,,,,,,0.6180425055303029
2017-05-12,sh.000016,2336.6070,2375.6390,2335.3740,2375.4490,2339.2900,2890678400,32145338880.0000,3,0.001787,1,1.545700,,,,,,1.5457254124114694
2017-05-15,sh.000016,2380.2740,2394.5170,2378.9740,2381.7510,2375.4490,2341241008,28055294208.0000,3,0.001447,1,0.265300,,,,,,0.2652972132847431
2017-05-16,sh.000016,2376.9040,2381.7320,2362.1120,2381.3170,2381.7510,2389204704,27292942080.0000,3,0.001477,1,-0.018200,,,,,,-0.018221888014335885
2017-05-17,sh.000016,2377.1210,2378.9870,2361.6290,2363.5590,2381.3170,2085822496,24900860672.0000,3,0.001289,1,-0.745700,,,,,,-0.7457218001635124
2017-05-18,sh.000016,2348.8720,2361.0150,2347.3770,2354.7530,2363.5590,1712123104,21258547456.0000,3,0.001058,1,-0.372600,,,,,,-0.37257373308642316
2017-05-19,sh.000016,2351.5200,2363.3560,2351.5200,2361.6610,2354.7530,1430456800,18966710016.0000,3,0.000884,1,0.293400,,,,,,0.2933641023071143
2017-05-22,sh.000016,2359.9680,2384.1570,2358.7800,2381.5520,2361.6610,2278023104,28751136256.0000,3,0.001408,1,0.842300,,,,,,0.8422461987558805
2017-05-23,sh.000016,2378.7440,2412.0250,2376.6430,2411.7990,2381.5520,3462055600,41243924480.0000,3,0.002140,1,1.270100,,,,,,1.2700541495629603
2017-05-24,sh.000016,2402.5170,2413.4210,2382.1870,2407.5700,2411.7990,2277433200,28642322432.0000,3,0.001408,1,-0.175300,,,,,,-0.17534628714912515
2017-05-25,sh.000016,2399.3590,2476.9090,2399.2740,2473.4950,2407.5700,5036333568,53142705920.0000,3,0.003100,1,2.738200,,,,,,2.7382381405317346
2017-05-26,sh.000016,2467.9020,2483.7470,2462.2330,2471.2140,2473.4950,3098973296,36527500544.0000,3,0.001908,1,-0.092200,,,,,,-0.09221769197026441
2017-05-31,sh.000016,2470.9350,2502.8460,2462.2580,2479.0780,2471.2140,2987834400,37045182208.0000,3,0.001832,1,0.318200,,,,,,0.31822416027103007
2017-06-01,sh.000016,2476.2050,2497.6860,2465.4760,2496.4480,2479.0780,3076633008,37798053632.0000,3,0.001886,1,0.700700,,,,,,0.7006637144938432
2017-06-02,sh.000016,2494.3690,2499.7050,2472.6490,2475.4630,2496.4480,2366414800,28341836288.0000,3,0.001451,1,-0.840600,,,,,,-0.8405943164047303
2017-06-05,sh.000016,2468.9360,2473.3560,2442.2690,2450.3450,2475.4630,2873585696,29094732544.0000,3,0.001762,1,-1.014700,,,,,,-1.014678870175012
2017-06-06,sh.000016,2447.0400,2466.3120,2444.1930,2466.0060,2450.3450,1746732208,22598702080.0000,3,0.001071,1,0.639100,,,,,,0.6391344892249906
2017-06-07,sh.000016,2468.5510,2492.9840,2464.1880,2484.0330,2466.0060,2713840800,34088120576.0000,3,0.001664,1,0.731000,,,,,,0.7310201191724541
2017-06-08,sh.000016,2481.1640,2508.9340,2475.7440,2507.0330,2484.0330,2207086000,29227278592.0000,3,0.001353,1,0.925900,,,,,,0.9259136251410505
2017-06-09,sh.000016,2506.7580,2536.9930,2504.9000,2519.2730,2507.0330,3377330896,39637188864.0000,3,0.002071,1,0.488200,,,,,,0.4882265211507031
2017-06-12,sh.000016,2515.5750,2545.0370,2512.1430,2521.1680,2519.2730,2572086896,33894565376.0000,3,0.001577,1,0.075200,,,,,,0.07522011310405752
2017-06-13,sh.000016,2517.3330,2519.1480,2499.7290,2515.1420,2521.1680,1748792096,24470316800.0000,3,0.001072,1,-0.239000,,,,,,-0.2390162020143194
2017-06-14,sh.000016,2505.0630,2505.2010,2471.6180,2477.3170,2515.1420,2184110800,29833245440.0000,3,0.001339,1,-1.503900,,,,,,-1.5038912315885056
2017-06-15,sh.000016,2474.2620,2481.7990,2453.1340,2461.9740,2477.3170,2070254496,28607609088.0000,3,0.001269,1,-0.619300,,,,,,-0.6193393901547495
2017-06-16,sh.000016,2454.8400,2466.6920,2448.3100,2452.7890,2461.9740,1651804400,23251565568.0000,3,0.001013,1,-0.373100,,,,,,-0.37307461411046905
2017-06-19,sh.000016,2455.0310,2486.3130,2453.3490,2484.1150,2452.7890,2059400400,26899358976.0000,3,0.001263,1,1.277200,,,,,,1.2771583695132094
2017-06-20,sh.000016,2489.1990,2492.2220,2467.7650,2474.4250,2484.1150,1777115296,24584405248.0000,3,0.001089,1,-0.390100,,,,,,-0.3900785591649192
2017-06-21,sh.000016,2487.8510,2498.1900,2468.5130,2497.2540,2474.4250,2035421696,30603689472.0000,3,0.001247,1,0.922600,,,,,,0.9225981793749893
2017-06-22,sh.000016,2491.9230,2544.6670,2491.9230,2516.6720,2497.2540,4374394368,53825786368.0000,3,0.002680,1,0.777600,,,,,,0.7775740873775749
2017-06-23,sh.000016,2510.7110,2530.5590,2496.6600,2529.0980,2516.6720,2940395104,37695703296.0000,3,0.001802,1,0.493700,,,,,,0.493747298018965
2017-06-26,sh.000016,2531.2800,2560.1060,2531.2800,2543.3210,2529.0980,3971674800,49718219264.0000,3,0.002434,1,0.562400,,,,,,0.5623744117468021
2017-06-27,sh.000016,2541.6860,2558.0960,2529.2390,2554.6990,2543.3210,2698471296,33511465472.0000,3,0.001654,1,0.447400,,,,,,0.4473678312725715
2017-06-28,sh.000016,2548.1570,2560.8550,2537.2350,2537.6360,2554.6990,2819497008,35655499008.0000,3,0.001728,1,-0.667900,,,,,,-0.6679064735219287
2017-06-29,sh.000016,2541.3480,2554.7970,2532.4620,2552.9750,2537.6360,1975437600,26914436864.0000,3,0.001210,1,0.604500,,,,,,0.6044602141520583
2017-06-30,sh.000016,2543.7860,2552.9210,2533.8590,2549.9670,2552.9750,1867717696,23781990144.0000,3,0.001144,1,-0.117800,,,,,,-0.11782332376931715
2017-07-03,sh.000016,2550.4960,2550.4960,2522.7440,2534.3670,2549.9670,1830421296,25254138880.0000,3,0.001122,1,-0.611800,,,,,,-0.6117726229398213
2017-07-04,sh.000016,2531.5250,2531.6050,2506.6810,2511.1500,2534.3670,2354712800,30659910656.0000,3,0.001443,1,-0.916100,,,,,,-0.916086738818811
2017-07-05,sh.000016,2508.8120,2551.4080,2507.9200,2548.0990,2511.1500,2060765408,31435616256.0000,3,0.001263,1,1.471400,,,,,,1.4713975668518398
2017-07-06,sh.000016,2543.9090,2561.6360,2534.1200,2553.8790,2548.0990,2223462400,33132156416.0000,3,0.001362,1,0.226800,,,,,,0.2268357705096813
2017-07-07,sh.000016,2542.9090,2546.7750,2527.5480,2543.6570,2553.8790,2251006208,29785522432.0000,3,0.001379,1,-0.400300,,,,,,-0.40025388830088326
2017-07-10,sh.000016,2538.1580,2557.4720,2530.9270,2550.1140,2543.6570,2530514496,33457188864.0000,3,0.001551,1,0.253800,,,,,,0.25384711853837505
2017-07-11,sh.000016,2543.7200,2592.0570,2543.0480,2570.5910,2550.1140,3396822800,41538299392.0000,3,0.002081,1,0.803000,,,,,,0.8029837097478731
2017-07-12,sh.000016,2570.9120,2604.1970,2555.3830,2565.1420,2570.5910,3707059504,43416548096.0000,3,0.002267,1,-0.212000,,,,,,-0.21197460039344973
2017-07-13,sh.000016,2565.5940,2601.4670,2563.2200,2600.9530,2565.1420,4287157408,50979652096.0000,3,0.002622,1,1.396100,,,,,,1.3960630639551441
2017-07-14,sh.000016,2600.7640,2623.3150,2593.4290,2622.9830,2600.9540,3365328496,39772290048.0000,3,0.002058,1,0.847000,,,,,,0.8469972352441735
2017-07-17,sh.000016,2627.3740,2663.2830,2594.4240,2631.4140,2622.9830,6086594816,68239169280.0000,3,0.003723,1,0.321400,,,,,,0.3214279314810664
2017-07-18,sh.000016,2619.2300,2637.5320,2596.1220,2624.3080,2631.4140,3943504000,46730935040.0000,3,0.002412,1,-0.270000,,,,,,-0.270044926415991
2017-07-19,sh.000016,2621.1120,2661.6580,2618.3680,2657.8880,2624.3080,4868889600,60808696832.0000,3,0.002978,1,1.279600,,,,,,1.279575415690526
2017-07-20,sh.000016,2653.3790,2666.0440,2643.6410,2665.4480,2657.8880,3758073296,48880732416.0000,3,0.002299,1,0.284400,,,,,,0.2844363645119641
2017-07-21,sh.000016,2655.2280,2661.4760,2634.9950,2639.2120,2665.4480,2971556208,41342809600.0000,3,0.001817,1,-0.984300,,,,,,-0.9842998250200297
2017-07-24,sh.000016,2636.5510,2666.6510,2632.7570,2654.3780,2639.2120,3305656608,41940145664.0000,3,0.002022,1,0.574600,,,,,,0.5746412186667937
2017-07-25,sh.000016,2656.4770,2667.7860,2639.6060,2643.0730,2654.3780,3418541296,37771702784.0000,3,0.002091,1,-0.425900,,,,,,-0.42590015438646045
2017-07-26,sh.000016,2642.2580,2665.1490,2617.5460,2636.2000,2643.0730,3544725600,41955306752.0000,3,0.002168,1,-0.260000,,,,,,-0.2600382206620844
2017-07-27,sh.000016,2631.9970,2638.9400,2610.5750,2636.6260,2636.2000,3067012608,38024537088.0000,3,0.001876,1,0.016200,,,,,,0.01615962370080659
2017-07-28,sh.000016,2627.1590,2642.6910,2619.0350,2636.3930,2636.6260,2193446496,28588923648.0000,3,0.001342,1,-0.008800,,,,,,-0.00883705159548942
2017-07-31,sh.000016,2633.8820,2649.2940,2626.1820,2638.1240,2636.3930,2864776304,37904968704.0000,3,0.001752,1,0.065700,,,,,,0.06565788939660866
2017-08-01,sh.000016,2640.8670,2681.9340,2638.0210,2681.8050,2638.1240,3382050704,47788869632.0000,3,0.002069,1,1.655800,,,,,,1.6557599263719247
2017-08-02,sh.000016,2679.3360,2696.6410,2675.2010,2680.6310,2681.8050,4222237696,53708274688.0000,3,0.002582,1,-0.043800,,,,,,-0.043776486359004
2017-08-03,sh.000016,2676.3480,2689.9380,2644.9870,2646.2160,2680.6310,3181516800,40554215424.0000,3,0.001946,1,-1.283800,,,,,,-1.2838395139054937
2017-08-04,sh.000016,2644.4450,2653.8120,2627.2480,2627.8020,2646.2160,2795995200,38299815680.0000,3,0.001710,1,-0.695900,,,,,,-0.6958615623214315
2017-08-07,sh.000016,2621.5460,2641.3410,2613.8240,2634.1750,2627.8020,2608610896,34629740032.0000,3,0.001595,1,0.242500,,,,,,0.24252207738635345
2017-08-08,sh.000016,2632.0430,2639.2410,2622.2600,2635.1840,2634.1750,2578246800,33964140032.0000,3,0.001577,1,0.038300,,,,,,0.03830421289399144
2017-08-09,sh.000016,2630.6700,2634.4340,2618.8130,2620.3800,2635.1840,2470791104,33204150528.0000,3,0.001511,1,-0.561800,,,,,,-0.5617824030504148
2017-08-10,sh.000016,2617.9880,2635.3510,2590.8630,2611.3410,2620.3800,2817147904,39580893952.0000,3,0.001723,1,-0.344900,,,,,,-0.34494996908845943
2017-08-11,sh.000016,2592.0380,2599.7120,2566.5720,2570.2560,2611.3410,3517096000,44276237824.0000,3,0.002151,1,-1.573300,,,,,,-1.5733295651544577
2017-08-14,sh.000016,2572.3000,2598.3790,2567.6000,2591.4530,2570.2560,2611890000,36279971328.0000,3,0.001597,1,0.824700,,,,,,0.8247038427300568
2017-08-15,sh.000016,2593.0710,2623.0830,2592.9240,2605.2410,2591.4530,2790097600,33091743488.0000,3,0.001706,1,0.532100,,,,,,0.5320567264773812
2017-08-16,sh.000016,2601.4700,2602.0980,2586.3350,2595.0010,2605.2410,2035181104,25167150080.0000,3,0.001245,1,-0.393100,,,,,,-0.3930538479933299
2017-08-17,sh.000016,2599.0410,2606.6840,2591.5420,2604.0830,2595.0010,2057110496,27778492672.0000,3,0.001258,1,0.350000,,,,,,0.34998059730997344
2017-08-18,sh.000016,2601.8840,2621.9690,2595.8640,2613.2640,2604.0830,1989782800,31122548736.0000,3,0.001217,1,0.352600,,,,,,0.35256172710316225
2017-08-21,sh.000016,2619.0380,2628.8010,2610.2570,2616.8240,2613.2640,1943687200,27074874368.0000,3,0.001189,1,0.136200,,,,,,0.136228104010927
2017-08-22,sh.000016,2624.4100,2644.1980,2620.1580,2643.5030,2616.8240,2711818208,37445332992.0000,3,0.001659,1,1.019500,,,,,,1.019518316860446
2017-08-23,sh.000016,2641.7920,2673.3850,2639.6610,2659.7800,2643.5030,3469179408,41179121664.0000,3,0.002122,1,0.615700,,,,,,0.6157360139178891
2017-08-24,sh.000016,2659.6510,2675.1970,2641.8250,2646.4010,2659.7800,2993921104,33887056128.0000,3,0.001831,1,-0.503000,,,,,,-0.5030115272691815
2017-08-25,sh.000016,2645.4490,2706.7030,2645.4490,2706.2420,2646.4010,4749375232,53051877632.0000,3,0.002905,1,2.261200,,,,,,2.261221938776492
2017-08-28,sh.000016,2715.4690,2766.7900,2715.4690,2736.4610,2706.2420,6050109696,77248843776.0000,3,0.003700,1,1.116600,,,,,,1.1166407143189616
2017-08-29,sh.000016,2734.4450,2746.1030,2726.2180,2739.1290,2736.4610,3526228400,46759798784.0000,3,0.002157,1,0.097500,,,,,,0.09749819200786103
2017-08-30,sh.000016,2739.9950,2762.0660,2720.6550,2728.2300,2739.1290,4205280304,53736564992.0000,3,0.002572,1,-0.397900,,,,,,-0.39790020842391804
2017-08-31,sh.000016,2729.4690,2735.4260,2701.8840,2714.6310,2728.2300,4018223408,46855537152.0000,3,0.002458,1,-0.498500,,,,,,-0.4984550422801659
2017-09-01,sh.000016,2716.0540,2734.7680,2700.1610,2710.1180,2714.6310,4309329664,52472882944.0000,3,0.002636,1,-0.166300,,,,,,-0.16624727264957784
2017-09-04,sh.000016,2703.3300,2713.7280,2691.7750,2711.3470,2710.1180,3319628896,43569185536.0000,3,0.002030,1,0.045300,,,,,,0.04534857891798083
2017-09-05,sh.000016,2712.7600,2738.5940,2711.1730,2729.8470,2711.3470,3053478800,39043620096.0000,3,0.001868,1,0.682300,,,,,,0.6823176819492405
2017-09-06,sh.000016,2721.9470,2725.2390,2703.6510,2714.3300,2729.8470,3113793296,40907423488.0000,3,0.001904,1,-0.568400,,,,,,-0.5684201349013485
2017-09-07,sh.000016,2716.1250,2717.5550,2690.8770,2691.8290,2714.3300,2763611104,37181801216.0000,3,0.001690,1,-0.829000,,,,,,-0.8289706852151246
2017-09-08,sh.000016,2692.7970,2701.5690,2681.4420,2686.6890,2691.8290,2447129200,32599542272.0000,3,0.001497,1,-0.191000,,,,,,-0.19094823631071733
2017-09-11,sh.000016,2691.3360,2708.4220,2673.6230,2674.7500,2686.6890,2908410096,40085267968.0000,3,0.001779,1,-0.444400,,,,,,-0.44437595866138047
2017-09-12,sh.000016,2682.2490,2695.5250,2672.2850,2692.5400,2674.7500,3078832304,44847896320.0000,3,0.001883,1,0.665100,,,,,,0.6651088886811873
2017-09-13,sh.000016,2690.5590,2694.4130,2676.2480,2687.6700,2692.5400,2119772000,28986307072.0000,3,0.001296,1,-0.180900,,,,,,-0.18087010777926293
2017-09-14,sh.000016,2688.3990,2694.7750,2666.8160,2672.8360,2687.6700,2858673696,36529833472.0000,3,0.001748,1,-0.551900,,,,,,-0.5519278780505177
2017-09-15,sh.000016,2669.6530,2677.5320,2659.7320,2668.3750,2672.8360,3464898000,43243332352.0000,3,0.002119,1,-0.166900,,,,,,-0.16690137367200153
2017-09-18,sh.000016,2670.1970,2694.0580,2670.1970,2674.1750,2668.3750,3313463904,44470273280.0000,3,0.002027,1,0.217400,,,,,,0.2173607532674371
2017-09-19,sh.000016,2680.7150,2687.1830,2661.6090,2670.6910,2674.1750,3008735904,37488875264.0000,3,0.001840,1,-0.130300,,,,,,-0.13028317144541113
2017-09-20,sh.000016,2667.2400,2675.2110,2661.8680,2662.6260,2670.6910,2536794000,32883593728.0000,3,0.001552,1,-0.302000,,,,,,-0.3019817717586748
2017-09-21,sh.000016,2664.0520,2690.3590,2660.5300,2675.5500,2662.6260,3175345200,39541814528.0000,3,0.001942,1,0.485400,,,,,,0.4853854803490876
2017-09-22,sh.000016,2666.6650,2686.4090,2662.8380,2679.0520,2675.5500,2635975008,33471981312.0000,3,0.001612,1,0.130900,,,,,,0.13088897609836447
2017-09-25,sh.000016,2672.9450,2682.7490,2667.3050,2680.6510,2679.0520,3198142000,39930427648.0000,3,0.001956,1,0.059700,,,,,,0.059685291662869844
2017-09-26,sh.000016,2673.5440,2681.2320,2673.3960,2678.9910,2680.6510,1928317696,24098925056.0000,3,0.001179,1,-0.061900,,,,,,-0.06192525621574463
2017-09-27,sh.000016,2674.4100,2677.7430,2659.5960,2661.5530,2678.9910,2005863696,25198603264.0000,3,0.001227,1,-0.650900,,,,,,-0.6509167070736788
2017-09-28,sh.000016,2661.5410,2663.6950,2653.4640,2661.2830,2661.5530,2166188096,26189371648.0000,3,0.001325,1,-0.010100,,,,,,-0.010144453257177055
2017-09-29,sh.000016,2661.5220,2682.1690,2660.8580,2672.3270,2661.2830,2020466800,27595164160.0000,3,0.001236,1,0.415000,,,,,,0.4149878085119241
2017-10-09,sh.000016,2736.8340,2743.3640,2688.5380,2692.0760,2672.3270,4148929200,48635654144.0000,3,0.002538,1,0.739000,,,,,,0.7390188401344533
2017-10-10,sh.000016,2693.2510,2711.3060,2671.9420,2695.5370,2692.0760,2997472704,43282245888.0000,3,0.001833,1,0.128600,,,,,,0.12856249229218353
2017-10-11,sh.000016,2694.4980,2717.3280,2692.7690,2707.5220,2695.5370,2459848304,33211929600.0000,3,0.001504,1,0.444600,,,,,,0.444623835621627
2017-10-12,sh.000016,2706.4200,2724.8340,2702.3130,2718.3500,2707.5220,2392287696,31885586688.0000,3,0.001463,1,0.399900,,,,,,0.39992288151304844
2017-10-13,sh.000016,2716.0040,2722.2310,2711.9540,2713.3760,2718.3500,1927340896,26260593408.0000,3,0.001179,1,-0.183000,,,,,,-0.18297864513399098
2017-10-16,sh.000016,2719.3090,2741.0970,2715.0510,2726.6420,2713.3760,2557589808,35091358720.0000,3,0.001564,1,0.488900,,,,,,0.48891123087988486
2017-10-17,sh.000016,2725.1990,2734.3070,2716.4040,2723.5340,2726.6420,1797980896,24598831360.0000,3,0.001100,1,-0.114000,,,,,,-0.1139863612457992
2017-10-18,sh.000016,2725.6660,2753.9220,2723.7620,2753.0100,2723.5340,2826082096,35436442880.0000,3,0.001728,1,1.082300,,,,,,1.082270314965772
2017-10-19,sh.000016,2750.6350,2756.0350,2743.1340,2756.0350,2753.0100,2861786896,37232948736.0000,3,0.001750,1,0.109900,,,,,,0.10987973163918419
2017-10-20,sh.000016,2744.4940,2746.2290,2733.7190,2737.6410,2756.0350,1609842096,21717579776.0000,3,0.000985,1,-0.667400,,,,,,-0.6674080699265339
2017-10-23,sh.000016,2744.3250,2746.9980,2732.6320,2734.3680,2737.6410,1954603504,24707304960.0000,3,0.001195,1,-0.119600,,,,,,-0.11955548590922849
2017-10-24,sh.000016,2732.9430,2762.5940,2730.8410,2753.6490,2734.3680,2487082704,33123069440.0000,3,0.001521,1,0.705100,,,,,,0.7051355194326314
2017-10-25,sh.000016,2753.9290,2756.7620,2746.2660,2752.1390,2753.6490,1964672208,23785824256.0000,3,0.001202,1,-0.054800,,,,,,-0.054836328086826924
2017-10-26,sh.000016,2760.0640,2788.6560,2753.7270,2771.0430,2752.1390,4147318800,54784605696.0000,3,0.002537,1,0.686900,,,,,,0.6868839110233838
2017-10-27,sh.000016,2770.5280,2815.4190,2769.4260,2814.2720,2771.0430,4030195600,51199079680.0000,3,0.002465,1,1.560000,,,,,,1.5600263150012506
2017-10-30,sh.000016,2812.2380,2822.5890,2780.0450,2809.1060,2814.2720,4800487936,62621423104.0000,3,0.002936,1,-0.183600,,,,,,-0.1835643463033998
2017-10-31,sh.000016,2795.5370,2797.7880,2785.1570,2793.7110,2809.1060,3237037104,40543780864.0000,3,0.001980,1,-0.548000,,,,,,-0.5480391270390128
2017-11-01,sh.000016,2795.1910,2816.2950,2782.0600,2789.4020,2793.7110,4620413184,57994095104.0000,3,0.002826,1,-0.154200,,,,,,-0.15423928960439648
2017-11-02,sh.000016,2788.1140,2796.4300,2771.1520,2794.1010,2789.4020,3752686800,45419208704.0000,3,0.002295,1,0.168500,,,,,,0.168459046060776
2017-11-03,sh.000016,2789.5390,2803.3140,2770.1240,2800.4680,2794.1010,3890616000,46914636032.0000,3,0.002380,1,0.227900,,,,,,0.22787293659032315
2017-11-06,sh.000016,2798.4710,2798.4710,2776.9490,2792.2230,2800.4680,3326891008,43470106624.0000,3,0.002035,1,-0.294400,,,,,,-0.29441507633723996
2017-11-07,sh.000016,2794.1920,2832.1380,2792.7010,2821.9550,2792.2230,4936827904,62260600320.0000,3,0.003019,1,1.064800,,,,,,1.0648146655908297
2017-11-08,sh.000016,2818.6690,2846.2990,2811.1050,2819.9570,2821.9550,4476852992,58278446336.0000,3,0.002738,1,-0.070800,,,,,,-0.07080197947876288
2017-11-09,sh.000016,2814.5680,2834.5100,2809.9570,2832.9610,2819.9570,3270423200,41950628864.0000,3,0.002000,1,0.461100,,,,,,0.46114178336762457
2017-11-10,sh.000016,2828.1220,2867.0620,2827.7390,2862.3430,2832.9610,4419833856,61842416384.0000,3,0.002703,1,1.037200,,,,,,1.0371480581624626
2017-11-13,sh.000016,2865.7820,2885.7020,2865.7210,2873.5140,2862.3430,4845904896,57913427200.0000,3,0.002964,1,0.390300,,,,,,0.39027468056764825
2017-11-14,sh.000016,2876.7480,2882.7920,2853.7760,2861.4230,2873.5140,3603716000,50380322560.0000,3,0.002204,1,-0.420800,,,,,,-0.42077400701719947
2017-11-15,sh.000016,2848.7670,2864.3650,2839.4610,2850.0500,2861.4230,3297420896,46704463872.0000,3,0.002017,1,-0.397500,,,,,,-0.397459585667681
2017-11-16,sh.000016,2840.3620,2880.9830,2840.3620,2879.3970,2850.0500,3205182400,49388290048.0000,3,0.001960,1,1.029700,,,,,,1.0297012333116973
2017-11-17,sh.000016,2868.5190,2940.7730,2867.5860,2938.7980,2879.3970,6847202304,94406688768.0000,3,0.004188,1,2.063000,,,,,,2.0629666558657833
2017-11-20,sh.000016,2916.7380,2942.1400,2897.2040,2941.1530,2938.7980,4384076544,63399459328.0000,3,0.002681,1,0.080100,,,,,,0.08013480341282353
2017-11-21,sh.000016,2928.9230,3012.8930,2927.6100,2987.1730,2941.1530,6364868096,91543187456.0000,3,0.003893,1,1.564700,,,,,,1.5646924862460443
2017-11-22,sh.000016,3001.9500,3038.2750,2989.8170,3012.3550,2987.1730,7455572992,99081502720.0000,3,0.004560,1,0.843000,,,,,,0.8430044058379105
2017-11-23,sh.000016,3003.7760,3018.2590,2919.6520,2940.7250,3012.3550,6699098624,89773744128.0000,3,0.004097,1,-2.377900,,,,,,-2.377873789775775
2017-11-24,sh.000016,2934.4460,2949.7930,2907.1000,2936.8330,2940.7250,4542629632,65421397504.0000,3,0.002778,1,-0.132400,,,,,,-0.1323483154664129
2017-11-27,sh.000016,2928.3570,2928.8630,2885.6030,2917.3060,2936.8330,5018719744,67344522240.0000,3,0.003069,1,-0.664900,,,,,,-0.6648999108904041
2017-11-28,sh.000016,2900.0770,2908.3640,2872.5340,2897.1070,2917.3060,3069371008,42668016384.0000,3,0.001877,1,-0.692400,,,,,,-0.692385371983606
2017-11-29,sh.000016,2905.3310,2914.0660,2855.8520,2893.2820,2897.1070,3600523696,50246701568.0000,3,0.002202,1,-0.132000,,,,,,-0.132028261296524
2017-11-30,sh.000016,2878.5250,2895.5280,2850.3120,2863.4460,2893.2820,3580217808,51612041728.0000,3,0.002190,1,-1.031200,,,,,,-1.031216452457806
2017-12-01,sh.000016,2861.8960,2867.1140,2834.2620,2842.1840,2863.4460,3078984400,45681945088.0000,3,0.001883,1,-0.742500,,,,,,-0.7425319003745767
2017-12-04,sh.000016,2829.8110,2868.2930,2823.9350,2861.3600,2842.1840,2691190096,42169177856.0000,3,0.001646,1,0.674700,,,,,,0.6746924196322279
2017-12-05,sh.000016,2852.8190,2922.3270,2851.3160,2910.4750,2861.3600,5959997184,78760353792.0000,3,0.003645,1,1.716500,,,,,,1.7164914586070834
2017-12-06,sh.000016,2897.2250,2897.2250,2845.1340,2875.7310,2910.4750,3169388304,46136992512.0000,3,0.001938,1,-1.193800,,,,,,-1.1937570327867353
2017-12-07,sh.000016,2868.2030,2875.7400,2828.2330,2848.8880,2875.7310,2794052704,39788412928.0000,3,0.001709,1,-0.933400,,,,,,-0.9334322299269449
2017-12-08,sh.000016,2843.2020,2872.8200,2832.7980,2865.3400,2848.8880,2536492704,37958647296.0000,3,0.001551,1,0.577500,,,,,,0.5774884797155933
2017-12-11,sh.000016,2862.6060,2900.1660,2857.9820,2899.1030,2865.3400,2868775104,44155352576.0000,3,0.001755,1,1.178300,,,,,,1.178324387332741
2017-12-12,sh.000016,2897.6640,2900.2740,2849.3910,2850.1960,2899.1030,2608653104,36558523392.0000,3,0.001595,1,-1.687000,,,,,,-1.6869700731571124
2017-12-13,sh.000016,2850.4680,2879.4050,2834.9270,2872.9400,2850.1960,2238164896,33848005120.0000,3,0.001369,1,0.798000,,,,,,0.7979802090803734
2017-12-14,sh.000016,2874.9460,2878.3210,2841.9200,2850.0450,2872.9400,2276671904,32316889344.0000,3,0.001392,1,-0.796900,,,,,,-0.7969188357570989
2017-12-15,sh.000016,2844.1010,2846.5160,2817.3170,2820.1660,2850.0450,2666741808,35570708736.0000,3,0.001631,1,-1.048400,,,,,,-1.0483694117110365
2017-12-18,sh.000016,2821.4190,2842.8130,2815.8190,2829.0580,2820.1660,2070257296,29731950848.0000,3,0.001266,1,0.315300,,,,,,0.31530058868873834
2017-12-19,sh.000016,2829.5490,2873.6010,2827.4380,2873.0300,2829.0580,2378916800,38584552448.0000,3,0.001503,1,1.554300,,,,,,1.5542982858605336
2017-12-20,sh.000016,2874.0540,2887.2320,2861.5370,2879.6430,2873.0300,2845812304,41956966144.0000,3,0.001798,1,0.230200,,,,,,0.2301751112936401
2017-12-21,sh.000016,2871.6830,2906.8070,2862.2290,2895.3650,2879.6430,2578156096,38962108416.0000,3,0.001629,1,0.546000,,,,,,0.5459704553654632
2017-12-22,sh.000016,2891.7210,2897.0330,2876.0160,2880.7720,2895.3650,1895688000,27835325440.0000,3,0.001198,1,-0.504000,,,,,,-0.5040124474807062
2017-12-25,sh.000016,2882.2780,2915.6080,2868.8610,2880.0960,2880.7720,2631409904,39860539136.0000,3,0.001663,1,-0.023500,,,,,,-0.023465932048771787
2017-12-26,sh.000016,2878.7530,2897.6170,2868.6040,2894.3350,2880.0960,2700102304,37479220480.0000,3,0.001706,1,0.494400,,,,,,0.4943932424474662
2017-12-27,sh.000016,2886.7000,2889.3080,2832.0220,2839.6340,2894.3350,3213867600,45980785920.0000,3,0.002031,1,-1.889900,,,,,,-1.8899332661906798
2017-12-28,sh.000016,2842.7310,2870.8940,2829.5420,2859.0530,2839.6340,3435148208,51738560512.0000,3,0.002171,1,0.683900,,,,,,0.6838557363378461
2017-12-29,sh.000016,2861.9190,2876.1910,2849.6780,2860.4360,2859.0530,2863140000,40451479040.0000,3,0.001809,1,0.048400,,,,,,0.0483726604578516
2018-01-02,sh.000016,2867.5280,2912.2690,2867.5280,2908.7310,2860.4360,5400866816,63411514880.0000,3,0.003413,1,1.688400,,,,,,1.6883789743941113
2018-01-03,sh.000016,2914.2780,2947.6300,2906.5980,2913.2590,2908.7310,4820686592,69339664384.0000,3,0.003046,1,0.155700,,,,,,0.15566925920615926
2018-01-04,sh.000016,2918.2550,2934.1510,2910.6620,2919.4780,2913.2590,4352071168,59071711232.0000,3,0.002750,1,0.213500,,,,,,0.21347226593997348
2018-01-05,sh.000016,2926.7780,2940.1790,2920.0840,2932.3550,2919.4780,4994334720,62492266496.0000,3,0.003156,1,0.441100,,,,,,0.4410719998575008
2018-01-08,sh.000016,2933.8240,2952.3440,2926.8700,2947.7610,2932.3550,5805279232,82070564864.0000,3,0.003668,1,0.525400,,,,,,0.5253797715488062
2018-01-09,sh.000016,2947.5490,2972.4250,2947.1150,2969.3170,2947.7610,4058903408,60495808512.0000,3,0.002565,1,0.731300,,,,,,0.731266883577053
2018-01-10,sh.000016,2968.3430,2999.7480,2966.1800,2995.5640,2969.3170,5776385024,72207519744.0000,3,0.003650,1,0.883900,,,,,,0.8839406503246217
2018-01-11,sh.000016,2986.7920,3009.9920,2981.3340,2997.0440,2995.5640,4235182096,56280148992.0000,3,0.002676,1,0.049400,,,,,,0.049406388913730837
2018-01-12,sh.000016,2997.9000,3019.7020,2993.5640,3018.5950,2997.0440,3816829600,55328487680.0000,3,0.002412,1,0.719100,,,,,,0.7190751954258889
2018-01-15,sh.000016,3027.2020,3070.9380,3022.4720,3048.8070,3018.5950,6498882048,89764581376.0000,3,0.004106,1,1.000900,,,,,,1.0008629842691796
2018-01-16,sh.000016,3041.3640,3065.1860,3035.7670,3063.8600,3048.8070,6426246912,87195144192.0000,3,0.004060,1,0.493700,,,,,,0.4937341064882306
2018-01-17,sh.000016,3071.4990,3132.9920,3060.2180,3076.1810,3063.8600,9106632960,119155712000.0000,3,0.005754,1,0.402100,,,,,,0.4021397844548913
2018-01-18,sh.000016,3096.2010,3125.8630,3084.2790,3106.5510,3076.1810,8770692608,111974248448.0000,3,0.005541,1,0.987300,,,,,,0.9872631031789147
2018-01-19,sh.000016,3122.6720,3145.9930,3100.4060,3117.8210,3106.5510,9495530240,117995220992.0000,3,0.005998,1,0.362800,,,,,,0.36278174734616364
2018-01-22,sh.000016,3104.9580,3144.8510,3104.4040,3130.3290,3117.8210,7746585088,96853995520.0000,3,0.004893,1,0.401200,,,,,,0.4011776173167281
2018-01-23,sh.000016,3145.1070,3177.7620,3144.2810,3176.5040,3130.3290,10169189888,120507375616.0000,3,0.006421,1,1.475100,,,,,,1.475084567788243
2018-01-24,sh.000016,3189.7680,3202.4690,3150.5530,3180.3310,3176.5040,9913066752,125182316544.0000,3,0.006259,1,0.120500,,,,,,0.12047836237574217
2018-01-25,sh.000016,3171.3490,3177.4070,3124.4550,3157.4590,3180.3310,7736397568,97574391808.0000,3,0.004885,1,-0.719200,,,,,,-0.7191704259713938
2018-01-26,sh.000016,3147.4770,3195.0720,3147.4770,3172.7770,3157.4590,8216463616,94465282048.0000,3,0.005188,1,0.485100,,,,,,0.48513694081222525
2018-01-29,sh.000016,3184.2980,3197.8390,3107.9560,3120.6950,3172.7770,7292021504,96641912832.0000,3,0.004604,1,-1.641500,,,,,,-1.6415272803603886
2018-01-30,sh.000016,3109.1850,3127.7500,3077.3140,3079.1170,3120.6950,5427594496,69473845248.0000,3,0.003427,1,-1.332300,,,,,,-1.3323314197638658
2018-01-31,sh.000016,3063.2330,3118.7620,3062.5280,3116.8330,3079.1170,5560739584,72990261248.0000,3,0.003511,1,1.224900,,,,,,1.2248966180888887
2018-02-01,sh.000016,3120.1330,3141.7680,3101.3380,3141.2300,3116.8330,7219328768,92604919808.0000,3,0.004558,1,0.782700,,,,,,0.7827496692957236
2018-02-02,sh.000016,3113.2990,3150.6970,3082.9940,3149.6410,3141.2300,5290143488,72098054144.0000,3,0.003340,1,0.267800,,,,,,0.26776135462860395
2018-02-05,sh.000016,3098.6720,3181.5940,3095.9870,3181.3390,3149.6410,7160734720,91528593408.0000,3,0.004521,1,1.006400,,,,,,1.0064004119834546
2018-02-06,sh.000016,3114.3460,3140.0310,3094.4920,3117.4900,3181.3390,9864662272,127406399488.0000,3,0.006228,1,-2.007000,,,,,,-2.00698510910029
2018-02-07,sh.000016,3147.3230,3166.6980,3020.3920,3029.6010,3117.4900,9470049280,119171432448.0000,3,0.005979,1,-2.819200,,,,,,-2.819223157091111
2018-02-08,sh.000016,2998.6030,3019.2740,2911.4030,2945.8430,3029.6010,7311784704,89454604288.0000,3,0.004616,1,-2.764700,,,,,,-2.764654487505125
2018-02-09,sh.000016,2857.4330,2871.5440,2724.5910,2810.0270,2945.8430,9192589824,111222595584.0000,3,0.005804,1,-4.610400,,,,,,-4.610429001138206
2018-02-12,sh.000016,2803.8590,2823.8060,2776.9570,2805.2110,2810.0270,4629000448,56121422848.0000,3,0.002923,1,-0.171400,,,,,,-0.17138625358404935
2018-02-13,sh.000016,2834.3900,2887.8930,2834.3900,2852.7160,2805.2110,4662221056,56890393088.0000,3,0.002944,1,1.693500,,,,,,1.6934555012082964
2018-02-14,sh.000016,2859.8660,2877.0360,2841.2390,2871.7870,2852.7160,2534981408,31690057728.0000,3,0.001600,1,0.668500,,,,,,0.6685208061370185
2018-02-22,sh.000016,2915.9680,2936.8450,2900.8730,2931.8810,2871.7870,3929775296,49214807552.0000,3,0.002481,1,2.092600,,,,,,2.092564664440655
2018-02-23,sh.000016,2941.4210,2966.7520,2926.3620,2957.1710,2931.8810,3820748896,45850903296.0000,3,0.002412,1,0.862600,,,,,,0.8625861690839454
2018-02-26,sh.000016,2973.8130,2986.8130,2933.5160,2973.7850,2957.1710,5021402624,58593508608.0000,3,0.003170,1,0.561800,,,,,,0.5618207401601127
2018-02-27,sh.000016,2979.7680,2979.7680,2918.0070,2927.0960,2973.7850,4620143616,54502425856.0000,3,0.002917,1,-1.570000,,,,,,-1.5700193524414097
2018-02-28,sh.000016,2899.0020,2905.5720,2866.4620,2878.6660,2927.0960,3875813408,47725005568.0000,3,0.002447,1,-1.654500,,,,,,-1.6545408828408714
2018-03-01,sh.000016,2859.0900,2907.2680,2852.4920,2891.2980,2878.6660,3228488800,40076068864.0000,3,0.002038,1,0.438800,,,,,,0.4388143674882494
2018-03-02,sh.000016,2864.1750,2887.8930,2852.0110,2864.1830,2891.2980,2986451696,36583775744.0000,3,0.001886,1,-0.937800,,,,,,-0.9378140890354381
2018-03-05,sh.000016,2865.2010,2889.7370,2846.9310,2863.9900,2864.1830,2996714896,36066405632.0000,3,0.001892,1,-0.006700,0.000000,0.000000,0.000000,0.000000,0,-0.006738396254712953
2018-03-06,sh.000016,2878.9170,2893.4620,2838.6090,2892.4750,2863.9900,4759357696,53720112384.0000,3,0.003005,1,0.994600,0.000000,0.000000,0.000000,0.000000,0,0.9945914615623774
2018-03-07,sh.000016,2892.4420,2921.4420,2868.0350,2878.1500,2892.4750,3791765808,45394077184.0000,3,0.002394,1,-0.495300,0.000000,0.000000,0.000000,0.000000,0,-0.4952506071789653
2018-03-08,sh.000016,2878.8190,2903.0530,2865.5510,2898.2540,2878.1500,2896303696,37537678080.0000,3,0.001829,1,0.698500,0.000000,0.000000,0.000000,0.000000,0,0.6985042475200931
2018-03-09,sh.000016,2907.0410,2916.5530,2891.8680,2908.1970,2898.2540,3150449008,39303802112.0000,3,0.001989,1,0.343100,0.000000,0.000000,0.000000,0.000000,0,0.3430686199346278
2018-03-12,sh.000016,2922.6170,2927.5080,2897.2350,2909.5790,2908.1970,4498507520,54236062208.0000,3,0.002840,1,0.047500,0.000000,0.000000,0.000000,0.000000,0,0.04752085226689129
2018-03-13,sh.000016,2909.2470,2921.3070,2878.2000,2883.3770,2909.5790,4060760304,44383331328.0000,3,0.002564,1,-0.900500,0.000000,0.000000,0.000000,0.000000,0,-0.9005426558275298
2018-03-14,sh.000016,2871.7220,2879.5370,2860.9690,2871.3340,2883.3770,3088630096,36928754176.0000,3,0.001950,1,-0.417700,0.000000,0.000000,0.000000,0.000000,0,-0.4176699751714752
2018-03-15,sh.000016,2860.4130,2895.6110,2860.4130,2894.9820,2871.3340,2626007504,35212947712.0000,3,0.001658,1,0.823600,0.000000,0.000000,0.000000,0.000000,0,0.8235893142351403
2018-03-16,sh.000016,2895.5060,2911.1930,2869.9670,2870.7310,2894.9820,2719210096,36436840704.0000,3,0.001717,1,-0.837700,0.000000,0.000000,0.000000,0.000000,0,-0.8376908733802035
2018-03-19,sh.000016,2870.3640,2898.2340,2856.1710,2897.2550,2870.7310,2604293008,37418712832.0000,3,0.001646,1,0.923900,0.000000,0.000000,0.000000,0.000000,0,0.9239458521191901
2018-03-20,sh.000016,2878.9530,2907.5220,2877.0990,2904.3970,2897.2550,2712940304,33929944320.0000,3,0.001715,1,0.246500,0.000000,0.000000,0.000000,0.000000,0,0.24650919577322572
2018-03-21,sh.000016,2928.9990,2932.2170,2879.5250,2894.1830,2904.3970,3338876208,47299461888.0000,3,0.002111,1,-0.351700,0.000000,0.000000,0.000000,0.000000,0,-0.35167368648294506
2018-03-22,sh.000016,2894.1290,2902.7670,2851.2940,2866.6700,2894.1830,3050580800,42875777280.0000,3,0.001928,1,-0.950600,0.000000,0.000000,0.000000,0.000000,0,-0.9506309725404338
2018-03-23,sh.000016,2786.5310,2800.2460,2754.6590,2791.4670,2866.6700,6262324992,74872352768.0000,3,0.003959,1,-2.623400,0.000000,0.000000,0.000000,0.000000,0,-2.6233574147006777
2018-03-26,sh.000016,2767.3630,2773.5370,2709.5680,2738.8680,2791.4670,4274221008,56021077760.0000,3,0.002698,1,-1.884300,0.000000,0.000000,0.000000,0.000000,0,-1.884278051648114
2018-03-27,sh.000016,2775.6340,2780.8380,2726.3600,2747.5870,2738.8680,3921166400,49589358592.0000,3,0.002475,1,0.318300,,,,,0,0.3183431987229701
2018-03-28,sh.000016,2714.8730,2746.8800,2687.9560,2694.8250,2747.5870,3458348608,50997098752.0000,3,0.002183,1,-1.920300,0.000000,0.000000,0.000000,0.000000,0,-1.9203031605550702
2018-03-29,sh.000016,2699.1350,2757.7790,2657.4920,2738.7900,2694.8250,4235391904,57630689792.0000,3,0.002674,1,1.631500,0.000000,0.000000,0.000000,0.000000,0,1.63146029890624
2018-03-30,sh.000016,2735.6240,2740.8190,2714.7660,2722.1530,2738.7900,3168191808,39358359040.0000,3,0.002000,1,-0.607500,0.000000,0.000000,0.000000,0.000000,0,-0.6074580380386996
2018-04-02,sh.000016,2717.1180,2754.6500,2707.6320,2711.3730,2722.1530,3469871904,43302463232.0000,3,0.002191,1,-0.396000,0.000000,0.000000,0.000000,0.000000,0,-0.3960100699703428
2018-04-03,sh.000016,2690.6320,2709.9070,2683.0480,2697.2720,2711.3730,2862816208,36026223616.0000,3,0.001807,1,-0.520100,0.000000,0.000000,0.000000,0.000000,0,-0.520068614683411
2018-04-04,sh.000016,2706.4200,2730.2480,2698.8860,2702.3690,2697.2720,2673225808,37548671744.0000,3,0.001688,1,0.189000,0.000000,0.000000,0.000000,0.000000,0,0.1889687061594092
2018-04-09,sh.000016,2706.3290,2721.5900,2688.8310,2715.7310,2702.3690,2629354896,35014124032.0000,3,0.001660,1,0.494500,0.000000,0.000000,0.000000,0.000000,0,0.4944550503650724
2018-04-10,sh.000016,2719.5170,2781.2680,2710.8680,2780.8030,2715.7310,3808253504,46905059840.0000,3,0.002404,1,2.396100,0.000000,0.000000,0.000000,0.000000,0,2.3961136062444988
2018-04-11,sh.000016,2782.6710,2803.8800,2767.3760,2785.3380,2780.8030,3898881104,45163364608.0000,3,0.002461,1,0.163100,0.000000,0.000000,0.000000,0.000000,0,0.16308239023046234
2018-04-12,sh.000016,2785.1200,2785.3070,2747.7720,2749.6980,2785.3380,2611214800,32674719488.0000,3,0.001647,1,-1.279600,0.000000,0.000000,0.000000,0.000000,0,-1.2795574540684251
2018-04-13,sh.000016,2765.6690,2771.0310,2724.1660,2726.3950,2749.6980,2175001408,26441150976.0000,3,0.001371,1,-0.847500,0.000000,0.000000,0.000000,0.000000,0,-0.8474748863329662
2018-04-16,sh.000016,2716.5780,2723.5790,2656.5200,2664.7040,2726.3950,3674875696,42548544256.0000,3,0.002317,1,-2.262700,0.000000,0.000000,0.000000,0.000000,0,-2.262731555772357
2018-04-17,sh.000016,2669.2640,2683.4950,2633.5920,2635.7030,2664.7040,2713975104,34686808576.0000,3,0.001711,1,-1.088300,0.000000,0.000000,0.000000,0.000000,0,-1.0883385171486237
2018-04-18,sh.000016,2666.6160,2668.7890,2623.9740,2653.7690,2635.7030,3154990304,40117474816.0000,3,0.001989,1,0.685400,0.000000,0.000000,0.000000,0.000000,0,0.6854338292288542
2018-04-19,sh.000016,2661.3000,2693.1350,2656.1480,2682.5510,2653.7690,2602567696,34609094912.0000,3,0.001641,1,1.084600,0.000000,0.000000,0.000000,0.000000,0,1.0845706615760564
2018-04-20,sh.000016,2672.3580,2677.9200,2632.7460,2647.3760,2682.5510,2813964704,34288995840.0000,3,0.001773,1,-1.311300,0.000000,0.000000,0.000000,0.000000,0,-1.3112518643634274
2018-04-23,sh.000016,2637.0710,2671.0090,2636.6770,2664.9170,2647.3760,2532125104,29520126720.0000,3,0.001595,1,0.662600,0.000000,0.000000,0.000000,0.000000,0,0.6625806081191232
2018-04-24,sh.000016,2669.6100,2737.2060,2669.6100,2722.8470,2664.9170,3944528896,47857182720.0000,3,0.002485,1,2.173800,0.000000,0.000000,0.000000,0.000000,0,2.173801285368371
2018-04-25,sh.000016,2707.7100,2717.3140,2696.2220,2702.9800,2722.8470,2350129296,27772719872.0000,3,0.001480,1,-0.729600,0.000000,0.000000,0.000000,0.000000,0,-0.7296407032786001
2018-04-26,sh.000016,2712.5170,2717.5690,2652.4220,2666.0230,2702.9800,2353313504,30650849280.0000,3,0.001482,1,-1.367300,0.000000,0.000000,0.000000,0.000000,0,-1.3672687182295085
2018-04-27,sh.000016,2672.6360,2675.0950,2613.5260,2653.5430,2666.0230,2837524800,50547114240.0000,3,0.001787,1,-0.468100,0.000000,0.000000,0.000000,0.000000,0,-0.4681129907731507
2018-05-02,sh.000016,2662.0780,2667.9620,2637.0610,2652.7310,2653.5430,2665940208,36833147136.0000,3,0.001679,1,-0.030600,0.000000,0.000000,0.000000,0.000000,0,-0.030600597013119568
2018-05-03,sh.000016,2643.9660,2671.2440,2626.5400,2663.9750,2652.7310,2622235008,34759395584.0000,3,0.001652,1,0.423900,0.000000,0.000000,0.000000,0.000000,0,0.4238650658509924
2018-05-04,sh.000016,2659.2720,2669.6980,2643.2560,2646.3540,2663.9750,2076166304,27084460544.0000,3,0.001308,1,-0.661500,0.000000,0.000000,0.000000,0.000000,0,-0.6614551562983961
2018-05-07,sh.000016,2649.0990,2686.2210,2638.1680,2683.8480,2646.3540,2660801008,39387560448.0000,3,0.001676,1,1.416800,0.000000,0.000000,0.000000,0.000000,0,1.41681725120677
2018-05-08,sh.000016,2683.8410,2736.7570,2682.7940,2722.8800,2683.8480,3164436400,45366811904.0000,3,0.001993,1,1.454300,0.000000,0.000000,0.000000,0.000000,0,1.454329753398853
2018-05-09,sh.000016,2723.0850,2725.1950,2706.4810,2717.2390,2722.8800,2026491600,26836482816.0000,3,0.001277,1,-0.207200,,,,,0,-0.2071703490421961
2018-05-10,sh.000016,2727.5150,2738.6290,2712.4740,2729.4000,2717.2390,1960917504,26915822592.0000,3,0.001235,1,0.447500,0.000000,0.000000,0.000000,0.000000,0,0.4475498842759107
2018-05-11,sh.000016,2737.2270,2738.6450,2720.5470,2724.7160,2729.4000,2348888496,28916753152.0000,3,0.001480,1,-0.171600,0.000000,0.000000,0.000000,0.000000,0,-0.17161280867590278
2018-05-14,sh.000016,2736.9750,2761.4940,2736.0350,2753.5350,2724.7160,2706150096,36510022400.0000,3,0.001705,1,1.057700,0.000000,0.000000,0.000000,0.000000,0,1.0576882141111188
2018-05-15,sh.000016,2760.1970,2760.5680,2731.5660,2750.8300,2753.5350,2252642208,29285882624.0000,3,0.001419,1,-0.098200,0.000000,0.000000,0.000000,0.000000,0,-0.09823735670692058
2018-05-16,sh.000016,2739.8940,2744.6170,2714.2640,2716.7810,2750.8300,2180867904,29565944320.0000,3,0.001374,1,-1.237800,0.000000,0.000000,0.000000,0.000000,0,-1.2377718724893905
2018-05-17,sh.000016,2720.7710,2724.3900,2698.1710,2700.8760,2716.7810,1674690704,22819122432.0000,3,0.001055,1,-0.585400,0.000000,0.000000,0.000000,0.000000,0,-0.5854354841262399
2018-05-18,sh.000016,2697.7170,2741.0140,2690.9910,2740.5340,2700.8760,2292726704,28871526656.0000,3,0.001444,1,1.468300,0.000000,0.000000,0.000000,0.000000,0,1.468338420571702
2018-05-21,sh.000016,2753.8790,2761.7220,2739.6810,2745.8040,2740.5340,2776658208,34138508288.0000,3,0.001749,1,0.192300,0.000000,0.000000,0.000000,0.000000,0,0.19229828931148774
2018-05-22,sh.000016,2744.3230,2744.3230,2711.0590,2728.0000,2745.8040,2334029504,27343650048.0000,3,0.001470,1,-0.648400,0.000000,0.000000,0.000000,0.000000,0,-0.6484075338225148
2018-05-23,sh.000016,2721.0200,2721.0200,2683.5850,2683.6930,2728.0000,2542659408,31024068096.0000,3,0.001602,1,-1.624200,0.000000,0.000000,0.000000,0.000000,0,-1.6241568914955984
2018-05-24,sh.000016,2684.1320,2691.0330,2664.1220,2665.6750,2683.6930,1973268896,23694518784.0000,3,0.001243,1,-0.671400,0.000000,0.000000,0.000000,0.000000,0,-0.6713882698207274
2018-05-25,sh.000016,2663.3210,2679.8480,2650.3380,2661.2910,2665.6750,1994220496,22816577280.0000,3,0.001256,1,-0.164500,0.000000,0.000000,0.000000,0.000000,0,-0.16446115899350078
2018-05-28,sh.000016,2661.2080,2682.7800,2650.3980,2673.1980,2661.2910,1853303904,25502551552.0000,3,0.001167,1,0.447400,0.000000,0.000000,0.000000,0.000000,0,0.44741443156721683
2018-05-29,sh.000016,2666.8300,2676.6820,2642.8660,2663.4030,2673.1980,2689562400,34869490432.0000,3,0.001694,1,-0.366400,0.000000,0.000000,0.000000,0.000000,0,-0.3664150579193892
2018-05-30,sh.000016,2632.7120,2637.1910,2604.9050,2605.9000,2663.4030,2420898608,31639051776.0000,3,0.001525,1,-2.159000,0.000000,0.000000,0.000000,0.000000,0,-2.1590048520633065
2018-05-31,sh.000016,2626.9370,2661.6560,2624.6710,2658.2910,2605.9000,2650681008,40160427264.0000,3,0.001670,1,2.010500,0.000000,0.000000,0.000000,0.000000,0,2.0104762270233056
2018-06-01,sh.000016,2652.2510,2664.3100,2637.3730,2647.1860,2658.2910,2038762400,27262324736.0000,3,0.001284,1,-0.417700,0.000000,0.000000,0.000000,0.000000,0,-0.417749599272621
2018-06-04,sh.000016,2664.8450,2697.7510,2658.5680,2694.5770,2647.1860,2254628800,34965207552.0000,3,0.001420,1,1.790200,0.000000,0.000000,0.000000,0.000000,0,1.790240655548958
2018-06-05,sh.000016,2697.6930,2712.1160,2680.2410,2707.0160,2694.5770,2221440496,39274706176.0000,3,0.001399,1,0.461600,0.000000,0.000000,0.000000,0.000000,0,0.46163089791086964
2018-06-06,sh.000016,2702.7110,2703.4140,2688.3280,2692.1800,2707.0160,2052311808,32474828544.0000,3,0.001293,1,-0.548100,0.000000,0.000000,0.000000,0.000000,0,-0.5480573443230607
2018-06-07,sh.000016,2697.5120,2717.0630,2693.1040,2695.2370,2692.1800,2351103008,37061172224.0000,3,0.001481,1,0.113600,0.000000,0.000000,0.000000,0.000000,0,0.1135510998521827
2018-06-08,sh.000016,2686.0920,2686.1530,2637.3620,2652.0820,2695.2370,2603121200,34396135936.0000,3,0.001640,1,-1.601200,0.000000,0.000000,0.000000,0.000000,0,-1.6011578944634675
2018-06-11,sh.000016,2644.4270,2665.9310,2633.0820,2660.4080,2652.0820,1977501808,34247914496.0000,3,0.001246,1,0.313900,0.000000,0.000000,0.000000,0.000000,0,0.3139420274335336
2018-06-12,sh.000016,2662.3870,2691.9660,2650.9740,2687.7010,2660.4080,1964300800,37585972992.0000,3,0.001250,1,1.025900,0.000000,0.000000,0.000000,0.000000,0,1.0258952762132845
2018-06-13,sh.000016,2681.3130,2686.0670,2662.7470,2671.6260,2687.7010,1938716496,31276410368.0000,3,0.001233,1,-0.598100,0.000000,0.000000,0.000000,0.000000,0,-0.5980948029561284
2018-06-14,sh.000016,2662.2340,2691.0440,2659.5740,2671.2970,2671.6260,2135695696,36200038400.0000,3,0.001359,1,-0.012300,0.000000,0.000000,0.000000,0.000000,0,-0.012314597926510462
2018-06-15,sh.000016,2657.5890,2677.3100,2657.5060,2667.9750,2671.2970,2561838896,36641713664.0000,3,0.001630,1,-0.124400,0.000000,0.000000,0.000000,0.000000,0,-0.12435906602673574
2018-06-19,sh.000016,2638.3950,2646.6390,2571.6920,2599.7800,2667.9750,5757435392,78041473024.0000,3,0.003663,1,-2.556100,0.000000,0.000000,0.000000,0.000000,0,-2.556058433830888
2018-06-20,sh.000016,2588.1180,2607.4670,2567.4980,2598.3280,2599.7800,2383085504,37407472896.0000,3,0.001516,1,-0.055900,0.000000,0.000000,0.000000,0.000000,0,-0.05585087968983382
2018-06-21,sh.000016,2597.3030,2628.0380,2575.1730,2579.0510,2598.3280,2463238608,37656267008.0000,3,0.001567,1,-0.741900,0.000000,0.000000,0.000000,0.000000,0,-0.7419001758053656
2018-06-22,sh.000016,2564.8670,2586.3330,2553.2990,2583.7080,2579.0510,1965883408,27587280896.0000,3,0.001251,1,0.180600,0.000000,0.000000,0.000000,0.000000,0,0.18057029504263689
2018-06-25,sh.000016,2593.6240,2595.9880,2535.1220,2536.4590,2583.7080,2344308400,34770055424.0000,3,0.001491,1,-1.828700,0.000000,0.000000,0.000000,0.000000,0,-1.8287283237889196
2018-06-26,sh.000016,2516.0820,2519.1610,2470.1460,2506.7160,2536.4590,2645010000,36753950464.0000,3,0.001683,1,-1.172600,0.000000,0.000000,0.000000,0.000000,0,-1.1726189936442921
2018-06-27,sh.000016,2500.0660,2512.5850,2438.0430,2452.6380,2506.7160,2742691904,38191024128.0000,3,0.001741,1,-2.157300,0.000000,0.000000,0.000000,0.000000,0,-2.1573245632931726
2018-06-28,sh.000016,2431.8600,2461.1730,2418.2950,2425.1750,2452.6380,2285604896,33377733376.0000,3,0.001451,1,-1.119700,0.000000,0.000000,0.000000,0.000000,0,-1.1197331200119898
2018-06-29,sh.000016,2431.8080,2481.3220,2429.5930,2479.9110,2425.1750,2076265296,28882933504.0000,3,0.001318,1,2.257000,0.000000,0.000000,0.000000,0.000000,0,2.2569917634809755
2018-07-02,sh.000016,2473.3110,2473.7340,2370.3990,2386.3760,2479.9110,2610815104,34815664896.0000,3,0.001645,1,-3.771700,0.000000,0.000000,0.000000,0.000000,0,-3.7717079362928674
2018-07-03,sh.000016,2389.3600,2395.0800,2331.8400,2388.9760,2386.3760,2907468000,41734889472.0000,3,0.001821,1,0.109000,0.000000,0.000000,0.000000,0.000000,0,0.10895181647820884
2018-07-04,sh.000016,2381.2530,2403.5100,2365.8930,2368.4250,2388.9760,1966447696,25915678464.0000,3,0.001232,1,-0.860200,0.000000,0.000000,0.000000,0.000000,0,-0.8602430497418156
2018-07-05,sh.000016,2370.8630,2398.5640,2352.9740,2374.3550,2368.4250,2526863904,31987649280.0000,3,0.001583,1,0.250400,0.000000,0.000000,0.000000,0.000000,0,0.25037736048216797
2018-07-06,sh.000016,2378.8680,2422.4030,2349.4750,2402.6170,2374.3550,2492203008,34949296640.0000,3,0.001555,1,1.190300,0.000000,0.000000,0.000000,0.000000,0,1.1903022083892267
2018-07-09,sh.000016,2410.5170,2471.7970,2410.5170,2471.2850,2402.6170,2433336608,32262518016.0000,3,0.001519,1,2.858000,0.000000,0.000000,0.000000,0.000000,0,2.8580502010932207
2018-07-10,sh.000016,2475.9770,2477.8440,2448.8600,2471.2290,2471.2850,2137346000,27528532992.0000,3,0.001334,1,-0.002300,0.000000,0.000000,0.000000,0.000000,0,-0.002266027592934261
2018-07-11,sh.000016,2420.1780,2443.3450,2409.3100,2432.2780,2471.2290,2085190096,25413234432.0000,3,0.001301,1,-1.576200,0.000000,0.000000,0.000000,0.000000,0,-1.5761793018777337
2018-07-12,sh.000016,2425.6650,2490.4430,2425.6650,2474.6240,2432.2780,2732409296,35199534592.0000,3,0.001705,1,1.741000,0.000000,0.000000,0.000000,0.000000,0,1.7410016453711208
2018-07-13,sh.000016,2480.8210,2481.5560,2464.9480,2476.8640,2474.6240,1983210000,27255893760.0000,3,0.001238,1,0.090500,0.000000,0.000000,0.000000,0.000000,0,0.09051880204831164
2018-07-16,sh.000016,2471.1520,2484.1700,2438.8590,2448.7650,2476.8640,1987246208,26038758144.0000,3,0.001240,1,-1.134500,0.000000,0.000000,0.000000,0.000000,0,-1.1344587349164215
2018-07-17,sh.000016,2443.5470,2446.0980,2414.3520,2430.4440,2448.7650,1666643296,23394743296.0000,3,0.001040,1,-0.748200,0.000000,0.000000,0.000000,0.000000,0,-0.7481730586642588
2018-07-18,sh.000016,2437.3760,2458.4800,2419.3160,2420.7590,2430.4440,1780746496,25693424384.0000,3,0.001110,1,-0.398500,0.000000,0.000000,0.000000,0.000000,0,-0.39848686083694407
2018-07-19,sh.000016,2432.8920,2452.4450,2418.6600,2426.1620,2420.7590,2044605408,27782081024.0000,3,0.001275,1,0.223200,0.000000,0.000000,0.000000,0.000000,0,0.22319446091081385
2018-07-20,sh.000016,2426.0970,2506.9360,2409.0530,2493.7650,2426.1620,3445347104,43533098752.0000,3,0.002148,1,2.786400,0.000000,0.000000,0.000000,0.000000,0,2.78641739504617
2018-07-23,sh.000016,2482.0480,2533.7730,2478.1880,2526.8120,2493.7650,3962566304,48771098112.0000,3,0.002470,1,1.325200,0.000000,0.000000,0.000000,0.000000,0,1.3251850114184727
2018-07-24,sh.000016,2534.0710,2579.5930,2534.0710,2563.5830,2526.8120,4883341568,59894611968.0000,3,0.003044,1,1.455200,0.000000,0.000000,0.000000,0.000000,0,1.455232918001026
2018-07-25,sh.000016,2573.9280,2573.9590,2550.9660,2563.6870,2563.5830,2650728096,32665789696.0000,3,0.001648,1,0.004100,0.000000,0.000000,0.000000,0.000000,0,0.004056822033837726
2018-07-26,sh.000016,2570.4840,2578.7150,2525.6660,2530.9910,2563.6870,2532843104,31611476224.0000,3,0.001574,1,-1.275400,0.000000,0.000000,0.000000,0.000000,0,-1.2753506960873073
2018-07-27,sh.000016,2529.6590,2541.2250,2515.8890,2525.0910,2530.9910,1896672800,24518467584.0000,3,0.001179,1,-0.233100,0.000000,0.000000,0.000000,0.000000,0,-0.23311027182633115
2018-07-30,sh.000016,2525.3800,2562.7600,2515.5520,2541.3080,2525.0910,2450625504,31092980224.0000,3,0.001523,1,0.642200,0.000000,0.000000,0.000000,0.000000,0,0.6422342798734881
2018-07-31,sh.000016,2537.0280,2553.8060,2521.8190,2545.1240,2541.3080,2024192896,24039711488.0000,3,0.001258,1,0.150200,0.000000,0.000000,0.000000,0.000000,0,0.15015889455349818
2018-08-01,sh.000016,2557.6050,2570.3110,2489.1240,2490.2450,2545.1240,2737226896,34530061568.0000,3,0.001701,1,-2.156200,0.000000,0.000000,0.000000,0.000000,0,-2.1562407175445997
2018-08-02,sh.000016,2483.7570,2485.4080,2412.9610,2440.3120,2490.2450,2960110896,38564615424.0000,3,0.001840,1,-2.005100,0.000000,0.000000,0.000000,0.000000,0,-2.0051440721696068
2018-08-03,sh.000016,2438.8430,2452.0660,2413.2500,2413.5030,2440.3120,2154621296,27748476416.0000,3,0.001339,1,-1.098600,0.000000,0.000000,0.000000,0.000000,0,-1.0985890328777503
2018-08-06,sh.000016,2417.3010,2448.9760,2393.6820,2406.5360,2413.5030,2572304096,32153359104.0000,3,0.001599,1,-0.288700,0.000000,0.000000,0.000000,0.000000,0,-0.2886675508586567
2018-08-07,sh.000016,2416.0120,2480.0950,2407.6420,2479.7790,2406.5360,2975211008,36302268672.0000,3,0.001849,1,3.043500,0.000000,0.000000,0.000000,0.000000,0,3.043503192971131
2018-08-08,sh.000016,2476.4010,2481.8420,2443.0680,2446.9970,2479.7790,2359092896,29660523520.0000,3,0.001466,1,-1.322000,0.000000,0.000000,0.000000,0.000000,0,-1.321972643529934
2018-08-09,sh.000016,2437.4490,2510.3590,2435.7940,2504.6170,2446.9970,2657695904,34656639744.0000,3,0.001652,1,2.354700,0.000000,0.000000,0.000000,0.000000,0,2.3547229522553614
2018-08-10,sh.000016,2505.3100,2518.1090,2485.9750,2503.2050,2504.6170,1942120896,24186557184.0000,3,0.001207,1,-0.056400,0.000000,0.000000,0.000000,0.000000,0,-0.056375885015558236
2018-08-13,sh.000016,2480.1010,2485.2330,2442.2270,2478.5080,2503.2050,2294184896,26665351424.0000,3,0.001426,1,-0.986600,0.000000,0.000000,0.000000,0.000000,0,-0.9866151593657002
2018-08-14,sh.000016,2475.4660,2482.7050,2454.9840,2469.2000,2478.5080,1707193104,20045977088.0000,3,0.001061,1,-0.375600,0.000000,0.000000,0.000000,0.000000,0,-0.3755485154778637
2018-08-15,sh.000016,2467.2470,2467.4460,2405.6040,2408.7210,2469.2000,1975617296,25686441984.0000,3,0.001228,1,-2.449300,0.000000,0.000000,0.000000,0.000000,0,-2.4493358172687385
2018-08-16,sh.000016,2381.0080,2430.9170,2367.0470,2405.1630,2408.7210,2549871808,29471698432.0000,3,0.001585,1,-0.147700,0.000000,0.000000,0.000000,0.000000,0,-0.14771324698875654
2018-08-17,sh.000016,2427.4700,2429.6770,2370.0400,2374.1720,2405.1630,2062984800,27133585920.0000,3,0.001282,1,-1.288500,0.000000,0.000000,0.000000,0.000000,0,-1.2885197385790526
2018-08-20,sh.000016,2386.1430,2409.1280,2370.8240,2409.1280,2374.1720,2300128304,29137721856.0000,3,0.001430,1,1.472300,0.000000,0.000000,0.000000,0.000000,0,1.4723448848693366
2018-08-21,sh.000016,2411.9820,2461.1350,2410.8880,2452.3830,2409.1280,2435895504,32859740928.0000,3,0.001514,1,1.795500,0.000000,0.000000,0.000000,0.000000,0,1.7954629226840435
2018-08-22,sh.000016,2461.4000,2461.4000,2438.9420,2450.1530,2452.3830,1605291600,23341039616.0000,3,0.000998,1,-0.090900,0.000000,0.000000,0.000000,0.000000,0,-0.09093196291117822
2018-08-23,sh.000016,2453.6550,2474.6880,2435.1600,2461.0670,2450.1530,1885643008,26228812800.0000,3,0.001172,1,0.445400,0.000000,0.000000,0.000000,0.000000,0,0.4454415703835757
2018-08-24,sh.000016,2449.3710,2496.3850,2438.7200,2471.9980,2461.0670,2076060800,25033439744.0000,3,0.001290,1,0.444200,0.000000,0.000000,0.000000,0.000000,0,0.44415694493487035
2018-08-27,sh.000016,2484.4090,2522.3390,2482.5160,2522.3390,2471.9980,2838508208,36374960640.0000,3,0.001764,1,2.036500,0.000000,0.000000,0.000000,0.000000,0,2.036449867677881
2018-08-28,sh.000016,2524.9220,2530.4960,2503.8060,2511.1450,2522.3390,2140162704,27357476608.0000,3,0.001330,1,-0.443800,0.000000,0.000000,0.000000,0.000000,0,-0.44379443048694345
2018-08-29,sh.000016,2506.1490,2515.0010,2497.8180,2503.4800,2511.1450,1818397696,22304401408.0000,3,0.001130,1,-0.305200,0.000000,0.000000,0.000000,0.000000,0,-0.30523924345268183
2018-08-30,sh.000016,2506.5290,2519.4010,2479.2090,2479.2090,2503.4800,1823355200,24060028160.0000,3,0.001133,1,-0.969500,0.000000,0.000000,0.000000,0.000000,0,-0.9694904692667872
2018-08-31,sh.000016,2462.7950,2490.4600,2455.9850,2474.4760,2479.2090,2622178096,34676329216.0000,3,0.001630,1,-0.190900,0.000000,0.000000,0.000000,0.000000,0,-0.1909076645010499
2018-09-03,sh.000016,2461.8600,2470.5140,2445.8730,2465.8790,2474.4760,1830665504,23175179008.0000,3,0.001138,1,-0.347400,0.000000,0.000000,0.000000,0.000000,0,-0.3474270916347666
2018-09-04,sh.000016,2467.2520,2507.0360,2451.7190,2500.4370,2465.8790,2059380496,26778972672.0000,3,0.001280,1,1.401500,0.000000,0.000000,0.000000,0.000000,0,1.4014475162812179
2018-09-05,sh.000016,2488.9030,2493.4730,2441.2290,2441.2290,2500.4370,2131644400,25994315008.0000,3,0.001325,1,-2.367900,0.000000,0.000000,0.000000,0.000000,0,-2.3679060900154703
2018-09-06,sh.000016,2432.3950,2449.8320,2408.9340,2416.0320,2441.2290,2087391104,26783391744.0000,3,0.001297,1,-1.032100,0.000000,0.000000,0.000000,0.000000,0,-1.032144055309836
2018-09-07,sh.000016,2424.4170,2458.2580,2416.1610,2437.6770,2416.0320,1836083008,24990642432.0000,3,0.001141,1,0.895900,0.000000,0.000000,0.000000,0.000000,0,0.8958904517820887
2018-09-10,sh.000016,2431.1780,2440.1070,2410.7860,2413.4250,2437.6770,1804125696,22252755200.0000,3,0.001121,1,-0.994900,0.000000,0.000000,0.000000,0.000000,0,-0.9948816024436313
2018-09-11,sh.000016,2412.1800,2422.9410,2387.6430,2398.7670,2413.4250,1811110096,23434140928.0000,3,0.001126,1,-0.607400,0.000000,0.000000,0.000000,0.000000,0,-0.6073526212747593
2018-09-12,sh.000016,2389.2840,2398.7280,2373.0360,2381.3880,2398.7670,1684524496,22303172608.0000,3,0.001047,1,-0.724500,0.000000,0.000000,0.000000,0.000000,0,-0.7244972104418657
2018-09-13,sh.000016,2413.4100,2419.9980,2381.0250,2415.3110,2381.3880,2147199104,28306392832.0000,3,0.001335,1,1.424500,0.000000,0.000000,0.000000,0.000000,0,1.4245053724970536
2018-09-14,sh.000016,2421.6590,2434.6730,2410.6630,2425.4200,2415.3110,1639188304,22697487872.0000,3,0.001019,1,0.418500,0.000000,0.000000,0.000000,0.000000,0,0.41853823379265354
2018-09-17,sh.000016,2411.3760,2418.1380,2397.9370,2399.8800,2425.4200,1368429296,18413972480.0000,3,0.000851,1,-1.053000,0.000000,0.000000,0.000000,0.000000,0,-1.0530134986930118
2018-09-18,sh.000016,2391.9460,2459.7700,2391.7270,2458.7670,2399.8800,2289194208,29860440832.0000,3,0.001423,1,2.453800,0.000000,0.000000,0.000000,0.000000,0,2.4537476873843556
2018-09-19,sh.000016,2455.4420,2505.0020,2452.5800,2487.0770,2458.7670,2897384800,38581196800.0000,3,0.001801,1,1.151400,0.000000,0.000000,0.000000,0.000000,0,1.15139010731804
2018-09-20,sh.000016,2492.3950,2503.0990,2480.5350,2487.4220,2487.0770,2294844096,27327581696.0000,3,0.001426,1,0.013900,0.000000,0.000000,0.000000,0.000000,0,0.01387170562068274
2018-09-21,sh.000016,2495.7370,2573.6030,2485.4110,2573.6030,2487.4220,4175327808,46760013568.0000,3,0.002595,1,3.464700,0.000000,0.000000,0.000000,0.000000,0,3.464671455024515
2018-09-25,sh.000016,2545.2130,2560.7160,2536.4270,2547.7910,2573.6030,2432129008,29275323904.0000,3,0.001512,1,-1.003000,0.000000,0.000000,0.000000,0.000000,0,-1.002951892735593
2018-09-26,sh.000016,2555.9200,2610.5890,2553.1660,2582.7660,2547.7910,3370433808,45864300032.0000,3,0.002095,1,1.372800,0.000000,0.000000,0.000000,0.000000,0,1.3727578125521278
2018-09-27,sh.000016,2582.1150,2584.0670,2561.5760,2575.4480,2582.7660,2295330896,29831869440.0000,3,0.001427,1,-0.283300,0.000000,0.000000,0.000000,0.000000,0,-0.28333964439675174
2018-09-28,sh.000016,2580.6560,2618.8250,2577.9820,2606.6670,2575.4480,2878034496,37086066688.0000,3,0.001789,1,1.212200,0.000000,0.000000,0.000000,0.000000,0,1.2121774541749675
2018-10-08,sh.000016,2544.4900,2548.8940,2481.1830,2486.8220,2606.6670,3370775200,45896476928.0000,3,0.002095,1,-4.597600,0.000000,0.000000,0.000000,0.000000,0,-4.597633683167047
2018-10-09,sh.000016,2481.5880,2506.2660,2476.3450,2491.6620,2486.8220,2166862000,27821740544.0000,3,0.001347,1,0.194600,0.000000,0.000000,0.000000,0.000000,0,0.19462591210788194
2018-10-10,sh.000016,2495.8590,2518.6070,2472.1890,2494.0550,2491.6620,2042109504,29055984640.0000,3,0.001269,1,0.096000,0.000000,0.000000,0.000000,0.000000,0,0.09604031365411103
2018-10-11,sh.000016,2412.2210,2446.3730,2369.0250,2390.5020,2494.0550,3693148608,47144413696.0000,3,0.002295,1,-4.152000,0.000000,0.000000,0.000000,0.000000,0,-4.151993440401269
2018-10-12,sh.000016,2398.1790,2452.6860,2390.9940,2444.1300,2390.5020,2900053296,37470242048.0000,3,0.001803,1,2.243400,0.000000,0.000000,0.000000,0.000000,0,2.2433781691042265
2018-10-15,sh.000016,2443.7300,2448.2570,2407.5480,2412.4790,2444.1300,2054321600,26673331712.0000,3,0.001277,1,-1.295000,0.000000,0.000000,0.000000,0.000000,0,-1.294980217909858
2018-10-16,sh.000016,2414.3170,2459.8780,2407.0030,2415.4920,2412.4790,1983219904,26111832832.0000,3,0.001233,1,0.124900,0.000000,0.000000,0.000000,0.000000,0,0.12489227885508214
2018-10-17,sh.000016,2446.4780,2451.1860,2384.1410,2429.2140,2415.4920,2485413008,31533042176.0000,3,0.001545,1,0.568100,0.000000,0.000000,0.000000,0.000000,0,0.5680830240795576
2018-10-18,sh.000016,2416.3720,2416.3720,2367.7140,2369.0670,2429.2140,2276504608,29580379136.0000,3,0.001415,1,-2.476000,0.000000,0.000000,0.000000,0.000000,0,-2.4759860596884398
2018-10-19,sh.000016,2353.8360,2451.7570,2344.9810,2446.3190,2369.0670,3138254800,42185839616.0000,3,0.001951,1,3.260900,0.000000,0.000000,0.000000,0.000000,0,3.260861765412293
2018-10-22,sh.000016,2463.4920,2566.6270,2463.4920,2540.1520,2446.3190,4632806912,64393838336.0000,3,0.002880,1,3.835700,0.000000,0.000000,0.000000,0.000000,0,3.835681282776293
2018-10-23,sh.000016,2539.6510,2544.2950,2451.6700,2464.8110,2540.1520,3541862304,55621787904.0000,3,0.002201,1,-2.966000,0.000000,0.000000,0.000000,0.000000,0,-2.9660036092328257
2018-10-24,sh.000016,2459.3200,2530.7740,2459.2120,2477.4880,2464.8110,3702758096,48850258944.0000,3,0.002301,1,0.514300,0.000000,0.000000,0.000000,0.000000,0,0.5143193534919988
2018-10-25,sh.000016,2419.1120,2486.7570,2415.4860,2485.0980,2477.4880,3113003904,43012012800.0000,3,0.001935,1,0.307200,0.000000,0.000000,0.000000,0.000000,0,0.30716596810964614
2018-10-26,sh.000016,2486.9970,2499.7570,2445.8290,2468.9090,2485.0980,2879333504,37746236160.0000,3,0.001790,1,-0.651400,0.000000,0.000000,0.000000,0.000000,0,-0.651443122162576
2018-10-29,sh.000016,2461.9240,2465.3690,2377.9850,2389.5760,2468.9090,2872827696,40215886848.0000,3,0.001786,1,-3.213300,0.000000,0.000000,0.000000,0.000000,0,-3.2132816559865107
2018-10-30,sh.000016,2380.4660,2449.2850,2378.8180,2415.6480,2389.5760,3246478608,52081900288.0000,3,0.002018,1,1.091100,0.000000,0.000000,0.000000,0.000000,0,1.0910722236915804
2018-10-31,sh.000016,2424.1600,2460.8360,2413.3360,2451.1200,2415.6480,3450076304,44512207360.0000,3,0.002144,1,1.468400,0.000000,0.000000,0.000000,0.000000,0,1.4684258633708147
2018-11-01,sh.000016,2474.2670,2500.1240,2455.7310,2460.1610,2451.1200,3769439008,50794892544.0000,3,0.002343,1,0.368800,0.000000,0.000000,0.000000,0.000000,0,0.3688517902020294
2018-11-02,sh.000016,2522.3900,2544.1870,2489.0670,2542.7680,2460.1610,4732880384,62090716416.0000,3,0.002942,1,3.357800,0.000000,0.000000,0.000000,0.000000,0,3.357788372387005
2018-11-05,sh.000016,2520.8770,2524.6510,2489.5930,2511.5890,2542.7680,2826235904,37305733632.0000,3,0.001757,1,-1.226200,0.000000,0.000000,0.000000,0.000000,0,-1.2261834347451317
2018-11-06,sh.000016,2507.3580,2509.6400,2478.3750,2499.6790,2511.5890,2210240000,27830069248.0000,3,0.001374,1,-0.474200,0.000000,0.000000,0.000000,0.000000,0,-0.4742017901814277
2018-11-07,sh.000016,2503.6810,2521.1500,2479.2480,2482.3340,2499.6790,2615856400,30891232768.0000,3,0.001626,1,-0.693900,0.000000,0.000000,0.000000,0.000000,0,-0.6938890953598564
2018-11-08,sh.000016,2507.5930,2511.0040,2480.3270,2485.9970,2482.3340,2031124608,26155585280.0000,3,0.001262,1,0.147600,0.000000,0.000000,0.000000,0.000000,0,0.14756273732705605
2018-11-09,sh.000016,2469.8900,2469.8900,2434.0810,2434.2120,2485.9970,2803674208,30360304896.0000,3,0.001743,1,-2.083100,0.000000,0.000000,0.000000,0.000000,0,-2.083067678681827
2018-11-12,sh.000016,2426.8260,2447.4620,2419.9670,2444.9670,2434.2120,2290729904,29682529024.0000,3,0.001424,1,0.441800,0.000000,0.000000,0.000000,0.000000,0,0.44182675954271833
2018-11-13,sh.000016,2415.2990,2474.8230,2413.7760,2462.9720,2444.9670,2768189808,34914183936.0000,3,0.001721,1,0.736400,0.000000,0.000000,0.000000,0.000000,0,0.7364107572822132
2018-11-14,sh.000016,2462.1770,2462.1770,2425.9660,2429.9850,2462.9720,2701656496,31710019072.0000,3,0.001679,1,-1.339300,0.000000,0.000000,0.000000,0.000000,0,-1.3393168903260033
2018-11-15,sh.000016,2430.1860,2459.4340,2427.0660,2459.1410,2429.9850,2474501696,30254544128.0000,3,0.001538,1,1.199800,0.000000,0.000000,0.000000,0.000000,0,1.1998427973835213
2018-11-16,sh.000016,2458.4760,2482.4410,2443.1170,2461.4440,2459.1410,3150058304,39145116416.0000,3,0.001958,1,0.093600,0.000000,0.000000,0.000000,0.000000,0,0.09365058774588597
2018-11-19,sh.000016,2466.4290,2492.0840,2461.7950,2492.0840,2461.4440,2972015296,38040917248.0000,3,0.001847,1,1.244800,0.000000,0.000000,0.000000,0.000000,0,1.2447977691143919
2018-11-20,sh.000016,2475.2280,2484.0120,2441.8490,2446.7910,2492.0840,2694532208,32913380864.0000,3,0.001675,1,-1.817500,0.000000,0.000000,0.000000,0.000000,0,-1.817474852372536
2018-11-21,sh.000016,2425.7160,2454.4590,2425.2310,2451.2720,2446.7910,2190453408,26826856448.0000,3,0.001361,1,0.183100,0.000000,0.000000,0.000000,0.000000,0,0.18313783236900694
2018-11-22,sh.000016,2455.7710,2456.9120,2426.1230,2437.6380,2451.2720,1642482800,21069166848.0000,3,0.001021,1,-0.556200,0.000000,0.000000,0.000000,0.000000,0,-0.5562010254267946
2018-11-23,sh.000016,2433.5340,2441.3180,2398.7260,2399.2020,2437.6380,2121988896,24231459072.0000,3,0.001319,1,-1.576800,0.000000,0.000000,0.000000,0.000000,0,-1.5767722688930674
2018-11-26,sh.000016,2409.4680,2423.4620,2393.9780,2401.8970,2399.2020,1621533904,18832300544.0000,3,0.001008,1,0.112300,0.000000,0.000000,0.000000,0.000000,0,0.11232901606450518
2018-11-27,sh.000016,2407.2260,2416.4370,2387.9260,2394.2940,2401.8970,1496893600,17940814848.0000,3,0.000930,1,-0.316500,0.000000,0.000000,0.000000,0.000000,0,-0.31654146701545205
2018-11-28,sh.000016,2396.2950,2426.6590,2394.2500,2421.1330,2394.2940,1705968608,21351171840.0000,3,0.001060,1,1.121000,0.000000,0.000000,0.000000,0.000000,0,1.1209567413191568
2018-11-29,sh.000016,2437.9200,2441.4150,2401.8520,2401.8520,2421.1330,1984535296,25290386944.0000,3,0.001233,1,-0.796400,0.000000,0.000000,0.000000,0.000000,0,-0.7963626946557611
2018-11-30,sh.000016,2403.2310,2430.6500,2402.5440,2428.0440,2401.8520,1932253408,23150338304.0000,3,0.001201,1,1.090500,0.000000,0.000000,0.000000,0.000000,0,1.0904918371323458
2018-12-03,sh.000016,2492.4330,2500.5670,2467.9350,2488.0560,2428.0440,3536961200,48628578816.0000,3,0.002198,1,2.471600,0.000000,0.000000,0.000000,0.000000,0,2.4716191304605672
2018-12-04,sh.000016,2488.5750,2496.8140,2476.9070,2496.1420,2488.0560,2384960496,30722358272.0000,3,0.001482,1,0.325000,0.000000,0.000000,0.000000,0.000000,0,0.32499268505210566
2018-12-05,sh.000016,2467.5550,2492.3150,2465.2510,2481.7910,2496.1420,2048360896,27883112704.0000,3,0.001273,1,-0.574900,0.000000,0.000000,0.000000,0.000000,0,-0.5749272276977746
2018-12-06,sh.000016,2453.5620,2460.2300,2431.8640,2434.4900,2481.7910,2167120496,29561052160.0000,3,0.001347,1,-1.905900,0.000000,0.000000,0.000000,0.000000,0,-1.90592197328463
2018-12-07,sh.000016,2441.3750,2444.9840,2427.8870,2430.7220,2434.4900,1453465296,20820781568.0000,3,0.000903,1,-0.154800,0.000000,0.000000,0.000000,0.000000,0,-0.15477574358487844
2018-12-10,sh.000016,2410.1670,2425.7350,2399.3220,2408.6060,2430.7220,1758651504,23162583296.0000,3,0.001093,1,-0.909900,0.000000,0.000000,0.000000,0.000000,0,-0.9098531218296402
2018-12-11,sh.000016,2408.9160,2420.5200,2405.8650,2415.5770,2408.6060,1288550496,17056710400.0000,3,0.000801,1,0.289400,0.000000,0.000000,0.000000,0.000000,0,0.2894205195868471
2018-12-12,sh.000016,2437.6050,2437.6050,2414.3300,2423.3170,2415.5770,1423084608,18683315712.0000,3,0.000885,1,0.320400,0.000000,0.000000,0.000000,0.000000,0,0.3204203384946869
2018-12-13,sh.000016,2429.3880,2469.6990,2423.5690,2457.9040,2423.3170,2808551008,36815471872.0000,3,0.001746,1,1.427300,0.000000,0.000000,0.000000,0.000000,0,1.4272585881252908
2018-12-14,sh.000016,2446.8100,2448.7980,2423.0880,2423.3810,2457.9040,2585535696,30934774016.0000,3,0.001607,1,-1.404600,0.000000,0.000000,0.000000,0.000000,0,-1.404570723673515
2018-12-17,sh.000016,2420.5760,2430.8880,2409.0090,2425.9440,2423.3810,2117099696,27336830976.0000,3,0.001316,1,0.105800,0.000000,0.000000,0.000000,0.000000,0,0.10576133096693585
2018-12-18,sh.000016,2409.5750,2427.6840,2388.9820,2397.8670,2425.9440,2068126896,25490008576.0000,3,0.001287,1,-1.157400,0.000000,0.000000,0.000000,0.000000,0,-1.1573638962811938
2018-12-19,sh.000016,2401.9080,2403.8950,2366.4000,2369.5480,2397.8670,1866463296,25313964288.0000,3,0.001161,1,-1.181000,0.000000,0.000000,0.000000,0.000000,0,-1.181007954152602
2018-12-20,sh.000016,2363.0030,2372.3730,2319.0950,2334.9210,2369.5480,2689346096,32198354688.0000,3,0.001673,1,-1.461300,0.000000,0.000000,0.000000,0.000000,0,-1.4613335539098604
2018-12-21,sh.000016,2325.9780,2327.4360,2288.4040,2306.1450,2334.9210,2475280704,31278957056.0000,3,0.001540,1,-1.232400,0.000000,0.000000,0.000000,0.000000,0,-1.23241857005012
2018-12-24,sh.000016,2293.7480,2311.7340,2286.9890,2309.2320,2306.1450,1831829600,21344497152.0000,3,0.001140,1,0.133900,0.000000,0.000000,0.000000,0.000000,0,0.13385975296436037
2018-12-25,sh.000016,2285.6600,2308.6050,2256.4710,2297.3320,2309.2320,2400326208,27287608832.0000,3,0.001493,1,-0.515300,0.000000,0.000000,0.000000,0.000000,0,-0.515322843265642
2018-12-26,sh.000016,2293.2880,2303.1960,2278.2930,2281.5570,2297.3320,1578716400,18688493056.0000,3,0.098216,1,-0.686700,0.000000,0.000000,0.000000,0.000000,0,-0.6866660978909533
2018-12-27,sh.000016,2310.8100,2313.0450,2275.0360,2276.0570,2281.5570,2675621504,29948335872.0000,3,0.166457,1,-0.241100,0.000000,0.000000,0.000000,0.000000,0,-0.241063449214729
2018-12-28,sh.000016,2279.6980,2305.9080,2278.2480,2293.0980,2276.0570,2427734800,30980579840.0000,3,0.151036,1,0.748700,0.000000,0.000000,0.000000,0.000000,0,0.7487070842250532
2019-01-02,sh.000016,2298.1800,2301.0550,2252.7470,2262.7900,2293.0980,2088069696,28119934208.0000,3,0.129904,1,-1.321700,0.000000,0.000000,0.000000,0.000000,0,-1.321705395931616
2019-01-03,sh.000016,2259.4820,2287.7770,2253.9430,2269.2430,2262.7900,1889524000,24534925568.0000,3,0.117552,1,0.285200,0.000000,0.000000,0.000000,0.000000,0,0.2851789162936047
2019-01-04,sh.000016,2252.7440,2316.3520,2249.3650,2314.6460,2269.2430,2590059600,34317942528.0000,3,0.161134,1,2.000800,0.000000,0.000000,0.000000,0.000000,0,2.0007993855219564
2019-01-07,sh.000016,2329.0310,2331.6030,2306.8970,2314.3190,2314.6460,2527894800,31955994368.0000,3,0.157267,1,-0.014100,0.000000,0.000000,0.000000,0.000000,0,-0.014127430285248987
2019-01-08,sh.000016,2312.1700,2312.1700,2298.9540,2305.1700,2314.3190,1813116000,22329122048.0000,3,0.112799,1,-0.395300,0.000000,0.000000,0.000000,0.000000,0,-0.3953214746973077
2019-01-09,sh.000016,2320.9110,2360.3600,2318.4350,2332.7190,2305.1700,2874759600,37485405952.0000,3,0.178846,1,1.195100,0.000000,0.000000,0.000000,0.000000,0,1.1950962401905185
2019-01-10,sh.000016,2333.2160,2345.3310,2321.3040,2331.8500,2332.7190,2228050704,28880603136.0000,3,0.138613,1,-0.037200,0.000000,0.000000,0.000000,0.000000,0,-0.03725266523744164
2019-01-11,sh.000016,2342.0230,2360.0600,2334.9140,2354.4980,2331.8500,1841769296,24514111744.0000,3,0.114581,1,0.971200,0.000000,0.000000,0.000000,0.000000,0,0.971246006389781
2019-01-14,sh.000016,2350.2560,2354.3080,2330.0040,2331.1350,2354.4980,1646225200,20643865600.0000,3,0.102454,1,-0.992300,0.000000,0.000000,0.000000,0.000000,0,-0.9922709639167193
2019-01-15,sh.000016,2337.7020,2380.5990,2332.4090,2378.3690,2331.1350,2246633600,32220714496.0000,3,0.139821,1,2.026200,0.000000,0.000000,0.000000,0.000000,0,2.0262232775021483
2019-01-16,sh.000016,2375.1700,2385.2160,2366.3440,2381.2170,2378.3690,1809703904,25235752704.0000,3,0.112628,1,0.119800,0.000000,0.000000,0.000000,0.000000,0,0.11974592672541196
2019-01-17,sh.000016,2388.5920,2396.7990,2370.5800,2371.3480,2381.2170,2155500000,26964929536.0000,3,0.134149,1,-0.414500,0.000000,0.000000,0.000000,0.000000,0,-0.4144519378116329
2019-01-18,sh.000016,2385.6210,2422.0290,2380.5620,2417.3630,2371.3480,3008820000,37495330048.0000,3,0.187256,1,1.940500,0.000000,0.000000,0.000000,0.000000,0,1.9404574950618647
2019-01-21,sh.000016,2418.0040,2443.2250,2418.0040,2432.4870,2417.3620,2623723600,33912529408.0000,3,0.163290,1,0.625700,0.000000,0.000000,0.000000,0.000000,0,0.6256404189193043
2019-01-22,sh.000016,2430.4340,2430.4340,2394.1840,2401.2330,2432.4870,1937313696,25702749952.0000,3,0.120570,1,-1.284900,0.000000,0.000000,0.000000,0.000000,0,-1.28485784302238
2019-01-23,sh.000016,2397.4090,2414.0240,2392.6410,2397.0490,2401.2330,1629013504,20185057280.0000,3,0.101382,1,-0.174200,0.000000,0.000000,0.000000,0.000000,0,-0.1742438155730941
2019-01-24,sh.000016,2401.3760,2414.8880,2385.0980,2411.5620,2397.0490,2041569696,27328504064.0000,3,0.127058,1,0.605500,0.000000,0.000000,0.000000,0.000000,0,0.6054527879905569
2019-01-25,sh.000016,2419.2560,2453.6650,2418.0080,2441.6400,2411.5620,2568367904,32544229888.0000,3,0.159843,1,1.247200,0.000000,0.000000,0.000000,0.000000,0,1.2472414144857114
2019-01-28,sh.000016,2455.2760,2473.1180,2429.8790,2437.0260,2441.6400,2346816304,32696609536.0000,3,0.146055,1,-0.189000,0.000000,0.000000,0.000000,0.000000,0,-0.18897134712734243
2019-01-29,sh.000016,2433.3050,2461.5170,2423.4610,2455.8960,2437.0260,2186348000,27141683200.0000,3,0.136068,1,0.774300,0.000000,0.000000,0.000000,0.000000,0,0.7743044185823278
2019-01-30,sh.000016,2445.8640,2462.6050,2439.3310,2440.0140,2455.8960,1783517008,22414217216.0000,3,0.110998,1,-0.646700,0.000000,0.000000,0.000000,0.000000,0,-0.6466886219937629
2019-01-31,sh.000016,2454.6430,2487.0960,2450.1830,2483.4700,2440.0140,2668129808,34141608192.0000,3,0.166052,1,1.781000,0.000000,0.000000,0.000000,0.000000,0,1.7809733878575873
2019-02-01,sh.000016,2502.1040,2503.5520,2479.3370,2499.6440,2483.4700,2195005408,29364023040.0000,3,0.136607,1,0.651300,0.000000,0.000000,0.000000,0.000000,0,0.6512661719287882
2019-02-11,sh.000016,2485.5030,2528.3840,2484.6470,2527.4730,2499.6440,2521157008,34715191296.0000,3,0.156905,1,1.113300,0.000000,0.000000,0.000000,0.000000,0,1.1133185365596043
2019-02-12,sh.000016,2528.1030,2537.2930,2515.0260,2533.1810,2527.4730,2545880400,33771727360.0000,3,0.158444,1,0.225800,0.000000,0.000000,0.000000,0.000000,0,0.22583821864763376
2019-02-13,sh.000016,2538.4160,2587.8760,2528.2260,2580.6110,2533.1810,3982183200,48008835584.0000,3,0.248035,1,1.872400,0.000000,0.000000,0.000000,0.000000,0,1.8723494294327958
2019-02-14,sh.000016,2572.6410,2585.5080,2564.8710,2576.3060,2580.6110,2771851504,35168460032.0000,3,0.172648,1,-0.166800,0.000000,0.000000,0.000000,0.000000,0,-0.16682095829242405
2019-02-15,sh.000016,2566.3360,2568.7860,2515.8870,2517.4620,2576.3060,3031579600,39093901824.0000,3,0.188812,1,-2.284000,0.000000,0.000000,0.000000,0.000000,0,-2.2840454511226516
2019-02-18,sh.000016,2540.5320,2583.3970,2540.2960,2582.8510,2517.4620,3740059200,47875957504.0000,3,0.232937,1,2.597400,0.000000,0.000000,0.000000,0.000000,0,2.5974175578419967
2019-02-19,sh.000016,2586.8580,2614.3640,2568.1750,2579.0460,2582.8510,3790737904,49607504128.0000,3,0.236093,1,-0.147300,0.000000,0.000000,0.000000,0.000000,0,-0.14731782824484174
2019-02-20,sh.000016,2593.7880,2599.5450,2569.9830,2588.1660,2579.0460,2996518096,38166831872.0000,3,0.186628,1,0.353600,0.000000,0.000000,0.000000,0.000000,0,0.3536191289337465
2019-02-21,sh.000016,2586.7380,2615.4690,2569.4750,2577.2250,2588.1660,3525285504,44405018368.0000,3,0.219560,1,-0.422700,0.000000,0.000000,0.000000,0.000000,0,-0.42273177222791336
2019-02-22,sh.000016,2575.9980,2623.0930,2555.7250,2623.0730,2577.2250,4138415104,53491957504.0000,3,0.257747,1,1.779000,0.000000,0.000000,0.000000,0.000000,0,1.7789676881141414
2019-02-25,sh.000016,2652.9050,2788.6660,2652.9050,2787.6980,2623.0730,9693905152,125003280384.0000,3,0.603752,1,6.276000,0.000000,0.000000,0.000000,0.000000,0,6.27603577940834
2019-02-26,sh.000016,2781.3080,2804.1630,2729.4760,2733.9000,2787.6980,8723016192,114283253760.0000,3,0.543283,1,-1.929800,0.000000,0.000000,0.000000,0.000000,0,-1.9298360152354976
2019-02-27,sh.000016,2739.1100,2794.9320,2722.3090,2750.3390,2733.9000,7550886400,91098636288.0000,3,0.470281,1,0.601300,0.000000,0.000000,0.000000,0.000000,0,0.601302169062512
2019-02-28,sh.000016,2749.8690,2767.8600,2733.0300,2743.9710,2750.3390,4634095872,62186339072.0000,3,0.288619,1,-0.231500,0.000000,0.000000,0.000000,0.000000,0,-0.23153509440109188
2019-03-01,sh.000016,2764.9460,2819.4680,2747.2130,2819.4680,2743.9710,5610014720,76333699072.0000,3,0.349400,1,2.751400,0.000000,0.000000,0.000000,0.000000,0,2.7513774744703845
2019-03-04,sh.000016,2839.4040,2907.8170,2816.9780,2832.5870,2819.4680,9218016768,118854254592.0000,3,0.574112,1,0.465300,0.000000,0.000000,0.000000,0.000000,0,0.46530054606046534
2019-03-05,sh.000016,2829.4990,2835.1060,2807.1220,2828.8680,2832.5870,6034923520,75288723456.0000,3,0.375864,1,-0.131300,0.000000,0.000000,0.000000,0.000000,0,-0.13129340775764886
2019-03-06,sh.000016,2827.8570,2847.3780,2797.5020,2840.2710,2828.8680,6949222400,91060936704.0000,3,0.432808,1,0.403100,0.000000,0.000000,0.000000,0.000000,0,0.4030940998307475
2019-03-07,sh.000016,2831.3610,2831.3610,2773.3520,2789.7000,2840.2710,7326395904,102232457216.0000,3,0.456299,1,-1.780500,0.000000,0.000000,0.000000,0.000000,0,-1.780499114345091
2019-03-08,sh.000016,2731.5300,2753.5520,2684.1960,2685.5920,2789.7000,7203392768,96388378624.0000,3,0.448639,1,-3.731900,0.000000,0.000000,0.000000,0.000000,0,-3.731870810481408
2019-03-11,sh.000016,2683.7640,2714.0890,2670.7920,2708.5980,2685.5920,5201405184,70198689792.0000,3,0.323952,1,0.856600,0.000000,0.000000,0.000000,0.000000,0,0.8566453876835967
2019-03-12,sh.000016,2730.5290,2759.6090,2704.6920,2719.7720,2708.5980,6486754304,85051842560.0000,3,0.404005,1,0.412500,0.000000,0.000000,0.000000,0.000000,0,0.4125381470413858
2019-03-13,sh.000016,2731.5000,2747.9560,2699.9800,2723.9610,2719.7720,5406457088,74117603328.0000,3,0.336723,1,0.154000,0.000000,0.000000,0.000000,0.000000,0,0.15402026346325037
2019-03-14,sh.000016,2720.1880,2752.6610,2716.2680,2729.1320,2723.9610,4347181312,62567909632.0000,3,0.270749,1,0.189800,0.000000,0.000000,0.000000,0.000000,0,0.1898338485756712
2019-03-15,sh.000016,2735.9990,2783.5060,2735.8620,2755.8050,2729.1320,4412309504,67258458880.0000,3,0.274806,1,0.977300,0.000000,0.000000,0.000000,0.000000,0,0.9773437122132522
2019-03-18,sh.000016,2763.2250,2827.2600,2749.1980,2825.1830,2755.8050,6160523520,87655202816.0000,3,0.383687,1,2.517500,0.000000,0.000000,0.000000,0.000000,0,2.5175221033418627
2019-03-19,sh.000016,2830.2420,2842.4450,2797.7170,2806.8960,2825.1830,4345905664,62362679296.0000,3,0.270670,1,-0.647300,0.000000,0.000000,0.000000,0.000000,0,-0.6472855032753522
2019-03-20,sh.000016,2799.3250,2831.6250,2787.2830,2812.9170,2806.8960,4032224704,58429045760.0000,3,0.251133,1,0.214500,0.000000,0.000000,0.000000,0.000000,0,0.21450741317097233
2019-03-21,sh.000016,2816.4510,2822.6330,2799.8330,2802.9640,2812.9170,4363138560,63731399168.0000,3,0.271743,1,-0.353800,0.000000,0.000000,0.000000,0.000000,0,-0.3538319829557657
2019-03-22,sh.000016,2804.7170,2813.5150,2771.9560,2795.3900,2802.9640,3598807008,50509047808.0000,3,0.224139,1,-0.270200,0.000000,0.000000,0.000000,0.000000,0,-0.2702139592231645
2019-03-25,sh.000016,2757.8100,2765.8410,2717.2930,2718.1800,2795.3900,5214091520,66207962112.0000,3,0.324742,1,-2.762000,0.000000,0.000000,0.000000,0.000000,0,-2.7620475139426004
2019-03-26,sh.000016,2737.3720,2739.2850,2693.9110,2706.1530,2718.1800,4007395504,52612740864.0000,3,0.249587,1,-0.442500,0.000000,0.000000,0.000000,0.000000,0,-0.4424651789064704
2019-03-27,sh.000016,2721.1370,2751.7210,2714.0950,2741.5900,2706.1530,3354201808,51900870656.0000,3,0.208905,1,1.309500,0.000000,0.000000,0.000000,0.000000,0,1.309497282673977
2019-03-28,sh.000016,2728.0440,2742.7010,2709.3870,2733.9740,2741.5900,3184030304,46631870208.0000,3,0.198306,1,-0.277800,0.000000,0.000000,0.000000,0.000000,0,-0.27779500217027797
2019-03-29,sh.000016,2747.5410,2845.2270,2746.1130,2838.5050,2733.9740,5967666944,90550419456.0000,3,0.371506,1,3.823400,0.000000,0.000000,0.000000,0.000000,0,3.8234087083490964
2019-04-01,sh.000016,2860.1440,2906.1500,2860.1440,2892.6190,2838.5050,7791214592,104513802240.0000,3,0.485027,1,1.906400,0.000000,0.000000,0.000000,0.000000,0,1.9064260940178102
2019-04-02,sh.000016,2900.6310,2903.8680,2878.3940,2888.5300,2892.6190,6118746112,77540950016.0000,3,0.380911,1,-0.141400,0.000000,0.000000,0.000000,0.000000,0,-0.14135978502526347
2019-04-03,sh.000016,2869.8460,2923.9210,2865.2960,2920.0010,2888.5300,6472374784,81562042368.0000,3,0.402925,1,1.089500,0.000000,0.000000,0.000000,0.000000,0,1.0895161206565307
2019-04-04,sh.000016,2927.1000,2959.5890,2921.2030,2951.9840,2920.0010,7303571712,89999491072.0000,3,0.454670,1,1.095300,0.000000,0.000000,0.000000,0.000000,0,1.0953078440726571
2019-04-08,sh.000016,2978.5030,3007.8290,2938.6460,2962.2740,2951.9840,7453190912,97533308928.0000,3,0.463984,1,0.348600,0.000000,0.000000,0.000000,0.000000,0,0.34857912509009825
2019-04-09,sh.000016,2968.0770,2980.1220,2948.3050,2967.5130,2962.2740,5080214272,72309796864.0000,3,0.316259,1,0.176900,0.000000,0.000000,0.000000,0.000000,0,0.17685737376083033
2019-04-10,sh.000016,2957.2700,2996.4060,2941.3470,2979.0980,2967.5130,4869243904,75072995328.0000,3,0.303126,1,0.390400,0.000000,0.000000,0.000000,0.000000,0,0.39039424595612715
2019-04-11,sh.000016,2982.3920,3000.0950,2920.1930,2928.4260,2979.0980,4281114400,64001721600.0000,3,0.266513,1,-1.700900,0.000000,0.000000,0.000000,0.000000,0,-1.700917526043122
2019-04-12,sh.000016,2920.5530,2933.4460,2903.2680,2920.5150,2928.4260,3252163296,47318241024.0000,3,0.202457,1,-0.270100,0.000000,0.000000,0.000000,0.000000,0,-0.2701451223285134
2019-04-15,sh.000016,2973.0220,2999.3250,2924.6010,2924.9250,2920.5150,5843752704,77706067968.0000,3,0.363792,1,0.151000,0.000000,0.000000,0.000000,0.000000,0,0.15100076527598816
2019-04-16,sh.000016,2914.9890,3023.0250,2909.6650,3023.0250,2924.9250,7076416256,85299154944.0000,3,0.440529,1,3.353900,0.000000,0.000000,0.000000,0.000000,0,3.3539321521064647
2019-04-17,sh.000016,3017.3940,3035.4050,2996.7600,3017.4160,3023.0250,4996067584,64317209088.0000,3,0.311021,1,-0.185500,0.000000,0.000000,0.000000,0.000000,0,-0.18554262700440916
2019-04-18,sh.000016,3014.9140,3019.5440,2993.2740,3004.9240,3017.4160,3967068400,50009082112.0000,3,0.246962,1,-0.414000,0.000000,0.000000,0.000000,0.000000,0,-0.41399661167038637
2019-04-19,sh.000016,3013.6720,3043.9260,2989.5480,3042.4320,3004.9240,3994367200,56035404800.0000,3,0.248662,1,1.248200,0.000000,0.000000,0.000000,0.000000,0,1.2482179249791336
2019-04-22,sh.000016,3047.4250,3048.8230,2962.3580,2970.4880,3042.4320,5675969792,74865754112.0000,3,0.353347,1,-2.364700,0.000000,0.000000,0.000000,0.000000,0,-2.3646871976103268
2019-04-23,sh.000016,2967.9950,3007.3540,2964.9780,2978.8450,2970.4880,4106545600,57398711296.0000,3,0.255645,1,0.281300,0.000000,0.000000,0.000000,0.000000,0,0.28133424541691987
2019-04-24,sh.000016,2989.9590,3001.5340,2933.5280,2974.8470,2978.8450,3542572896,51081275904.0000,3,0.220536,1,-0.134200,0.000000,0.000000,0.000000,0.000000,0,-0.1342130926583862
2019-04-25,sh.000016,2962.7410,2973.2220,2924.0240,2927.9950,2974.8470,3893448304,52302557184.0000,3,0.242379,1,-1.574900,0.000000,0.000000,0.000000,0.000000,0,-1.5749381396757633
2019-04-26,sh.000016,2913.7740,2930.2080,2892.5270,2892.8560,2927.9950,3656219696,52261886720.0000,3,0.227611,1,-1.200100,0.000000,0.000000,0.000000,0.000000,0,-1.2001045083751771
2019-04-29,sh.000016,2906.4680,2968.1620,2899.8270,2939.4050,2892.8560,3924935504,60772632064.0000,3,0.244339,1,1.609100,0.000000,0.000000,0.000000,0.000000,0,1.6091018702624638
2019-04-30,sh.000016,2935.2410,2955.8840,2919.4930,2945.2430,2939.4050,3212798304,49535144448.0000,3,0.200007,1,0.198600,0.000000,0.000000,0.000000,0.000000,0,0.1986116237809865
2019-05-06,sh.000016,2853.8840,2867.5970,2768.8010,2805.0350,2945.2430,6243606272,93816545280.0000,3,0.388684,1,-4.760500,0.000000,0.000000,0.000000,0.000000,0,-4.760490051245347
2019-05-07,sh.000016,2814.4680,2833.1950,2777.7340,2806.2570,2805.0350,3541817696,59334291968.0000,3,0.220489,1,0.043600,0.000000,0.000000,0.000000,0.000000,0,0.04356451880280776
2019-05-08,sh.000016,2753.6110,2796.4660,2750.9250,2758.2430,2806.2570,3039877200,47867856896.0000,3,0.189240,1,-1.711000,0.000000,0.000000,0.000000,0.000000,0,-1.7109623245483263
2019-05-09,sh.000016,2740.3490,2748.0070,2686.4660,2698.7800,2758.2430,3075868096,52817873408.0000,3,0.191407,1,-2.155800,0.000000,0.000000,0.000000,0.000000,0,-2.1558289099256167
2019-05-10,sh.000016,2731.5770,2798.8740,2698.8060,2793.7580,2698.7800,3945327808,64003883264.0000,3,0.245512,1,3.519300,0.000000,0.000000,0.000000,0.000000,0,3.51929390317105
2019-05-13,sh.000016,2751.7560,2767.4820,2736.8440,2741.1110,2793.7580,2659097104,40076136448.0000,3,0.165472,1,-1.884400,0.000000,0.000000,0.000000,0.000000,0,-1.8844509796482
2019-05-14,sh.000016,2716.7260,2754.6920,2716.7260,2724.7330,2741.1110,2622201808,41690816256.0000,3,0.163176,1,-0.597500,0.000000,0.000000,0.000000,0.000000,0,-0.5974949573366306
2019-05-15,sh.000016,2743.7800,2797.1530,2743.7800,2783.5430,2724.7330,3071892000,47008658176.0000,3,0.191159,1,2.158400,0.000000,0.000000,0.000000,0.000000,0,2.158376618920088
2019-05-16,sh.000016,2777.8500,2793.7620,2766.1490,2791.4140,2783.5430,2894630208,39573600000.0000,3,0.180129,1,0.282800,0.000000,0.000000,0.000000,0.000000,0,0.28276911835025675
2019-05-17,sh.000016,2792.0770,2792.5060,2728.9340,2735.2120,2791.4140,3007206304,42881486592.0000,3,0.187134,1,-2.013400,0.000000,0.000000,0.000000,0.000000,0,-2.013388196806354
2019-05-20,sh.000016,2726.0680,2746.6590,2697.6080,2715.4310,2735.2120,3120264608,41320624128.0000,3,0.194170,1,-0.723200,0.000000,0.000000,0.000000,0.000000,0,-0.7231980555803319
2019-05-21,sh.000016,2717.8740,2764.4830,2712.0420,2739.7850,2715.4310,2696905104,38322653952.0000,3,0.167825,1,0.896900,0.000000,0.000000,0.000000,0.000000,0,0.8968741978713446
2019-05-22,sh.000016,2739.1110,2745.8560,2714.6490,2725.7340,2739.7850,2316872896,31594205696.0000,3,0.144176,1,-0.512900,0.000000,0.000000,0.000000,0.000000,0,-0.5128504608938322
2019-05-23,sh.000016,2710.5720,2713.9430,2679.5420,2685.9330,2725.7340,2781015600,37242029824.0000,3,0.173059,1,-1.460200,0.000000,0.000000,0.000000,0.000000,0,-1.4601938413652982
2019-05-24,sh.000016,2693.8790,2722.3350,2692.5260,2702.0250,2685.9330,2123707600,29272238848.0000,3,0.132155,1,0.599100,0.000000,0.000000,0.000000,0.000000,0,0.5991214226118036
2019-05-27,sh.000016,2696.2580,2731.3030,2667.3770,2722.3340,2702.0250,2724384800,38602910976.0000,3,0.169535,1,0.751600,0.000000,0.000000,0.000000,0.000000,0,0.7516214690833634
2019-05-28,sh.000016,2719.0610,2759.7780,2716.3080,2748.7980,2722.3340,3467005600,50583998976.0000,3,0.215747,1,0.972100,0.000000,0.000000,0.000000,0.000000,0,0.9721070228708051
2019-05-29,sh.000016,2728.4350,2780.3070,2724.8520,2755.8080,2748.7980,2494085696,42312700160.0000,3,0.155203,1,0.255000,0.000000,0.000000,0.000000,0.000000,0,0.25502055807666846
2019-05-30,sh.000016,2748.4280,2752.6860,2721.8800,2742.9630,2755.8080,2439840496,33563876864.0000,3,0.151828,1,-0.466100,0.000000,0.000000,0.000000,0.000000,0,-0.4661064921794189
2019-05-31,sh.000016,2740.3020,2762.3870,2728.9450,2728.9450,2742.9630,2218815200,30748521984.0000,3,0.138074,1,-0.511000,0.000000,0.000000,0.000000,0.000000,0,-0.5110531932074891
2019-06-03,sh.000016,2737.8050,2762.0750,2723.9310,2743.0640,2728.9450,2709222000,36382740224.0000,3,0.168591,1,0.517400,0.000000,0.000000,0.000000,0.000000,0,0.5173794268480858
2019-06-04,sh.000016,2744.6960,2746.5140,2713.8030,2721.3130,2743.0640,2227583200,31497303808.0000,3,0.138619,1,-0.792900,0.000000,0.000000,0.000000,0.000000,0,-0.7929454070338737
2019-06-05,sh.000016,2741.9380,2747.2330,2717.9320,2719.5940,2721.3130,2576625296,35126727168.0000,3,0.160340,1,-0.063200,0.000000,0.000000,0.000000,0.000000,0,-0.06316803689984107
2019-06-06,sh.000016,2727.6970,2727.6970,2701.9200,2706.7620,2719.5940,2139031200,29226456064.0000,3,0.133109,1,-0.471800,0.000000,0.000000,0.000000,0.000000,0,-0.4718351342148819
2019-06-10,sh.000016,2717.9130,2752.8810,2712.1580,2743.3740,2706.7620,2708808096,39536245760.0000,3,0.168565,1,1.352600,0.000000,0.000000,0.000000,0.000000,0,1.3526124572459608
2019-06-11,sh.000016,2750.5410,2816.9910,2750.5410,2812.8980,2743.3740,4085031504,61099051264.0000,3,0.254128,1,2.534200,0.000000,0.000000,0.000000,0.000000,0,2.5342516186273034
2019-06-12,sh.000016,2802.5270,2805.0050,2790.1830,2796.7310,2812.8980,2644523008,36655472128.0000,3,0.164515,1,-0.574700,0.000000,0.000000,0.000000,0.000000,0,-0.5747453338158737
2019-06-13,sh.000016,2798.0220,2804.7550,2771.8570,2794.5360,2796.7310,2345288704,32358595840.0000,3,0.145899,1,-0.078500,0.000000,0.000000,0.000000,0.000000,0,-0.07848448778234873
2019-06-14,sh.000016,2798.3960,2816.1770,2781.7230,2785.6050,2794.5360,2612483008,35432680704.0000,3,0.162521,1,-0.319600,0.000000,0.000000,0.000000,0.000000,0,-0.3195879387490441
2019-06-17,sh.000016,2785.4720,2813.4450,2785.4720,2793.7030,2785.6050,2047785104,29172434944.0000,3,0.127392,1,0.290700,0.000000,0.000000,0.000000,0.000000,0,0.2907088406288727
2019-06-18,sh.000016,2800.8290,2809.8660,2785.3810,2806.4540,2793.7030,2167640400,28833695232.0000,3,0.136533,1,0.456400,0.000000,0.000000,0.000000,0.000000,0,0.4564193115732085
2019-06-19,sh.000016,2872.0720,2879.2340,2842.4240,2842.7350,2806.4540,4116011008,61700813824.0000,3,0.259255,1,1.292800,0.000000,0.000000,0.000000,0.000000,0,1.2927701647702072
2019-06-20,sh.000016,2847.3170,2954.0320,2846.4350,2942.6280,2842.7350,5736036864,87264862208.0000,3,0.361296,1,3.514000,0.000000,0.000000,0.000000,0.000000,0,3.5139750979250595
2019-06-21,sh.000016,2939.6470,2958.2270,2929.9030,2938.7720,2942.6280,4656020480,68751724544.0000,3,0.293022,1,-0.131000,0.000000,0.000000,0.000000,0.000000,0,-0.13103932947012842
2019-06-24,sh.000016,2942.5060,2958.0230,2931.6660,2949.5170,2938.7720,2901601808,48517969664.0000,3,0.182610,1,0.365600,0.000000,0.000000,0.000000,0.000000,0,0.3656289089456477
2019-06-25,sh.000016,2946.0200,2946.7080,2875.3670,2910.1210,2949.5170,3816559504,64510971904.0000,3,0.240192,1,-1.335700,0.000000,0.000000,0.000000,0.000000,0,-1.3356763158171248
2019-06-26,sh.000016,2896.7640,2915.2350,2891.0040,2903.4860,2910.1210,2402466000,36749515008.0000,3,0.151197,1,-0.228000,0.000000,0.000000,0.000000,0.000000,0,-0.22799739254828477
2019-06-27,sh.000016,2917.2030,2952.9070,2914.9620,2937.1280,2903.4860,3347248704,54015595776.0000,3,0.210646,1,1.158700,0.000000,0.000000,0.000000,0.000000,0,1.1586761568679993
2019-06-28,sh.000016,2932.6930,2937.2910,2911.6650,2930.5980,2937.1280,2370867104,37348146944.0000,3,0.149201,1,-0.222300,0.000000,0.000000,0.000000,0.000000,0,-0.22232602733011086
2019-07-01,sh.000016,2984.6490,3011.9090,2978.7510,3002.9390,2930.5980,4262271408,67658867968.0000,3,0.268229,1,2.468500,0.000000,0.000000,0.000000,0.000000,0,2.4684723049698265
2019-07-02,sh.000016,3000.7800,3003.8830,2988.4700,2999.0750,3002.9390,3462948800,50202955776.0000,3,0.217927,1,-0.128700,0.000000,0.000000,0.000000,0.000000,0,-0.12867394242773722
2019-07-03,sh.000016,2990.0540,2990.0540,2953.6990,2964.7300,2999.0750,3391896496,52948819200.0000,3,0.213417,1,-1.145200,0.000000,0.000000,0.000000,0.000000,0,-1.1451864324833472
2019-07-04,sh.000016,2966.3310,2974.7970,2939.9700,2953.2710,2964.7300,3292883408,49240940032.0000,3,0.206984,1,-0.386500,0.000000,0.000000,0.000000,0.000000,0,-0.3865107446546556
2019-07-05,sh.000016,2952.7130,2967.9820,2937.5950,2961.9220,2953.2710,2384534496,37972405760.0000,3,0.149887,1,0.292900,0.000000,0.000000,0.000000,0.000000,0,0.29292943316072684
2019-07-08,sh.000016,2944.9730,2944.9730,2877.7370,2897.5120,2961.9220,3373258800,48931992064.0000,3,0.212036,1,-2.174600,0.000000,0.000000,0.000000,0.000000,0,-2.1746014918691214
2019-07-09,sh.000016,2894.3320,2902.1430,2872.0290,2881.5510,2897.5120,2137470000,33052158208.0000,3,0.134357,1,-0.550800,0.000000,0.000000,0.000000,0.000000,0,-0.5508519032880743
2019-07-10,sh.000016,2896.7010,2897.5750,2870.6700,2878.7810,2881.5510,1891152096,30567385856.0000,3,0.118874,1,-0.096100,0.000000,0.000000,0.000000,0.000000,0,-0.09612878619882359
2019-07-11,sh.000016,2897.4720,2918.9440,2879.6350,2887.8310,2878.7810,2115726608,37057602560.0000,3,0.132990,1,0.314400,0.000000,0.000000,0.000000,0.000000,0,0.31436917222951166
2019-07-12,sh.000016,2883.0870,2912.8980,2878.2010,2902.1290,2887.8310,2145421008,36102862080.0000,3,0.134857,1,0.495100,0.000000,0.000000,0.000000,0.000000,0,0.4951120754642435
2019-07-15,sh.000016,2885.9770,2920.1560,2850.0980,2902.6090,2902.1290,2819610608,45518424576.0000,3,0.177235,1,0.016500,0.000000,0.000000,0.000000,0.000000,0,0.016539581803565184
2019-07-16,sh.000016,2900.0460,2905.1100,2881.4030,2884.5610,2902.6090,1741151696,29622629376.0000,3,0.109445,1,-0.621800,0.000000,0.000000,0.000000,0.000000,0,-0.6217854351033725
2019-07-17,sh.000016,2877.4880,2892.3350,2866.4650,2875.0290,2884.5610,1809983008,29234605312.0000,3,0.113772,1,-0.330400,0.000000,0.000000,0.000000,0.000000,0,-0.33044889672987354
2019-07-18,sh.000016,2869.7290,2872.2420,2859.0690,2859.1640,2875.0290,1954208608,30766133248.0000,3,0.122838,1,-0.551800,0.000000,0.000000,0.000000,0.000000,0,-0.5518205207669102
2019-07-19,sh.000016,2875.9640,2906.5470,2875.9010,2895.6240,2859.1640,2245108896,36954836736.0000,3,0.141123,1,1.275200,0.000000,0.000000,0.000000,0.000000,0,1.2751979249878476
2019-07-22,sh.000016,2897.7850,2905.3500,2872.5270,2881.9030,2895.6240,2360318400,33459223808.0000,3,0.148365,1,-0.473900,0.000000,0.000000,0.000000,0.000000,0,-0.473852958809573
2019-07-23,sh.000016,2885.7010,2889.3900,2871.5070,2881.0980,2881.9030,2044874800,29522995968.0000,3,0.128537,1,-0.027900,0.000000,0.000000,0.000000,0.000000,0,-0.027932931816232465
2019-07-24,sh.000016,2894.9350,2923.3990,2894.5940,2906.5500,2881.0980,2601987104,40437283328.0000,3,0.163556,1,0.883400,0.000000,0.000000,0.000000,0.000000,0,0.8834131987179861
2019-07-25,sh.000016,2911.0080,2931.1750,2903.3120,2931.1750,2906.5500,2293311296,34994770176.0000,3,0.144153,1,0.847200,0.000000,0.000000,0.000000,0.000000,0,0.8472243725378803
2019-07-26,sh.000016,2918.1070,2943.0680,2918.0130,2939.3540,2931.1750,2352186400,33015285760.0000,3,0.147854,1,0.279000,0.000000,0.000000,0.000000,0.000000,0,0.2790348580347324
2019-07-29,sh.000016,2936.6430,2938.7340,2922.6750,2930.4890,2939.3540,2237200496,31238966016.0000,3,0.140626,1,-0.301600,0.000000,0.000000,0.000000,0.000000,0,-0.3015968814916392
2019-07-30,sh.000016,2939.1430,2958.2960,2938.8960,2944.0250,2930.4890,2269698000,34400992768.0000,3,0.142669,1,0.461900,0.000000,0.000000,0.000000,0.000000,0,0.4619024333481603
2019-07-31,sh.000016,2931.8530,2932.6490,2906.7070,2912.6610,2944.0250,2388803408,36069124608.0000,3,0.150155,1,-1.065300,0.000000,0.000000,0.000000,0.000000,0,-1.0653442141286162
2019-08-01,sh.000016,2901.1540,2909.4720,2880.3000,2887.8660,2912.6610,2427168304,34658797568.0000,3,0.152567,1,-0.851300,0.000000,0.000000,0.000000,0.000000,0,-0.851283414032733
2019-08-02,sh.000016,2837.3680,2852.1150,2831.6570,2843.7700,2887.8660,2994396800,42769404928.0000,3,0.188222,1,-1.526900,0.000000,0.000000,0.000000,0.000000,0,-1.5269406544486497
2019-08-05,sh.000016,2823.3450,2828.4800,2785.9030,2786.7190,2843.7700,2835097600,40869467648.0000,3,0.178087,1,-2.006200,0.000000,0.000000,0.000000,0.000000,0,-2.006174901627067
2019-08-06,sh.000016,2736.6810,2771.7880,2718.2120,2760.6790,2786.7190,3694169104,55246285312.0000,3,0.232049,1,-0.934400,0.000000,0.000000,0.000000,0.000000,0,-0.9344322122180282
2019-08-07,sh.000016,2771.2380,2773.9370,2747.2490,2747.2490,2760.6790,2458846400,35131933952.0000,3,0.154452,1,-0.486500,0.000000,0.000000,0.000000,0.000000,0,-0.486474523115521
2019-08-08,sh.000016,2771.4480,2790.1420,2768.7130,2786.8710,2747.2490,2940696000,38752525824.0000,3,0.184720,1,1.442200,0.000000,0.000000,0.000000,0.000000,0,1.4422427672191374
2019-08-09,sh.000016,2800.4370,2802.8140,2767.1400,2772.1490,2786.8710,2538096608,34104733952.0000,3,0.159431,1,-0.528300,0.000000,0.000000,0.000000,0.000000,0,-0.5282627003546314
2019-08-12,sh.000016,2787.4390,2825.0850,2782.7690,2824.8040,2772.1490,2213699696,38630482176.0000,3,0.139054,1,1.899400,0.000000,0.000000,0.000000,0.000000,0,1.8994289268001285
2019-08-13,sh.000016,2807.9580,2812.4920,2787.1220,2792.9130,2824.8040,2146403408,31203938304.0000,3,0.134826,1,-1.129000,0.000000,0.000000,0.000000,0.000000,0,-1.1289632838242913
2019-08-14,sh.000016,2827.0380,2831.3410,2803.8640,2804.3550,2792.9130,2610822096,39001289728.0000,3,0.163999,1,0.409700,0.000000,0.000000,0.000000,0.000000,0,0.4096797859439283
2019-08-15,sh.000016,2758.7350,2815.1500,2756.3760,2814.3880,2804.3550,2528467504,35967053824.0000,3,0.158826,1,0.357800,0.000000,0.000000,0.000000,0.000000,0,0.35776497626014425
2019-08-16,sh.000016,2817.2660,2846.2570,2805.8130,2824.2250,2814.3880,2414732800,40454103040.0000,3,0.151681,1,0.349500,0.000000,0.000000,0.000000,0.000000,0,0.34952536750441077
2019-08-19,sh.000016,2839.2450,2877.4700,2823.8690,2877.2310,2824.2250,4191116704,60087435520.0000,3,0.263265,1,1.876800,0.000000,0.000000,0.000000,0.000000,0,1.876833467588468
2019-08-20,sh.000016,2869.1580,2883.5480,2864.7090,2875.6530,2877.2310,2981758304,41610605824.0000,3,0.187299,1,-0.054800,0.000000,0.000000,0.000000,0.000000,0,-0.05484439726947121
2019-08-21,sh.000016,2868.6300,2875.0110,2864.8140,2869.2190,2875.6530,2163744400,31697839360.0000,3,0.135916,1,-0.223700,0.000000,0.000000,0.000000,0.000000,0,-0.22374048607393116
2019-08-22,sh.000016,2878.7290,2881.0550,2862.4400,2878.0040,2869.2190,2049305696,31209996032.0000,3,0.128727,1,0.306200,0.000000,0.000000,0.000000,0.000000,0,0.30618088058109727
2019-08-23,sh.000016,2880.5720,2923.9320,2876.0210,2917.3770,2878.0040,2413805696,45464081920.0000,3,0.151623,1,1.368100,0.000000,0.000000,0.000000,0.000000,0,1.368066201436835
2019-08-26,sh.000016,2869.4620,2882.4540,2854.5080,2863.4790,2917.3770,2643657808,46412408320.0000,3,0.166061,1,-1.847500,0.000000,0.000000,0.000000,0.000000,0,-1.8474814876514145
2019-08-27,sh.000016,2883.4150,2915.8350,2880.9960,2887.2380,2863.4790,3574136800,57183305472.0000,3,0.224509,1,0.829700,0.000000,0.000000,0.000000,0.000000,0,0.8297249604414692
2019-08-28,sh.000016,2883.3470,2887.8510,2860.7110,2867.0260,2887.2380,2361076496,41588186624.0000,3,0.148311,1,-0.700100,0.000000,0.000000,0.000000,0.000000,0,-0.7000462033264987
2019-08-29,sh.000016,2867.7670,2871.6330,2843.2820,2855.4500,2867.0260,2238667008,37475570944.0000,3,0.140622,1,-0.403800,0.000000,0.000000,0.000000,0.000000,0,-0.4037633422229181
2019-08-30,sh.000016,2878.2120,2886.3470,2856.0290,2872.4010,2855.4500,2592297504,43825498624.0000,3,0.162835,1,0.593600,0.000000,0.000000,0.000000,0.000000,0,0.5936367297623812
2019-09-02,sh.000016,2871.2870,2902.4080,2866.7490,2894.9570,2872.4010,2975321408,45888749824.0000,3,0.186895,1,0.785300,0.000000,0.000000,0.000000,0.000000,0,0.7852664025670419
2019-09-03,sh.000016,2897.2850,2900.7630,2878.1000,2892.1820,2894.9570,2590498208,39972053248.0000,3,0.162722,1,-0.095900,0.000000,0.000000,0.000000,0.000000,0,-0.0958563460528139
2019-09-04,sh.000016,2888.9710,2919.6780,2887.5850,2919.6780,2892.1820,3764714400,53644453632.0000,3,0.236481,1,0.950700,0.000000,0.000000,0.000000,0.000000,0,0.9507008895014213
2019-09-05,sh.000016,2938.1370,2988.2080,2938.1370,2955.8390,2919.6780,5285227264,79279042560.0000,3,0.331992,1,1.238500,0.000000,0.000000,0.000000,0.000000,0,1.238526988250066
2019-09-06,sh.000016,2974.8010,2981.2430,2955.8160,2981.0720,2955.8390,3146536704,49253544192.0000,3,0.197647,1,0.853700,0.000000,0.000000,0.000000,0.000000,0,0.8536662517816485
2019-09-09,sh.000016,3004.8030,3008.6710,2974.2330,2981.5860,2981.0720,3869579808,60012229376.0000,3,0.243064,1,0.017200,0.000000,0.000000,0.000000,0.000000,0,0.01724211961333655
2019-09-10,sh.000016,2987.5120,2988.0560,2958.3120,2969.8040,2981.5860,3603467808,51347965952.0000,3,0.226348,1,-0.395200,0.000000,0.000000,0.000000,0.000000,0,-0.3951588181591803
2019-09-11,sh.000016,2978.9740,2980.6640,2946.5680,2957.1430,2969.8040,3519933504,57420856064.0000,3,0.221101,1,-0.426300,0.000000,0.000000,0.000000,0.000000,0,-0.42632443083786553
2019-09-12,sh.000016,2970.0110,3001.2250,2963.4510,2999.5610,2957.1430,3182441008,52267977216.0000,3,0.199902,1,1.434400,0.000000,0.000000,0.000000,0.000000,0,1.4344250514770618
2019-09-16,sh.000016,3003.6480,3004.8770,2972.5780,2982.4480,2999.5610,3253393904,48002498048.0000,3,0.204359,1,-0.570500,0.000000,0.000000,0.000000,0.000000,0,-0.5705168189611864
2019-09-17,sh.000016,2974.0080,2974.0080,2929.3060,2937.0070,2982.4480,3072249504,45651979008.0000,3,0.192980,1,-1.523600,0.000000,0.000000,0.000000,0.000000,0,-1.5236141585704077
2019-09-18,sh.000016,2947.9710,2967.8610,2947.6760,2954.3570,2937.0070,2335392304,41683898368.0000,3,0.146695,1,0.590700,0.000000,0.000000,0.000000,0.000000,0,0.5907374412114086
2019-09-19,sh.000016,2965.0330,2965.1090,2941.6590,2956.8290,2954.3570,2094280896,34846676736.0000,3,0.131550,1,0.083700,0.000000,0.000000,0.000000,0.000000,0,0.08367302935969878
2019-09-20,sh.000016,2964.9160,2970.7220,2956.9150,2963.4340,2956.8290,3023002800,47729266688.0000,3,0.189887,1,0.223400,0.000000,0.000000,0.000000,0.000000,0,0.22338119654534694
2019-09-23,sh.000016,2955.2640,2955.2640,2916.4290,2930.9130,2963.4340,2378264608,39232461824.0000,3,0.149387,1,-1.097400,0.000000,0.000000,0.000000,0.000000,0,-1.097409289358231
2019-09-24,sh.000016,2936.9520,2956.2920,2929.6010,2940.0800,2930.9130,2273229600,40266780160.0000,3,0.142789,1,0.312800,0.000000,0.000000,0.000000,0.000000,0,0.31276943396136847
2019-09-25,sh.000016,2930.1390,2942.0020,2923.1510,2928.8350,2940.0800,2252651200,35894449664.0000,3,0.141496,1,-0.382500,0.000000,0.000000,0.000000,0.000000,0,-0.38247258577998045
2019-09-26,sh.000016,2939.6750,2952.8710,2926.5370,2927.8760,2928.8350,3146691808,44815324928.0000,3,0.197654,1,-0.032700,0.000000,0.000000,0.000000,0.000000,0,-0.03274339455789921
2019-09-27,sh.000016,2929.3160,2934.3250,2916.0680,2929.4650,2927.8760,2301456096,32422355456.0000,3,0.144460,1,0.054300,0.000000,0.000000,0.000000,0.000000,0,0.05427142406304597
2019-09-30,sh.000016,2917.0740,2933.5100,2897.6830,2897.7020,2929.4650,1923302096,30265813248.0000,3,0.120724,1,-1.084300,0.000000,0.000000,0.000000,0.000000,0,-1.0842594125548444
2019-10-08,sh.000016,2898.5340,2938.8650,2898.5340,2922.3480,2897.7020,2496138800,39074499584.0000,3,0.156680,1,0.850500,0.000000,0.000000,0.000000,0.000000,0,0.8505360454594602
2019-10-09,sh.000016,2908.1730,2931.6390,2896.2640,2922.9790,2922.3480,2613601808,40412670464.0000,3,0.164053,1,0.021600,0.000000,0.000000,0.000000,0.000000,0,0.021592226524691505
2019-10-10,sh.000016,2917.8210,2944.0230,2910.3460,2940.8000,2922.9790,2199613296,35842652416.0000,3,0.138068,1,0.609700,0.000000,0.000000,0.000000,0.000000,0,0.6096862139618686
2019-10-11,sh.000016,2952.4720,2989.7530,2945.0070,2983.1190,2940.8000,3117712304,48168621312.0000,3,0.195696,1,1.439000,0.000000,0.000000,0.000000,0.000000,0,1.4390301958650653
2019-10-14,sh.000016,3007.3610,3040.5030,2997.6620,3013.5330,2983.1190,4254331504,56735172096.0000,3,0.267032,1,1.019500,0.000000,0.000000,0.000000,0.000000,0,1.019536934329457
2019-10-15,sh.000016,3018.8590,3019.2930,3005.8710,3015.4200,3013.5330,2544608304,37222300672.0000,3,0.159718,1,0.062600,0.000000,0.000000,0.000000,0.000000,0,0.06261753231173728
2019-10-16,sh.000016,3015.1650,3043.4460,2999.3790,3004.7230,3015.4200,2625636704,42282388224.0000,3,0.164804,1,-0.354700,0.000000,0.000000,0.000000,0.000000,0,-0.35474328617572937
2019-10-17,sh.000016,3009.6850,3018.6450,2997.8420,3011.7530,3004.7230,1893610704,31585237248.0000,3,0.118857,1,0.234000,0.000000,0.000000,0.000000,0.000000,0,0.2339649944437472
2019-10-18,sh.000016,3020.0090,3027.6050,2961.1320,2963.1750,3011.7530,2463127104,37356080128.0000,3,0.154604,1,-1.612900,0.000000,0.000000,0.000000,0.000000,0,-1.6129476753239724
2019-10-21,sh.000016,2957.9690,2973.7930,2950.3030,2968.9050,2963.1750,2422354304,36733975296.0000,3,0.152044,1,0.193400,0.000000,0.000000,0.000000,0.000000,0,0.19337366169733805
2019-10-22,sh.000016,2983.8370,2983.8370,2956.9040,2973.2170,2968.9050,2100126208,29912296704.0000,3,0.131819,1,0.145200,0.000000,0.000000,0.000000,0.000000,0,0.1452387327987914
2019-10-23,sh.000016,2969.9840,2977.6790,2945.8390,2954.3050,2973.2170,2263301200,30608315136.0000,3,0.142061,1,-0.636100,0.000000,0.000000,0.000000,0.000000,0,-0.636078698594833
2019-10-24,sh.000016,2963.3380,2976.3650,2945.6800,2959.0310,2954.3050,2448273904,34206450688.0000,3,0.153671,1,0.160000,0.000000,0.000000,0.000000,0.000000,0,0.15996994216913585
2019-10-25,sh.000016,2955.5100,2970.5420,2935.0570,2967.0510,2959.0310,2452258304,43830273280.0000,3,0.153921,1,0.271000,0.000000,0.000000,0.000000,0.000000,0,0.2710346731751079
2019-10-28,sh.000016,2967.6270,2984.9430,2962.3970,2981.3610,2967.0510,2849021296,42480534016.0000,3,0.178825,1,0.482300,0.000000,0.000000,0.000000,0.000000,0,0.48229706870559497
2019-10-29,sh.000016,2982.4520,2984.3530,2968.2090,2968.2830,2981.3610,2180299296,34000117760.0000,3,0.136851,1,-0.438700,0.000000,0.000000,0.000000,0.000000,0,-0.4386587199604497
2019-10-30,sh.000016,2966.7570,2971.8970,2946.9680,2952.1180,2968.2830,2182011504,33653353472.0000,3,0.136959,1,-0.544600,0.000000,0.000000,0.000000,0.000000,0,-0.5445909301774798
2019-10-31,sh.000016,2964.9050,2966.5920,2948.3270,2954.7340,2952.1180,2627764704,42158765568.0000,3,0.164937,1,0.088600,0.000000,0.000000,0.000000,0.000000,0,0.08861434400657675
2019-11-01,sh.000016,2953.7360,3005.1760,2947.6030,3002.6480,2954.7340,2887993904,46727802368.0000,3,0.181271,1,1.621601,0.000000,0.000000,0.000000,0.000000,0,1.6216011322846668
2019-11-04,sh.000016,3012.9380,3025.6390,3011.2020,3022.2740,3002.6480,3090697200,47783955200.0000,3,0.193994,1,0.653623,0.000000,0.000000,0.000000,0.000000,0,0.6536230687046896
2019-11-05,sh.000016,3024.8690,3065.9320,3015.7960,3039.9770,3022.2740,3835986208,55760630528.0000,3,0.240774,1,0.585751,0.000000,0.000000,0.000000,0.000000,0,0.5857509941189942
2019-11-06,sh.000016,3041.4200,3045.4570,3024.7500,3032.7910,3039.9770,2917481600,40808898048.0000,3,0.183122,1,-0.236383,0.000000,0.000000,0.000000,0.000000,0,-0.2363833673741489
2019-11-07,sh.000016,3034.1550,3044.7240,3021.6890,3033.2990,3032.7910,2331794608,34760202752.0000,3,0.146360,1,0.016750,0.000000,0.000000,0.000000,0.000000,0,0.016750247544261576
2019-11-08,sh.000016,3052.6910,3055.6010,3011.3650,3012.4590,3033.2990,2829701200,41316357632.0000,3,0.177612,1,-0.687041,0.000000,0.000000,0.000000,0.000000,0,-0.6870407434282022
2019-11-11,sh.000016,2995.1420,2995.1420,2962.6830,2965.7070,3012.4590,2851182704,40134019840.0000,3,0.178949,1,-1.551955,0.000000,0.000000,0.000000,0.000000,0,-1.5519547319980065
2019-11-12,sh.000016,2972.9980,2978.1730,2954.7760,2971.3600,2965.7070,2052769504,31297828352.0000,3,0.128838,1,0.190612,0.000000,0.000000,0.000000,0.000000,0,0.19061222163889724
2019-11-13,sh.000016,2967.6210,2976.2630,2955.0980,2967.6700,2971.3600,2262181200,37211949056.0000,3,0.141982,1,-0.124186,0.000000,0.000000,0.000000,0.000000,0,-0.1241855581282647
2019-11-14,sh.000016,2975.4780,2980.6970,2964.9160,2968.5680,2967.6700,2212354800,35768606464.0000,3,0.138855,1,0.030259,0.000000,0.000000,0.000000,0.000000,0,0.030259429114432024
2019-11-15,sh.000016,2972.4810,2976.3700,2953.7560,2954.7010,2968.5680,2202956096,32519691008.0000,3,0.138265,1,-0.467128,0.000000,0.000000,0.000000,0.000000,0,-0.4671275847479395
2019-11-18,sh.000016,2954.7750,2985.9700,2949.4730,2980.9450,2954.7010,2387630000,34685922048.0000,3,0.149855,1,0.888212,0.000000,0.000000,0.000000,0.000000,0,0.888211700608621
2019-11-19,sh.000016,2973.5740,3000.7450,2973.5740,3000.7450,2980.9450,2426587104,36274061824.0000,3,0.151247,1,0.664219,0.000000,0.000000,0.000000,0.000000,0,0.664218897027613
2019-11-20,sh.000016,2991.4200,2996.5050,2962.7130,2968.1230,3000.7450,2251169600,33591330048.0000,3,0.140313,1,-1.087130,0.000000,0.000000,0.000000,0.000000,0,-1.0871300293760378
2019-11-21,sh.000016,2957.0690,2957.3450,2940.1530,2949.3360,2968.1230,2191445200,35263796992.0000,3,0.136591,1,-0.632959,0.000000,0.000000,0.000000,0.000000,0,-0.6329589440868921
2019-11-22,sh.000016,2952.7730,2967.7760,2913.1790,2922.2660,2949.3360,2680202096,46004984064.0000,3,0.167055,1,-0.917834,0.000000,0.000000,0.000000,0.000000,0,-0.9178337090111066
2019-11-25,sh.000016,2926.1500,2951.7900,2925.4030,2951.2470,2922.2660,3330221104,47559848448.0000,3,0.207570,1,0.991730,0.000000,0.000000,0.000000,0.000000,0,0.9917303900466301
2019-11-26,sh.000016,2962.3680,2965.3930,2943.5490,2946.5660,2951.2470,3022543008,43776027904.0000,3,0.188410,1,-0.158611,0.000000,0.000000,0.000000,0.000000,0,-0.15861091938424998
2019-11-27,sh.000016,2948.3420,2953.3940,2933.2790,2944.3210,2946.5660,2035937696,30182554368.0000,3,0.126909,1,-0.076190,0.000000,0.000000,0.000000,0.000000,0,-0.07619038568964509
2019-11-28,sh.000016,2945.3400,2952.2560,2922.5530,2930.4810,2944.3210,1777334608,26320955904.0000,3,0.110790,1,-0.470057,0.000000,0.000000,0.000000,0.000000,0,-0.4700574427856097
2019-11-29,sh.000016,2923.4510,2927.2500,2879.9330,2894.7150,2930.4810,2079015008,41700315648.0000,3,0.129594,1,-1.220482,0.000000,0.000000,0.000000,0.000000,0,-1.220482234827669
2019-12-02,sh.000016,2896.5090,2913.7350,2893.4170,2899.4390,2894.7150,2133463808,34920130304.0000,3,0.132988,1,0.163194,0.000000,0.000000,0.000000,0.000000,0,0.1631939586453246
2019-12-03,sh.000016,2892.4180,2909.9520,2876.5160,2909.6230,2899.4390,1908833296,32162499072.0000,3,0.118983,1,0.351240,0.000000,0.000000,0.000000,0.000000,0,0.3512403606352965
2019-12-04,sh.000016,2902.1330,2903.9440,2887.8400,2901.0660,2909.6230,1943816800,29114650368.0000,3,0.121163,1,-0.294093,0.000000,0.000000,0.000000,0.000000,0,-0.2940930835369504
2019-12-05,sh.000016,2912.9420,2927.3430,2907.7660,2921.9470,2901.0660,2246451104,35722565120.0000,3,0.140027,1,0.719770,0.000000,0.000000,0.000000,0.000000,0,0.7197699052693185
2019-12-06,sh.000016,2928.3610,2939.8180,2922.4320,2939.8180,2921.9470,2138357600,33592908800.0000,3,0.133289,1,0.611613,0.000000,0.000000,0.000000,0.000000,0,0.6116127363021917
2019-12-09,sh.000016,2944.1630,2945.2670,2923.7900,2933.0420,2939.8180,2503409504,38061107712.0000,3,0.156044,1,-0.230490,0.000000,0.000000,0.000000,0.000000,0,-0.23049045893318576
2019-12-10,sh.000016,2925.9470,2937.7840,2923.7530,2936.9930,2933.0420,2024609296,31073840640.0000,3,0.126181,1,0.134707,0.000000,0.000000,0.000000,0.000000,0,0.1347065606288611
2019-12-11,sh.000016,2947.5440,2953.9400,2934.0420,2949.6460,2936.9930,2359299904,33641813504.0000,3,0.147040,1,0.430815,0.000000,0.000000,0.000000,0.000000,0,0.4308147823300912
2019-12-12,sh.000016,2954.4040,2954.4040,2933.9970,2938.0440,2949.6460,2068984208,32958975232.0000,3,0.128947,1,-0.393335,0.000000,0.000000,0.000000,0.000000,0,-0.3933353358335334
2019-12-13,sh.000016,2968.8620,3006.3120,2967.8520,3006.3120,2938.0440,4189458208,66647265280.0000,3,0.261102,1,2.323587,0.000000,0.000000,0.000000,0.000000,0,2.3235867127926024
2019-12-16,sh.000016,2999.5000,2999.5330,2983.1940,2999.2010,3006.3120,3342979200,61966979328.0000,3,0.208347,1,-0.236536,0.000000,0.000000,0.000000,0.000000,0,-0.23653566229985268
2019-12-17,sh.000016,3000.7840,3053.8250,2991.0760,3033.1420,2999.2010,4734733568,76916506624.0000,3,0.304147,1,1.131668,0.000000,0.000000,0.000000,0.000000,0,1.1316680675953261
2019-12-18,sh.000016,3031.8870,3041.8330,3020.9460,3025.7840,3033.1420,3249261904,53907140352.0000,3,0.208702,1,-0.242587,0.000000,0.000000,0.000000,0.000000,0,-0.24258673019593724
2019-12-19,sh.000016,3027.6740,3029.7010,3009.8700,3017.7120,3025.7840,2692909200,42049274112.0000,3,0.172967,1,-0.266774,0.000000,0.000000,0.000000,0.000000,0,-0.266773834483891
2019-12-20,sh.000016,3022.1190,3033.5620,3009.3840,3012.6250,3017.7120,2509222800,42559312640.0000,3,0.161169,1,-0.168571,0.000000,0.000000,0.000000,0.000000,0,-0.168571420997099
2019-12-23,sh.000016,3015.2940,3028.5590,2982.0210,2984.2420,3012.6250,2745002304,46144913664.0000,3,0.176313,1,-0.942135,0.000000,0.000000,0.000000,0.000000,0,-0.9421351811128131
2019-12-24,sh.000016,2985.6160,2999.0770,2982.4180,2996.7650,2984.2420,2227545296,33020813056.0000,3,0.143076,1,0.419638,0.000000,0.000000,0.000000,0.000000,0,0.4196375495016724
2019-12-25,sh.000016,2993.3640,2993.5570,2976.9050,2986.0030,2996.7650,2138487600,35451595776.0000,3,0.137356,1,-0.359121,0.000000,0.000000,0.000000,0.000000,0,-0.35912058503084765
2019-12-26,sh.000016,2986.3060,3011.6360,2985.5290,3011.6360,2986.0030,2305582400,38127469568.0000,3,0.148089,1,0.858439,0.000000,0.000000,0.000000,0.000000,0,0.8584385213276757
2019-12-27,sh.000016,3012.0340,3047.6060,3012.0340,3017.7780,3011.6360,3442027408,57220452608.0000,3,0.221083,1,0.203942,0.000000,0.000000,0.000000,0.000000,0,0.20394230909710487
2019-12-30,sh.000016,3016.1970,3065.2540,3007.9550,3062.7500,3017.7780,4366664704,76973531136.0000,3,0.272132,1,1.490236,0.000000,0.000000,0.000000,0.000000,0,1.4902355309104998
2019-12-31,sh.000016,3057.2980,3065.3830,3043.9250,3063.2190,3062.7500,3107404304,53266973696.0000,3,0.199600,1,0.015313,0.000000,0.000000,0.000000,0.000000,0,0.01531303567054998
2020-01-02,sh.000016,3073.9310,3107.5170,3073.9310,3090.8330,3063.2190,5003639296,94773731328.0000,3,0.321402,1,0.901470,0.000000,0.000000,0.000000,0.000000,0,0.9014699895763201
2020-01-03,sh.000016,3097.2510,3097.4080,3072.1130,3078.2790,3090.8330,3718549296,72346787840.0000,3,0.238856,1,-0.406169,0.000000,0.000000,0.000000,0.000000,0,-0.40616882245013697
2020-01-06,sh.000016,3062.2800,3090.8400,3040.1940,3056.8350,3078.2790,4770782720,77770387456.0000,3,0.306445,1,-0.696623,0.000000,0.000000,0.000000,0.000000,0,-0.6966230156525755
2020-01-07,sh.000016,3063.7460,3080.2710,3061.5600,3074.0150,3056.8350,3437178800,56886579456.0000,3,0.000000,1,0.562019,0.000000,0.000000,0.000000,0.000000,0,0.5620192126823964
2020-01-08,sh.000016,3058.3580,3058.6960,3030.1040,3037.8520,3074.0150,3765377296,59854842112.0000,3,0.241864,1,-1.176409,0.000000,0.000000,0.000000,0.000000,0,-1.176409353890595
2020-01-09,sh.000016,3060.7740,3071.5390,3055.9900,3067.5450,3037.8520,3315051504,57676819200.0000,3,0.212938,1,0.977434,0.000000,0.000000,0.000000,0.000000,0,0.977434055378601
2020-01-10,sh.000016,3079.0760,3081.9560,3058.1640,3067.8810,3067.5450,2854238896,51634929408.0000,3,0.183338,1,0.010953,0.000000,0.000000,0.000000,0.000000,0,0.010953384546907863
2020-01-13,sh.000016,3069.6780,3090.1310,3054.8780,3090.1280,3067.8810,2933083504,57052247552.0000,3,0.182790,1,0.725159,0.000000,0.000000,0.000000,0.000000,0,0.725158505170187
2020-01-14,sh.000016,3097.7240,3108.1770,3078.4570,3080.6010,3090.1280,3512901696,56961447424.0000,3,0.225646,1,-0.308304,0.000000,0.000000,0.000000,0.000000,0,-0.3083043809188446
2020-01-15,sh.000016,3078.2520,3086.9660,3052.7040,3058.0070,3080.6010,2811608608,46971571712.0000,3,0.180600,1,-0.733428,0.000000,0.000000,0.000000,0.000000,0,-0.7334283147996112
2020-01-16,sh.000016,3067.9500,3068.1970,3039.0720,3043.0930,3058.0070,2831231808,45497746944.0000,3,0.181860,1,-0.487703,0.000000,0.000000,0.000000,0.000000,0,-0.48770326555825916
2020-01-17,sh.000016,3054.0360,3067.5580,3042.5890,3053.1720,3043.0930,2330451408,46224605696.0000,3,0.149693,1,0.331209,0.000000,0.000000,0.000000,0.000000,0,0.3312090691937497
2020-01-20,sh.000016,3070.6700,3072.2880,3054.4480,3065.9900,3053.1720,2727484896,55623208192.0000,3,0.169821,1,0.419826,0.000000,0.000000,0.000000,0.000000,0,0.41982567637852686
2020-01-21,sh.000016,3048.9450,3050.8230,3011.1840,3012.1120,3065.9900,3280129104,59740274176.0000,3,0.210478,1,-1.757279,0.000000,0.000000,0.000000,0.000000,0,-1.757279051790761
2020-01-22,sh.000016,2996.8090,3023.9010,2965.6630,3017.8780,3012.1120,3315976000,60509150208.0000,3,0.212778,1,0.191427,0.000000,0.000000,0.000000,0.000000,0,0.19142714480737677
2020-01-23,sh.000016,2993.7720,2993.7720,2910.3940,2932.4930,3017.8780,4283935200,75506614272.0000,3,0.274889,1,-2.829306,0.000000,0.000000,0.000000,0.000000,0,-2.829305889767586
2020-02-03,sh.000016,2676.0070,2755.8440,2676.0070,2727.0930,2932.4930,5860918528,96131248128.0000,3,0.364876,1,-7.004279,0.000000,0.000000,0.000000,0.000000,0,-7.004279294102322
2020-02-04,sh.000016,2724.1310,2796.7140,2724.1310,2794.6600,2727.0930,5701636864,91856015360.0000,3,0.354959,1,2.477620,0.000000,0.000000,0.000000,0.000000,0,2.47761994182083
2020-02-05,sh.000016,2803.7370,2833.2090,2782.4230,2812.8990,2794.6600,4418206976,73422004224.0000,3,0.283505,1,0.652638,0.000000,0.000000,0.000000,0.000000,0,0.6526375301467713
2020-02-06,sh.000016,2829.5110,2866.3900,2809.3660,2854.8870,2812.8990,4213425104,70417285120.0000,3,0.270365,1,1.492695,0.000000,0.000000,0.000000,0.000000,0,1.492694903016445
2020-02-07,sh.000016,2836.7990,2851.8240,2819.6670,2851.7100,2854.8870,3444362800,59065093632.0000,3,0.221016,1,-0.111283,0.000000,0.000000,0.000000,0.000000,0,-0.11128286338478732
2020-02-10,sh.000016,2826.7970,2854.8280,2817.7700,2850.0640,2851.7100,3365493408,56648242688.0000,3,0.209521,1,-0.057720,0.000000,0.000000,0.000000,0.000000,0,-0.05771975411245078
2020-02-11,sh.000016,2858.9240,2893.0670,2854.0720,2879.8570,2850.0640,3602824400,58519424768.0000,3,0.231184,1,1.045345,0.000000,0.000000,0.000000,0.000000,0,1.0453449466397924
2020-02-12,sh.000016,2876.6700,2895.9260,2870.7680,2895.5850,2879.8570,3123075008,52126940928.0000,3,0.200400,1,0.546138,0.000000,0.000000,0.000000,0.000000,0,0.546138228391202
2020-02-13,sh.000016,2898.3980,2906.7210,2871.2640,2875.4790,2895.5850,3743476400,57844935168.0000,3,0.240209,1,-0.694367,0.000000,0.000000,0.000000,0.000000,0,-0.6943674594253046
2020-02-14,sh.000016,2870.7120,2900.2030,2870.6280,2895.0640,2875.4790,3512599600,53270508288.0000,3,0.225394,1,0.681104,0.000000,0.000000,0.000000,0.000000,0,0.6811039134697161
2020-02-17,sh.000016,2901.6860,2950.2820,2898.5920,2950.0690,2895.0640,4529653248,72567316480.0000,3,0.290635,1,1.899958,0.000000,0.000000,0.000000,0.000000,0,1.899957997474333
2020-02-18,sh.000016,2940.6460,2944.4330,2914.9640,2924.3980,2950.0690,3809899104,60875096320.0000,3,0.244454,1,-0.870183,0.000000,0.000000,0.000000,0.000000,0,-0.8701830363967655
2020-02-19,sh.000016,2917.1240,2942.3460,2914.5920,2923.7630,2924.3980,4027025200,62808194048.0000,3,0.258385,1,-0.021714,0.000000,0.000000,0.000000,0.000000,0,-0.021713870683814918
2020-02-20,sh.000016,2931.3710,2981.2650,2920.7970,2978.1820,2923.7630,5022984704,84693540864.0000,3,0.322289,1,1.861266,0.000000,0.000000,0.000000,0.000000,0,1.8612657729097704
2020-02-21,sh.000016,2965.6010,2991.0590,2959.5130,2968.1380,2978.1820,4692015104,83241627648.0000,3,0.301053,1,-0.337253,0.000000,0.000000,0.000000,0.000000,0,-0.33725272666343953
2020-02-24,sh.000016,2949.9780,2953.2940,2922.1620,2930.0330,2968.1380,4863757312,84187873280.0000,3,0.312072,1,-1.283801,0.000000,0.000000,0.000000,0.000000,0,-1.2838014944049125
2020-02-25,sh.000016,2891.9780,2912.1590,2869.6430,2909.3240,2930.0330,5315794688,88652947456.0000,3,0.341076,1,-0.706784,0.000000,0.000000,0.000000,0.000000,0,-0.7067838485095512
2020-02-26,sh.000016,2877.4630,2930.0190,2872.8290,2901.6730,2909.3240,6296502784,93491146752.0000,3,0.404001,1,-0.262982,0.000000,0.000000,0.000000,0.000000,0,-0.26298205356296567
2020-02-27,sh.000016,2904.8650,2927.1980,2903.7470,2912.0360,2901.6730,4215225008,70016401408.0000,3,0.270461,1,0.357139,0.000000,0.000000,0.000000,0.000000,0,0.3571387954466321
2020-02-28,sh.000016,2860.2810,2880.7940,2818.4290,2821.0410,2912.0360,5847996416,90536235008.0000,3,0.375224,1,-3.124790,0.000000,0.000000,0.000000,0.000000,0,-3.1247896660618224
2020-03-02,sh.000016,2837.7730,2922.9510,2837.7730,2907.8860,2821.0410,5488477696,85151776768.0000,3,0.352156,1,3.078474,0.000000,0.000000,0.000000,0.000000,0,3.0784735138553287
2020-03-03,sh.000016,2941.6790,2948.5510,2910.7560,2921.4430,2907.8860,5316139776,84017213440.0000,3,0.341098,1,0.466215,0.000000,0.000000,0.000000,0.000000,0,0.4662149754151468
2020-03-04,sh.000016,2921.0670,2949.5710,2919.3650,2947.5660,2921.4430,4256954896,75555573760.0000,3,0.273138,1,0.894181,0.000000,0.000000,0.000000,0.000000,0,0.8941814028204487
2020-03-05,sh.000016,2966.6860,3023.1230,2956.6510,3018.0700,2947.5660,6049796608,105885810688.0000,3,0.388172,1,2.391940,0.000000,0.000000,0.000000,0.000000,0,2.391939654616726
2020-03-06,sh.000016,2989.7640,2999.4850,2962.4030,2964.8340,3018.0700,4185528800,69696069632.0000,3,0.268555,1,-1.763909,0.000000,0.000000,0.000000,0.000000,0,-1.7639087231243966
2020-03-09,sh.000016,2908.6266,2908.6266,2864.4901,2868.8297,2964.8348,5886474700,89883304685.0000,3,0.377693,1,-3.238126,0.000000,0.000000,0.000000,0.000000,0,-3.2381003455842716
2020-03-10,sh.000016,2859.8694,2935.0871,2852.9348,2924.2165,2868.8297,4805053000,76922299779.0000,3,0.308306,1,1.930641,0.000000,0.000000,0.000000,0.000000,0,1.930640916050197
2020-03-11,sh.000016,2927.8282,2927.8282,2888.3612,2888.3612,2924.2165,3644206200,58821559035.0000,3,0.233745,1,-1.226151,0.000000,0.000000,0.000000,0.000000,0,-1.226150662921166
2020-03-12,sh.000016,2858.5110,2866.1354,2828.2901,2841.9824,2888.3612,3702363200,60744920235.0000,3,0.237476,1,-1.605713,0.000000,0.000000,0.000000,0.000000,0,-1.605713302062084
2020-03-13,sh.000016,2720.6127,2826.7235,2715.1375,2798.7695,2841.9824,4906135500,82814500305.0000,3,0.314688,1,-1.520520,0.000000,0.000000,0.000000,0.000000,0,-1.520519620388927
2020-03-16,sh.000016,2799.9951,2800.1779,2689.8974,2694.0229,2798.7695,4697120600,76460306996.0000,3,0.301281,1,-3.742595,0.000000,0.000000,0.000000,0.000000,0,-3.742594736722693
2020-03-17,sh.000016,2696.6972,2734.7985,2629.1822,2685.5907,2694.0229,4153269400,70083880488.0000,3,0.266398,1,-0.312997,0.000000,0.000000,0.000000,0.000000,0,-0.31299659702223037
2020-03-18,sh.000016,2695.4241,2724.3019,2625.6003,2626.0826,2685.5907,3724043100,65416459932.0000,3,0.241695,1,-2.215829,0.000000,0.000000,0.000000,0.000000,0,-2.21582909115674
2020-03-19,sh.000016,2611.7496,2630.0517,2517.3038,2569.7891,2625.7470,4952352800,83641800955.0000,3,0.317652,1,-2.131123,0.000000,0.000000,0.000000,0.000000,0,-2.143630211783898
2020-03-20,sh.000016,2597.9793,2636.1406,2580.3573,2628.4161,2569.7891,3723143600,61882459787.0000,3,0.238809,1,2.281393,0.000000,0.000000,0.000000,0.000000,0,2.2813934419754434
2020-03-23,sh.000016,2548.8455,2586.1059,2548.0038,2559.6192,2628.4161,3254972100,56761578580.0000,3,0.208779,1,-2.617428,0.000000,0.000000,0.000000,0.000000,0,-2.6174280396471405
2020-03-24,sh.000016,2608.2448,2641.8733,2592.6050,2639.3834,2559.6192,3686841400,62053255970.0000,3,0.236480,1,3.116253,0.000000,0.000000,0.000000,0.000000,0,3.1162526050749983
2020-03-25,sh.000016,2700.0961,2711.1171,2681.0877,2700.1865,2639.3834,3849119400,66439253951.0000,3,0.246889,1,2.303686,0.000000,0.000000,0.000000,0.000000,0,2.3036857775190933
2020-03-26,sh.000016,2676.6159,2716.3354,2673.4409,2689.2803,2700.1865,2822602100,47526067796.0000,3,0.181046,1,-0.403905,0.000000,0.000000,0.000000,0.000000,0,-0.40390543393946654
2020-03-27,sh.000016,2722.4681,2733.5206,2701.4447,2701.4447,2689.2803,3538694500,56316143419.0000,3,0.226978,1,0.452329,0.000000,0.000000,0.000000,0.000000,0,0.4523291975180088
2020-03-30,sh.000016,2667.1202,2696.3305,2664.7175,2690.0420,2701.4447,3404970700,52410857487.0000,3,0.218400,1,-0.422096,0.000000,0.000000,0.000000,0.000000,0,-0.42209636939819495
2020-03-31,sh.000016,2713.4987,2716.0210,2684.2066,2689.3790,2690.0420,3029903800,46061513613.0000,3,0.194343,1,-0.024646,0.000000,0.000000,0.000000,0.000000,0,-0.024646455334154105
2020-04-01,sh.000016,2684.5001,2722.3249,2680.0773,2682.0795,2689.3790,2751937300,44240194623.0000,3,0.176514,1,-0.271420,0.000000,0.000000,0.000000,0.000000,0,-0.2714195358854199
2020-04-02,sh.000016,2667.9405,2719.8864,2665.8054,2719.8864,2682.0795,2873089300,43855142486.0000,3,0.184284,1,1.409611,0.000000,0.000000,0.000000,0.000000,0,1.409611460062976
2020-04-03,sh.000016,2707.8191,2720.8444,2697.8315,2708.8246,2719.8864,2444455900,39428104565.0000,3,0.156790,1,-0.406701,0.000000,0.000000,0.000000,0.000000,0,-0.40670080926908936
2020-04-07,sh.000016,2756.2704,2762.3061,2743.1591,2757.4064,2708.8246,3595465100,59656453010.0000,3,0.230618,1,1.793464,0.000000,0.000000,0.000000,0.000000,0,1.7934642206069773
2020-04-08,sh.000016,2742.3570,2753.4930,2736.0926,2743.8865,2757.4064,2540167600,38559903637.0000,3,0.162871,1,-0.490312,0.000000,0.000000,0.000000,0.000000,0,-0.49031220062446534
2020-04-09,sh.000016,2754.7165,2760.5860,2749.4162,2752.5880,2743.8865,2382049700,38382876852.0000,3,0.152733,1,0.317123,0.000000,0.000000,0.000000,0.000000,0,0.31712317546663815
2020-04-10,sh.000016,2755.1967,2787.2835,2742.5231,2749.8466,2752.5880,2544479400,43526674662.0000,3,0.163115,1,-0.099594,0.000000,0.000000,0.000000,0.000000,0,-0.0995935461464037
2020-04-13,sh.000016,2740.0926,2749.4787,2731.0289,2739.1666,2749.8466,1918766200,30636073111.0000,3,0.123004,1,-0.388385,0.000000,0.000000,0.000000,0.000000,0,-0.38838530120188786
2020-04-14,sh.000016,2756.4996,2785.8013,2745.9902,2785.7200,2739.1666,2672299500,48384370745.0000,3,0.171309,1,1.699546,0.000000,0.000000,0.000000,0.000000,0,1.6995461320242322
2020-04-15,sh.000016,2783.2760,2788.0859,2761.4351,2764.4883,2785.7200,2305149500,42309461738.0000,3,0.147773,1,-0.762162,0.000000,0.000000,0.000000,0.000000,0,-0.762162026334301
2020-04-16,sh.000016,2751.6937,2771.4343,2750.2919,2768.2616,2764.4883,2301637900,41776714414.0000,3,0.147548,1,0.136492,0.000000,0.000000,0.000000,0.000000,0,0.13649180573489517
2020-04-17,sh.000016,2790.8348,2825.9585,2782.7127,2809.0757,2768.2616,3486971900,62422703250.0000,3,0.223535,1,1.474358,0.000000,0.000000,0.000000,0.000000,0,1.4743584927089382
2020-04-20,sh.000016,2812.8012,2821.0063,2799.9158,2819.7938,2809.0757,2762756400,48186424309.0000,3,0.177108,1,0.381553,0.000000,0.000000,0.000000,0.000000,0,0.3815525512537832
2020-04-21,sh.000016,2808.9130,2808.9130,2767.2738,2784.5328,2819.7938,2494367600,42654500062.0000,3,0.159903,1,-1.250482,0.000000,0.000000,0.000000,0.000000,0,-1.2504815068392627
2020-04-22,sh.000016,2774.4393,2804.2373,2768.3954,2804.2373,2784.5328,2069456300,37039162435.0000,3,0.132664,1,0.707641,0.000000,0.000000,0.000000,0.000000,0,0.7076411525840154
2020-04-23,sh.000016,2813.7322,2820.2414,2794.4639,2797.6612,2804.2373,2452956300,40003338633.0000,3,0.157248,1,-0.234506,0.000000,0.000000,0.000000,0.000000,0,-0.23450583158564076
2020-04-24,sh.000016,2789.0511,2789.0511,2770.3365,2776.0245,2797.6612,1991477400,35854089011.0000,3,0.127665,1,-0.773385,0.000000,0.000000,0.000000,0.000000,0,-0.7733852833931465
2020-04-27,sh.000016,2786.4670,2818.5384,2783.1736,2805.2202,2776.0245,2314714000,40090088313.0000,3,0.148386,1,1.051709,0.000000,0.000000,0.000000,0.000000,0,1.0517090176977995
2020-04-28,sh.000016,2814.2298,2832.0618,2781.1486,2825.1393,2805.2202,2708422800,47828238905.0000,3,0.173625,1,0.710073,0.000000,0.000000,0.000000,0.000000,0,0.7100725996483037
2020-04-29,sh.000016,2814.5955,2852.1036,2814.0689,2844.8143,2825.1393,2543013400,45196775961.0000,3,0.163021,1,0.696426,0.000000,0.000000,0.000000,0.000000,0,0.6964258364180465
2020-04-30,sh.000016,2851.1447,2882.6952,2851.1447,2861.9077,2844.8143,3038905300,52437640612.0000,3,0.194811,1,0.600862,0.000000,0.000000,0.000000,0.000000,0,0.6008617152972073
2020-05-06,sh.000016,2823.2918,2865.1127,2823.2724,2863.8452,2861.9077,3545978100,59544694245.0000,3,0.227317,1,0.067700,0.000000,0.000000,0.000000,0.000000,0,0.06769959771937284
2020-05-07,sh.000016,2860.9591,2863.1600,2845.6608,2854.4230,2863.8452,2390200000,41458943617.0000,3,0.153225,1,-0.329005,0.000000,0.000000,0.000000,0.000000,0,-0.3290052129912735
2020-05-08,sh.000016,2864.8561,2883.6911,2858.1084,2873.0125,2854.4230,2703717900,48756760662.0000,3,0.173324,1,0.651252,0.000000,0.000000,0.000000,0.000000,0,0.6512524597790836
2020-05-11,sh.000016,2876.7720,2897.9895,2864.9633,2871.8476,2873.0125,2530899800,46507596881.0000,3,0.162245,1,-0.040546,0.000000,0.000000,0.000000,0.000000,0,-0.04054629069660809
2020-05-12,sh.000016,2871.3136,2880.5029,2855.0217,2869.5973,2871.8476,2133015000,39257275180.0000,3,0.136738,1,-0.078357,0.000000,0.000000,0.000000,0.000000,0,-0.0783572220197204
2020-05-13,sh.000016,2860.8202,2869.7020,2845.3371,2867.7123,2869.5973,1832565100,33483747422.0000,3,0.117478,1,-0.065689,0.000000,0.000000,0.000000,0.000000,0,-0.06568865952026881
2020-05-14,sh.000016,2854.7781,2854.7781,2833.9470,2834.5328,2867.7123,1981834300,36947675246.0000,3,0.127046,1,-1.157002,0.000000,0.000000,0.000000,0.000000,0,-1.1570023952542252
2020-05-15,sh.000016,2845.9099,2849.1746,2818.3671,2819.6911,2834.5328,1947058000,38909794047.0000,3,0.124817,1,-0.523603,0.000000,0.000000,0.000000,0.000000,0,-0.5236030431540639
2020-05-18,sh.000016,2821.7258,2849.8499,2813.2571,2837.1721,2819.6911,2262686600,43886596302.0000,3,0.145036,1,0.619962,0.000000,0.000000,0.000000,0.000000,0,0.619961526991375
2020-05-19,sh.000016,2869.2324,2872.6969,2854.8855,2860.6682,2837.1721,2270551600,42580939710.0000,3,0.145538,1,0.828152,0.000000,0.000000,0.000000,0.000000,0,0.8281520884827698
2020-05-20,sh.000016,2861.5929,2864.6689,2847.2553,2856.1398,2860.6682,1994922900,37561348500.0000,3,0.127871,1,-0.158299,0.000000,0.000000,0.000000,0.000000,0,-0.15829868000770686
2020-05-21,sh.000016,2866.7448,2867.9145,2844.1437,2846.8239,2856.1398,1907114500,36357586642.0000,3,0.122242,1,-0.326171,0.000000,0.000000,0.000000,0.000000,0,-0.32617100885607986
2020-05-22,sh.000016,2840.8794,2841.1054,2775.3088,2775.8096,2846.8239,2597130200,46841991567.0000,3,0.166471,1,-2.494510,0.000000,0.000000,0.000000,0.000000,0,-2.49450975875255
2020-05-25,sh.000016,2784.4347,2789.8153,2762.2983,2789.7095,2775.8096,1867492300,33629752365.0000,3,0.119702,1,0.500751,0.000000,0.000000,0.000000,0.000000,0,0.5007512042612738
2020-05-26,sh.000016,2806.2480,2811.8253,2796.8463,2808.8419,2789.7095,1811040900,32226210134.0000,3,0.116018,1,0.685821,0.000000,0.000000,0.000000,0.000000,0,0.6858205128526862
2020-05-27,sh.000016,2810.4749,2814.5590,2790.8433,2795.4807,2808.8419,1975995300,33762192930.0000,3,0.126586,1,-0.475684,0.000000,0.000000,0.000000,0.000000,0,-0.47568359045055963
2020-05-28,sh.000016,2797.3679,2830.4628,2785.3207,2809.6648,2795.4807,2294337200,38842766209.0000,3,0.146979,1,0.507394,0.000000,0.000000,0.000000,0.000000,0,0.5073939519596671
2020-05-29,sh.000016,2791.6226,2813.8249,2788.8670,2806.6643,2809.6648,2147102600,36267708567.0000,3,0.137547,1,-0.106792,0.000000,0.000000,0.000000,0.000000,0,-0.10679209847381799
2020-06-01,sh.000016,2832.2174,2873.0538,2832.2174,2870.3558,2806.6643,2843344300,52739288749.0000,3,0.182150,1,2.269295,0.000000,0.000000,0.000000,0.000000,0,2.269295262707405
2020-06-02,sh.000016,2864.5289,2890.8071,2862.6765,2885.9208,2870.3558,2670394300,48136501768.0000,3,0.171070,1,0.542267,0.000000,0.000000,0.000000,0.000000,0,0.5422672687476648
2020-06-03,sh.000016,2900.8702,2922.7830,2889.0841,2889.1086,2885.9208,2784097500,51525905998.0000,3,0.178354,1,0.110460,0.000000,0.000000,0.000000,0.000000,0,0.1104604118034036
2020-06-04,sh.000016,2900.9644,2902.8993,2876.4419,2883.3633,2889.1086,2189472900,36051895058.0000,3,0.140261,1,-0.198861,0.000000,0.000000,0.000000,0.000000,0,-0.19886064511386303
2020-06-05,sh.000016,2886.2329,2896.3495,2871.8707,2896.3495,2883.3633,2126970100,38224565108.0000,3,0.136222,1,0.450384,0.000000,0.000000,0.000000,0.000000,0,0.45038375843931
2020-06-08,sh.000016,2907.6750,2925.1994,2904.0349,2909.5867,2896.3495,2930062900,53846965565.0000,3,0.187656,1,0.457030,0.000000,0.000000,0.000000,0.000000,0,0.45703047922911466
2020-06-09,sh.000016,2911.9481,2931.5394,2905.8432,2928.3043,2909.5867,2440088000,44447001974.0000,3,0.156276,1,0.643308,0.000000,0.000000,0.000000,0.000000,0,0.6433078622472443
2020-06-10,sh.000016,2925.1657,2925.1657,2905.2106,2908.4753,2928.3043,2271766600,41298669210.0000,3,0.145496,1,-0.677150,0.000000,0.000000,0.000000,0.000000,0,-0.6771495708284059
2020-06-11,sh.000016,2899.4865,2907.6568,2867.1966,2876.5130,2908.4753,2899854300,50569232346.0000,3,0.185722,1,-1.098937,0.000000,0.000000,0.000000,0.000000,0,-1.0989366146585522
2020-06-12,sh.000016,2840.8021,2884.9905,2837.5506,2884.1157,2876.5130,3409594400,51141596561.0000,3,0.218368,1,0.264303,0.000000,0.000000,0.000000,0.000000,0,0.2643026469896004
2020-06-15,sh.000016,2862.4896,2875.0268,2838.6074,2838.6074,2884.1157,2931049700,55344281135.0000,3,0.187720,1,-1.577894,0.000000,0.000000,0.000000,0.000000,0,-1.5778943958454916
2020-06-16,sh.000016,2867.7129,2879.5252,2861.0109,2878.9924,2838.6074,2421833300,43386145208.0000,3,0.160737,1,1.422705,0.000000,0.000000,0.000000,0.000000,0,1.4227046684934352
2020-06-17,sh.000016,2879.8483,2882.1032,2864.1553,2881.1321,2878.9924,2224461300,42134102733.0000,3,0.147638,1,0.074321,0.000000,0.000000,0.000000,0.000000,0,0.07432114096583842
2020-06-18,sh.000016,2872.1682,2892.1185,2860.4956,2888.9575,2881.1321,2763430400,47707495423.0000,3,0.183346,1,0.271609,0.000000,0.000000,0.000000,0.000000,0,0.27160851111269757
2020-06-19,sh.000016,2891.3093,2933.9025,2888.9222,2925.9356,2888.9575,3713736100,74110248088.0000,3,0.246397,1,1.279981,0.000000,0.000000,0.000000,0.000000,0,1.2799807543032227
2020-06-22,sh.000016,2921.2970,2947.6121,2912.4938,2921.8915,2925.9356,3726298500,72454864319.0000,3,0.238573,1,-0.138216,0.000000,0.000000,0.000000,0.000000,0,-0.13821561896303347
2020-06-23,sh.000016,2913.0108,2929.7971,2902.1223,2925.4160,2921.8915,2754012800,59578426675.0000,3,0.182722,1,0.120624,0.000000,0.000000,0.000000,0.000000,0,0.12062391776013204
2020-06-24,sh.000016,2928.5224,2947.1908,2926.8445,2943.4733,2925.4160,3017957300,61408737401.0000,3,0.200234,1,0.617256,0.000000,0.000000,0.000000,0.000000,0,0.617255802251715
2020-06-29,sh.000016,2935.5423,2942.4920,2909.4509,2925.4834,2943.4733,3248337700,64157816353.0000,3,0.215516,1,-0.611179,0.000000,0.000000,0.000000,0.000000,0,-0.6111793166256985
2020-06-30,sh.000016,2933.9281,2951.1227,2928.6832,2942.0741,2925.4834,2701559800,56079512949.0000,3,0.179239,1,0.567110,0.000000,0.000000,0.000000,0.000000,0,0.5671096954438237
2020-07-01,sh.000016,2950.4921,3010.3624,2941.3802,3009.8611,2942.0741,4266806900,83084456013.0000,3,0.283087,1,2.304055,0.000000,0.000000,0.000000,0.000000,0,2.3040548162944097
2020-07-02,sh.000016,3005.3570,3088.9603,3003.7779,3084.2381,3009.8611,6722380600,118751704735.0000,3,0.446006,1,2.471111,0.000000,0.000000,0.000000,0.000000,0,2.47111071005901
2020-07-03,sh.000016,3101.3858,3159.1688,3101.2607,3159.1583,3084.2381,7820941600,137578589835.0000,3,0.518889,1,2.429132,0.000000,0.000000,0.000000,0.000000,0,2.4291315252217505
2020-07-06,sh.000016,3198.7384,3384.8672,3198.7384,3374.1362,3159.1583,12216786900,202917638622.0000,3,0.810540,1,6.804911,0.000000,0.000000,0.000000,0.000000,0,6.804910662438157
2020-07-07,sh.000016,3438.8558,3465.4678,3381.7608,3381.7608,3374.1362,10862413900,199150089199.0000,3,0.720151,1,0.225972,0.000000,0.000000,0.000000,0.000000,0,0.2259719094919843
2020-07-08,sh.000016,3378.1092,3466.6299,3371.5924,3429.9449,3381.7608,9145721300,167555891090.0000,3,0.606339,1,1.424823,0.000000,0.000000,0.000000,0.000000,0,1.424822831940098
2020-07-09,sh.000016,3426.5963,3451.9250,3403.7253,3442.0205,3429.9449,8493444000,153534471836.0000,3,0.563094,1,0.352064,0.000000,0.000000,0.000000,0.000000,0,0.3520639646426904
2020-07-10,sh.000016,3403.9961,3411.0942,3338.5929,3351.7800,3442.0205,7904651800,139047237039.0000,3,0.524043,1,-2.621730,0.000000,0.000000,0.000000,0.000000,0,-2.6217304632555227
2020-07-13,sh.000016,3338.7076,3421.9397,3327.6965,3390.1150,3351.7800,8002418600,144465870708.0000,3,0.530525,1,1.143721,0.000000,0.000000,0.000000,0.000000,0,1.1437206499233188
2020-07-14,sh.000016,3374.0700,3391.9033,3310.8892,3348.0312,3390.1150,7678639500,129973787376.0000,3,0.509060,1,-1.241368,0.000000,0.000000,0.000000,0.000000,0,-1.2413679181974668
2020-07-15,sh.000016,3363.9243,3374.2882,3303.1506,3313.7646,3348.0312,7041203100,133624136730.0000,3,0.466801,1,-1.023485,0.000000,0.000000,0.000000,0.000000,0,-1.0234850858020672
2020-07-16,sh.000016,3313.5618,3326.6941,3162.0251,3162.0251,3313.7646,7468306800,151041927324.0000,3,0.495116,1,-4.579067,0.000000,0.000000,0.000000,0.000000,0,-4.579066962088985
2020-07-17,sh.000016,3181.6980,3223.5413,3151.2178,3185.8909,3162.0251,4944909900,104284759355.0000,3,0.327693,1,0.754763,0.000000,0.000000,0.000000,0.000000,0,0.754763142139514
2020-07-20,sh.000016,3219.9177,3293.6253,3189.4670,3287.9150,3185.8909,6304753600,124831909493.0000,3,0.417809,1,3.202373,0.000000,0.000000,0.000000,0.000000,0,3.2023726863967594
2020-07-21,sh.000016,3302.7223,3305.1976,3272.4732,3286.8146,3287.9150,4451198100,98108441247.0000,3,0.294917,1,-0.033468,0.000000,0.000000,0.000000,0.000000,0,-0.033468018485871553
