date,code,open,high,low,close,preclose,volume,amount,adjustflag,turn,tradestatus,pctChg,pbMRQ,peTTM,psTTM,pcfNcfTTM,isST,p_change
2001-01-02,sh.600261,22.0400,23.2500,22.0200,22.9400,22.0200,824755,18773960.0000,3,2.061887,1,4.178020,25.551655,77.072242,13.292368,218.628788,0,
2001-01-03,sh.600261,22.9800,23.3200,22.7500,23.1800,22.9400,952305,21929155.0000,3,2.380762,1,1.046206,25.818978,77.878578,13.431434,220.916099,0,1.046207497820384
2001-01-04,sh.600261,23.1800,23.2500,22.8600,22.9200,23.1800,638451,14726112.0000,3,1.596128,1,-1.121657,25.529378,77.005048,13.280779,218.438179,0,-1.1216566005176842
2001-01-05,sh.600261,22.9300,23.5000,22.7000,23.4800,22.9200,781550,18094540.0000,3,1.953875,1,2.443279,26.153132,78.886497,13.605266,223.775238,0,2.44328097731239
2001-01-08,sh.600261,23.4800,24.5000,23.3800,23.6000,23.4800,1044008,24840001.0000,3,2.610020,1,0.511077,26.286794,79.289665,13.674799,224.918893,0,0.5110732538330609
2001-01-09,sh.600261,23.1800,24.0000,22.7100,23.3800,23.6000,927407,21739377.0000,3,2.318518,1,-0.932208,26.041748,78.550524,13.547322,222.822191,0,-0.9322033898305215
2001-01-10,sh.600261,23.4000,24.2000,23.1000,23.9200,23.3800,712816,17088284.0000,3,1.782040,1,2.309670,26.643225,80.364779,13.860220,227.968641,0,2.3096663815226792
2001-01-11,sh.600261,23.9800,24.4500,23.5000,24.2900,23.9200,889289,21377892.0000,3,2.223223,1,1.546826,27.055349,81.607880,14.074613,231.494911,0,1.546822742474907
2001-01-12,sh.600261,24.0800,24.5000,23.6000,23.9000,24.2900,915299,22039758.0000,3,2.288247,1,-1.605604,26.620948,80.297585,13.848631,227.778031,0,-1.605599011939074
2001-01-15,sh.600261,23.5000,23.8500,22.0300,22.3600,23.9000,1703046,38775017.0000,3,4.257615,1,-6.443511,24.905623,75.123598,12.956292,213.101121,0,-6.443514644351456
2001-01-16,sh.600261,22.2000,22.8000,21.7000,22.1500,22.3600,1135969,25029271.0000,3,2.839923,1,-0.939182,24.671716,74.418054,12.834610,211.099724,0,-0.939177101967803
2001-01-17,sh.600261,22.1500,22.4100,21.8800,21.9300,22.1500,514110,11346146.0000,3,1.285275,1,-0.993225,24.426669,73.678913,12.707133,209.003022,0,-0.9932279909706465
2001-01-18,sh.600261,21.8900,22.8000,21.7500,22.1500,21.9300,1047090,23146015.0000,3,2.617725,1,1.003189,24.671716,74.418054,12.834610,211.099724,0,1.0031919744641904
2001-01-19,sh.600261,22.1500,22.4000,21.9000,22.1500,22.1500,701649,15536928.0000,3,1.754123,1,0.000000,24.671716,74.418054,12.834610,211.099724,0,0.0
2001-02-05,sh.600261,22.1500,22.1500,20.5100,20.7500,22.1500,1241000,26289867.0000,3,3.102500,1,-6.320540,23.112329,69.714430,12.023393,197.757078,0,-6.320541760722342
2001-02-06,sh.600261,20.5100,20.7500,19.8500,20.1700,20.7500,1169693,23632123.0000,3,2.924233,1,-2.795180,22.466298,67.765786,11.687317,192.229410,0,-2.795180722891555
2001-02-07,sh.600261,20.2000,20.3800,19.5000,19.5200,20.1700,827983,16389047.0000,3,2.069958,1,-3.222606,21.742297,65.581960,11.310681,186.034610,0,-3.222607833415969
2001-02-08,sh.600261,19.5000,20.0600,18.9800,19.2600,19.5200,952730,18557554.0000,3,2.381825,1,-1.331968,21.452697,64.708430,11.160027,183.556690,0,-1.3319672131147486
2001-02-09,sh.600261,19.6900,19.9900,19.3000,19.8000,19.2600,580308,11392317.0000,3,1.450770,1,2.803733,22.054175,66.522685,11.472924,188.703139,0,2.8037383177569986
2001-02-12,sh.600261,19.8900,20.0300,19.4800,20.0200,19.8000,414673,8207812.0000,3,1.036682,1,1.111117,22.299221,67.261826,11.600401,190.799841,0,1.1111111111111072
2001-02-13,sh.600261,20.0700,20.3100,19.7000,19.8400,20.0200,448678,8952423.0000,3,1.121695,1,-0.899102,22.098729,66.657074,11.496102,189.084358,0,-0.899100899100902
2001-02-14,sh.600261,19.9000,20.1000,19.3000,20.0800,19.8400,123019,2441293.0000,3,0.307547,1,1.209676,22.366052,67.463410,11.635168,191.371668,0,1.2096774193548265
2001-02-15,sh.600261,20.1800,20.1800,19.7700,19.8400,20.0800,131700,2618979.0000,3,0.329250,1,-1.195218,22.098729,66.657074,11.496102,189.084358,0,-1.195219123505964
2001-02-16,sh.600261,19.4800,19.9800,19.2900,19.9700,19.8400,223664,4383029.0000,3,0.559160,1,0.655238,5.021022,52.759190,8.105721,13.881006,0,0.6552419354838745
2001-02-19,sh.600261,19.9700,20.2700,19.9000,20.2100,19.9700,275842,5559533.0000,3,0.689605,1,1.201802,5.081365,53.393252,8.203136,14.047828,0,1.2018027040560986
2001-02-20,sh.600261,20.2200,20.4400,19.9000,19.9800,20.2100,447236,9039722.0000,3,1.118090,1,-1.138048,5.023536,52.785610,8.109780,13.887957,0,-1.1380504700643224
2001-02-21,sh.600261,19.9600,19.9600,19.4500,19.5100,19.9800,612644,11987751.0000,3,1.531610,1,-2.352349,4.905365,51.543906,7.919009,13.561263,0,-2.3523523523523493
2001-02-22,sh.600261,19.3500,19.9000,19.3200,19.7300,19.5100,218024,4286893.0000,3,0.545060,1,1.127623,4.960679,52.125129,8.008306,13.714184,0,1.1276268580215243
2001-02-23,sh.600261,19.6200,20.1500,19.5000,20.1000,19.7300,216200,4280364.0000,3,0.540500,1,1.875321,5.053708,53.102640,8.158487,13.971368,0,1.8753167764825163
2001-02-26,sh.600261,20.1500,20.5000,20.1000,20.3000,20.1000,645802,13110011.0000,3,1.614505,1,0.995019,5.103993,53.631025,8.239666,14.110387,0,0.995024875621886
2001-02-27,sh.600261,20.4500,20.4800,20.2000,20.4300,20.3000,299930,6100522.0000,3,0.749825,1,0.640399,5.136679,53.974475,8.292433,14.200749,0,0.6403940886699377
2001-02-28,sh.600261,20.0500,20.1000,19.8000,19.9900,20.4300,489517,9768147.0000,3,1.223793,1,-2.153698,5.026051,52.812029,8.113839,13.894908,0,-2.1536955457660323
2001-03-01,sh.600261,19.8900,20.1200,19.7300,20.0700,19.9900,289867,5778953.0000,3,0.724668,1,0.400200,5.046165,53.023383,8.146311,13.950515,0,0.40020010005004103
2001-03-02,sh.600261,19.9500,20.3500,19.9500,20.2000,20.0700,260332,5256506.0000,3,0.650830,1,0.647738,5.078851,53.366832,8.199077,14.040877,0,0.64773293472844
2001-03-05,sh.600261,20.1000,20.2000,19.8000,19.8500,20.2000,367401,7316064.0000,3,0.918502,1,-1.732675,4.990851,52.442160,8.057014,13.797595,0,-1.732673267326723
2001-03-06,sh.600261,19.8000,19.9800,19.6400,19.9000,19.8500,343218,6764087.0000,3,0.858045,1,0.251885,5.003422,52.574256,8.077308,13.832350,0,0.25188916876572875
2001-03-07,sh.600261,19.7800,19.9700,19.7100,19.7800,19.9000,158100,3134818.0000,3,0.395250,1,-0.603010,4.973251,52.257225,8.028601,13.748938,0,-0.603015075376867
2001-03-08,sh.600261,19.7200,19.9500,19.6800,19.8600,19.7800,155749,3084629.0000,3,0.389372,1,0.404448,4.993365,52.468579,8.061073,13.804546,0,0.4044489383215222
2001-03-09,sh.600261,19.9900,20.3000,19.8300,20.0200,19.8600,230289,4631030.0000,3,0.575723,1,0.805639,5.033594,52.891286,8.126016,13.915761,0,0.8056394763343411
2001-03-12,sh.600261,20.0500,20.4000,20.0500,20.3600,20.0200,311646,6328556.0000,3,0.779115,1,1.698303,5.119079,53.789540,8.264020,14.152092,0,1.6983016983016963
2001-03-13,sh.600261,20.3600,20.3800,20.0300,20.1000,20.3600,186478,3767769.0000,3,0.466195,1,-1.277015,5.053708,53.102640,8.158487,13.971368,0,-1.2770137524557912
2001-03-14,sh.600261,20.0600,20.3900,19.9000,20.2700,20.1000,231064,4654824.0000,3,0.577660,1,0.845772,5.096451,53.551767,8.227490,14.089534,0,0.8457711442785953
2001-03-15,sh.600261,20.2500,20.5900,20.2500,20.5500,20.2700,485666,9922843.0000,3,1.214165,1,1.381346,5.166850,54.291505,8.341140,14.284160,0,1.3813517513566964
2001-03-16,sh.600261,20.5500,20.6500,20.3000,20.5100,20.5500,400062,8199315.0000,3,1.000155,1,-0.194642,5.156793,54.185828,8.324904,14.256356,0,-0.1946472019464629
2001-03-19,sh.600261,20.5400,20.5400,20.3500,20.5000,20.5100,274863,5614296.0000,3,0.687158,1,-0.048758,5.154279,54.159409,8.320845,14.249405,0,-0.04875670404681509
2001-03-20,sh.600261,20.5000,20.5100,20.0000,20.2500,20.5000,408604,8281355.0000,3,1.021510,1,-1.219512,5.091422,53.498929,8.219372,14.075632,0,-1.2195121951219523
2001-03-21,sh.600261,20.2200,20.5800,20.2200,20.4700,20.2500,439574,8993502.0000,3,1.098935,1,1.086416,5.146736,54.080151,8.308669,14.228553,0,1.0864197530864095
2001-03-22,sh.600261,20.5800,20.9500,20.5100,20.8800,20.4700,677127,14047950.0000,3,1.692818,1,2.002930,5.249822,55.163340,8.475085,14.513541,0,2.002931118710305
2001-03-23,sh.600261,20.8800,20.9700,20.5000,20.5200,20.8800,490870,10194108.0000,3,1.227175,1,-1.724132,5.159308,54.212248,8.328963,14.263307,0,-1.724137931034475
2001-03-26,sh.600261,20.3000,20.9200,20.3000,20.8800,20.5200,303237,6290113.0000,3,0.758092,1,1.754380,5.249822,55.163340,8.475085,14.513541,0,1.7543859649122862
2001-03-27,sh.600261,20.9000,21.3600,20.8000,21.3000,20.8800,670944,14188185.0000,3,1.677360,1,2.011495,5.355422,56.272947,8.645561,14.805480,0,2.011494252873569
2001-03-28,sh.600261,21.3000,21.3000,21.3000,21.3000,21.3000,0,0.0000,3,,0,0.000000,5.355422,56.272947,8.645561,14.805480,0,0.0
2001-03-29,sh.600261,21.2000,21.3900,20.8700,21.2000,21.3000,343080,7252469.0000,3,0.857700,1,-0.469476,5.330279,56.008755,8.604972,14.735970,0,-0.46948356807512415
2001-03-30,sh.600261,21.2000,21.3800,20.9100,21.2700,21.2000,388093,8183208.0000,3,0.970232,1,0.330187,5.347879,56.193689,8.633384,14.784627,0,0.33018867924528017
2001-04-02,sh.600261,21.3200,21.9400,21.3200,21.8000,21.2700,999497,21651963.0000,3,2.498743,1,2.491767,5.481136,57.593908,8.848509,15.153026,0,2.4917724494593285
2001-04-03,sh.600261,21.9000,21.9800,21.4500,21.7500,21.8000,565131,12215263.0000,3,1.412827,1,-0.229354,5.468564,57.461812,8.828214,15.118272,0,-0.2293577981651418
2001-04-04,sh.600261,21.4600,21.8000,20.9000,20.9600,21.7500,673212,14309160.0000,3,1.683030,1,-3.632188,5.269936,55.374693,8.507557,14.569148,0,-3.6321839080459717
2001-04-05,sh.600261,20.8800,21.2100,20.7100,21.2100,20.9600,356626,7479945.0000,3,0.891565,1,1.192748,5.332793,56.035174,8.609031,14.742921,0,1.1927480916030575
2001-04-06,sh.600261,21.2100,21.3000,20.9200,20.9800,21.2100,319598,6732924.0000,3,0.798995,1,-1.084392,5.274965,55.427532,8.515675,14.583050,0,-1.0843941537010848
2001-04-09,sh.600261,20.9800,21.0500,20.7900,20.8600,20.9800,323552,6747867.0000,3,0.808880,1,-0.571968,5.244793,55.110501,8.466968,14.499639,0,-0.5719733079122991
2001-04-10,sh.600261,20.9000,21.2000,20.8500,21.2000,20.8600,380111,8001805.0000,3,0.950277,1,1.629914,5.330279,56.008755,8.604972,14.735970,0,1.6299137104506256
2001-04-11,sh.600261,21.2300,21.3300,21.0000,21.2700,21.2000,343080,7258038.0000,3,0.857700,1,0.330187,5.347879,56.193689,8.633384,14.784627,0,0.33018867924528017
2001-04-12,sh.600261,21.3000,21.4900,21.2200,21.3500,21.2700,570829,12191937.0000,3,1.427072,1,0.376116,5.367993,56.405043,8.665856,14.840234,0,0.3761165961448043
2001-04-13,sh.600261,21.3100,21.8800,21.2800,21.8000,21.3500,1035646,22371367.0000,3,2.589115,1,2.107723,5.481136,57.593908,8.848509,15.153026,0,2.1077283372365363
2001-04-16,sh.600261,21.8800,22.2000,21.8000,22.1500,21.8000,1087031,23964785.0000,3,2.717577,1,1.605506,5.569136,58.518581,8.990572,15.396309,0,1.6055045871559592
2001-04-17,sh.600261,22.3000,22.3000,21.8000,22.0300,22.1500,750356,16538150.0000,3,1.875890,1,-0.541756,5.538964,58.201550,8.941865,15.312898,0,-0.5417607223476173
2001-04-18,sh.600261,22.0300,22.2500,21.8000,22.2300,22.0300,684545,15076042.0000,3,1.711363,1,0.907848,5.589250,58.729935,9.023044,15.451916,0,0.9078529278256919
2001-04-19,sh.600261,22.2000,22.2000,21.7000,21.9900,22.2300,553894,12142930.0000,3,1.384735,1,-1.079621,5.528907,58.095874,8.925629,15.285094,0,-1.0796221322537214
2001-04-20,sh.600261,22.0000,22.7000,21.9500,22.2000,21.9900,1368243,30730024.0000,3,3.420608,1,0.954984,5.581707,58.650677,9.010867,15.431063,0,0.9549795361528002
2001-04-23,sh.600261,22.1000,22.8300,22.0200,22.8300,22.2000,1300715,29326104.0000,3,3.251788,1,2.837834,5.740107,60.315088,9.266580,15.868972,0,2.837837837837842
2001-04-24,sh.600261,22.8800,23.5300,22.8800,23.3800,22.8300,1900551,44210180.0000,3,4.751378,1,2.409107,5.878392,61.768146,9.489823,16.251273,0,2.409110819097693
2001-04-25,sh.600261,23.3800,23.4900,22.2300,22.5900,23.3800,2059296,47466783.0000,3,5.148240,1,-3.378952,5.679764,59.681027,9.169166,15.702150,0,-3.3789563729683447
2001-04-26,sh.600261,22.5000,23.1900,22.3500,22.5300,22.5900,1876995,42946579.0000,3,4.692487,1,-0.265602,5.664678,59.522512,9.144812,15.660444,0,-0.26560424966799445
2001-04-27,sh.600261,22.2800,22.9900,22.2500,22.8800,22.5300,827288,18693018.0000,3,2.068220,1,1.553477,5.752678,60.447184,9.286875,15.903727,0,1.553484243231229
2001-04-30,sh.600261,22.7900,23.1400,22.7800,22.9700,22.8800,692143,15914184.0000,3,1.730358,1,0.393357,5.775307,60.684957,9.323406,15.966285,0,0.393356643356646
2001-05-08,sh.600261,23.4100,23.4100,22.7800,22.9800,22.9700,347510,7976952.0000,3,0.868775,1,0.043536,5.777821,60.711377,9.327465,15.973236,0,0.04353504571179556
2001-05-09,sh.600261,23.0000,23.3000,22.7900,22.8500,22.9800,340850,7824285.0000,3,0.852125,1,-0.565706,5.745135,60.367927,9.274698,15.882874,0,-0.5657093124456058
2001-05-10,sh.600261,22.8000,22.9500,22.8000,22.8500,22.8500,195404,4471704.0000,3,0.488510,1,0.000000,5.745135,60.367927,9.274698,15.882874,0,0.0
2001-05-11,sh.600261,22.9600,23.0000,22.5100,22.5900,22.8500,307038,6970318.0000,3,0.767595,1,-1.137857,5.679764,59.681027,9.169166,15.702150,0,-1.1378555798687184
2001-05-14,sh.600261,22.6100,22.9000,22.5800,22.7000,22.5900,386737,8789614.0000,3,0.966842,1,0.486944,5.707421,59.971638,9.213814,15.778610,0,0.48694112439131576
2001-05-15,sh.600261,22.7700,23.3700,22.7700,23.1400,22.7000,848623,19577264.0000,3,2.121558,1,1.938320,5.818050,61.134084,9.392408,16.084451,0,1.938325991189438
2001-05-16,sh.600261,23.1400,23.6400,23.0100,23.5800,23.1400,1252999,29363759.0000,3,3.132497,1,1.901472,5.928678,62.296530,9.571002,16.390292,0,1.9014693171996555
2001-05-17,sh.600261,23.6000,23.7000,23.3300,23.5000,23.5800,653363,15366751.0000,3,1.633407,1,-0.339270,5.908564,62.085176,9.538530,16.334684,0,-0.3392705682781938
2001-05-18,sh.600261,23.4000,23.6500,23.1000,23.6000,23.4000,528092,12372785.0000,3,1.320230,1,0.854704,5.933707,62.349369,9.579120,16.404194,0,0.42553191489362874
2001-05-21,sh.600261,23.6500,24.6000,23.6500,24.3500,23.6000,1968677,48028801.0000,3,4.921692,1,3.177966,6.122278,64.330810,9.883541,16.925513,0,3.177966101694918
2001-05-22,sh.600261,24.3500,25.0700,24.1500,24.8400,24.3500,1723839,42642733.0000,3,4.309597,1,2.012319,6.245478,65.625352,10.082429,17.266109,0,2.012320328542083
2001-05-23,sh.600261,24.8000,24.8900,24.1300,24.5000,24.8400,989005,24229219.0000,3,2.472513,1,-1.368761,6.159992,64.727099,9.944425,17.029777,0,-1.3687600644122333
2001-05-24,sh.600261,24.4500,25.1600,24.3600,24.8800,24.5000,690719,17212280.0000,3,1.726798,1,1.551017,6.255535,65.731029,10.098665,17.293912,0,1.5510204081632617
2001-05-25,sh.600261,25.1800,25.2500,24.1000,24.8500,24.8800,697025,17294057.0000,3,1.742563,1,-0.120574,6.247992,65.651772,10.086488,17.273060,0,-0.1205787781350387
2001-05-28,sh.600261,24.8300,24.9900,24.2100,24.8500,24.8500,661010,16373448.0000,3,1.652525,1,0.000000,6.247992,65.651772,10.086488,17.273060,0,0.0
2001-05-29,sh.600261,24.8500,25.0000,24.5000,24.8800,24.8500,542175,13417964.0000,3,1.355438,1,0.120719,6.255535,65.731029,10.098665,17.293912,0,0.12072434607643956
2001-05-30,sh.600261,24.9200,25.3800,24.6800,25.1500,24.8800,1054030,26456821.0000,3,2.635075,1,1.085211,6.323420,66.444348,10.208257,17.481588,0,1.085209003215426
2001-05-31,sh.600261,25.3800,25.4000,24.4500,24.6000,25.1500,941727,23353030.0000,3,2.354318,1,-2.186876,6.185135,64.991291,9.985014,17.099286,0,-2.1868787276341783
2001-06-01,sh.600261,24.5800,24.8800,24.1000,24.4000,24.6000,1077460,26276775.0000,3,2.693650,1,-0.813011,6.134849,64.462906,9.903835,16.960268,0,-0.8130081300813163
2001-06-04,sh.600261,24.5000,24.8000,24.2000,24.7000,24.4000,682256,16745682.0000,3,1.705640,1,1.229513,6.210278,65.255483,10.025604,17.168796,0,1.2295081967213184
2001-06-05,sh.600261,24.7000,24.7000,24.5000,24.6000,24.7000,252899,6214554.0000,3,0.632247,1,-0.404860,6.185135,64.991291,9.985014,17.099286,0,-0.4048582995951344
2001-06-06,sh.600261,24.6100,24.6900,24.5000,24.6500,24.6000,366195,9004930.0000,3,0.915488,1,0.203249,6.197706,65.123387,10.005309,17.134041,0,0.20325203252031798
2001-06-07,sh.600261,24.6500,25.0000,24.4800,24.8500,24.6500,756920,18715030.0000,3,1.892300,1,0.811362,6.247992,65.651772,10.086488,17.273060,0,0.8113590263691739
2001-06-08,sh.600261,24.7400,25.4400,24.6600,25.4200,24.8500,936367,23527177.0000,3,2.340918,1,2.293761,6.391306,67.157667,10.317848,17.669263,0,2.293762575452707
2001-06-11,sh.600261,25.4200,25.9100,25.2200,25.6800,25.4200,757154,19458858.0000,3,1.892885,1,1.022818,6.456677,67.844567,10.423381,17.849987,0,1.0228166797797034
2001-06-12,sh.600261,25.6800,25.7100,25.3600,25.6000,25.6800,261041,6659014.0000,3,0.652603,1,-0.311526,6.436563,67.633213,10.390909,17.794379,0,-0.31152647975076775
2001-06-13,sh.600261,25.6100,25.8300,25.4100,25.6000,25.6000,339350,8709351.0000,3,0.848375,1,0.000000,6.436563,67.633213,10.390909,17.794379,0,0.0
2001-06-14,sh.600261,25.5100,25.7800,24.8000,24.8000,25.6000,788205,19926567.0000,3,1.970513,1,-3.125005,6.235421,65.519675,10.066193,17.238305,0,-3.125
2001-06-15,sh.600261,24.6000,24.9800,24.3500,24.9600,24.8000,664870,16394435.0000,3,1.662175,1,0.645161,6.275649,65.942383,10.131137,17.349520,0,0.6451612903225712
2001-06-18,sh.600261,24.6800,25.3000,23.9800,24.0000,24.9600,1010179,24628528.0000,3,2.525447,1,-3.846150,6.034278,63.406138,9.741477,16.682231,0,-3.8461538461538547
2001-06-19,sh.600261,23.9000,24.1000,23.4100,23.4700,24.0000,686705,16225057.0000,3,1.716762,1,-2.208336,5.901021,62.005919,9.526353,16.313831,0,-2.2083333333333344
2001-06-20,sh.600261,23.5000,24.1000,23.4300,23.5000,23.4700,364480,8629581.0000,3,0.911200,1,0.127826,5.908564,62.085176,9.538530,16.334684,0,0.12782275244993535
2001-06-21,sh.600261,23.5100,23.8100,23.5100,23.8000,23.5000,363770,8626869.0000,3,0.909425,1,1.276592,5.983992,62.877753,9.660299,16.543212,0,1.276595744680864
2001-06-22,sh.600261,24.0000,24.0000,23.5300,23.8700,23.8000,308390,7342965.0000,3,0.770975,1,0.294124,6.001592,63.062688,9.688711,16.591869,0,0.2941176470588225
2001-06-25,sh.600261,23.9000,24.4500,23.8700,24.4000,23.8700,398088,9629720.0000,3,0.995220,1,2.220355,6.134849,64.462906,9.903835,16.960268,0,2.2203602848763992
2001-06-26,sh.600261,24.4500,24.4500,24.2000,24.3600,24.4000,412908,10054423.0000,3,1.032270,1,-0.163930,6.124792,64.357230,9.887600,16.932464,0,-0.16393442622950616
2001-06-27,sh.600261,24.3700,24.4800,24.0000,24.4500,24.3600,611570,14799675.0000,3,1.528925,1,0.369459,6.147421,64.595003,9.924130,16.995023,0,0.3694581280788256
2001-06-28,sh.600261,24.3700,24.8000,24.1000,24.4000,24.4500,557696,13637505.0000,3,1.394240,1,-0.204504,6.134849,64.462906,9.903835,16.960268,0,-0.2044989775051187
2001-06-29,sh.600261,24.5800,24.7500,24.2000,24.5800,24.4000,305631,7497454.0000,3,0.764077,1,0.737706,6.180106,64.938453,9.976897,17.085385,0,0.7377049180327777
2001-07-02,sh.600261,24.7000,24.8000,24.1100,24.1800,24.5800,197963,4838151.0000,3,0.494908,1,-1.627338,6.079535,63.881684,9.814539,16.807347,0,-1.6273393002440906
2001-07-03,sh.600261,24.2000,24.2900,23.8600,24.1800,24.1800,160708,3875651.0000,3,0.401770,1,0.000000,6.079535,63.881684,9.814539,16.807347,0,0.0
2001-07-04,sh.600261,24.2800,24.3200,24.0100,24.1800,24.1800,111820,2700409.0000,3,0.279550,1,0.000000,6.079535,63.881684,9.814539,16.807347,0,0.0
2001-07-05,sh.600261,24.1900,24.2900,23.6200,23.6600,24.1800,211450,5045594.0000,3,0.528625,1,-2.150539,5.948792,62.507884,9.603473,16.445899,0,-2.1505376344086002
2001-07-06,sh.600261,23.5000,23.6500,23.0800,23.1000,23.6600,317400,7424880.0000,3,0.793500,1,-2.366862,5.807993,61.028407,9.376172,16.056647,0,-2.3668639053254337
2001-07-09,sh.600261,22.9000,23.1000,22.8000,23.0000,23.1000,223768,5147850.0000,3,0.559420,1,-0.432902,5.782850,60.764215,9.335583,15.987138,0,-0.43290043290044045
2001-07-10,sh.600261,23.1000,23.8900,23.1000,23.6700,23.0000,260230,6125644.0000,3,0.650575,1,2.913044,5.951307,62.534303,9.607532,16.452850,0,2.9130434782608683
2001-07-11,sh.600261,23.6900,23.6900,22.9400,22.9900,23.6700,202600,4688850.0000,3,0.506500,1,-2.872836,5.780335,60.737796,9.331524,15.980187,0,-2.872834811998326
2001-07-12,sh.600261,22.9500,23.0000,22.7000,22.9100,22.9900,326357,7464974.0000,3,0.815892,1,-0.347977,5.760221,60.526442,9.299052,15.924579,0,-0.3479773814701992
2001-07-13,sh.600261,23.0800,23.1500,22.7900,22.8200,22.9100,301663,6909095.0000,3,0.754158,1,-0.392842,5.737593,60.288669,9.262522,15.862021,0,-0.3928415539065866
2001-07-16,sh.600261,23.0000,23.1200,22.0000,22.4100,22.8200,270226,6152396.0000,3,0.675565,1,-1.796669,5.634507,59.205481,9.096105,15.577033,0,-1.796669588080635
2001-07-17,sh.600261,22.4000,22.4000,21.9200,22.3000,22.4100,460403,10169023.0000,3,1.151007,1,-0.490855,5.606850,58.914869,9.051456,15.500573,0,-0.49085229808121245
2001-07-18,sh.600261,22.5000,22.6700,22.3200,22.4900,22.3000,85909,1932636.0000,3,0.214773,1,0.852020,5.654621,59.416835,9.128576,15.632640,0,0.8520179372197179
2001-07-19,sh.600261,22.4900,22.8800,22.4900,22.8700,22.4900,106462,2419704.0000,3,0.266155,1,1.689645,5.750164,60.420765,9.282816,15.896776,0,1.6896398399288692
2001-07-20,sh.600261,22.9800,23.3000,22.7000,23.1000,22.8700,151811,3516289.0000,3,0.379527,1,1.005682,5.807993,61.028407,9.376172,16.056647,0,1.0056843025797901
2001-07-23,sh.600261,23.1800,23.5500,23.1400,23.4000,23.1000,197375,4618901.0000,3,0.493438,1,1.298698,5.883421,61.820984,9.497941,16.265175,0,1.298701298701288
2001-07-24,sh.600261,23.1500,23.2500,22.8000,22.9300,23.4000,276320,6349336.0000,3,0.690800,1,-2.008544,5.765250,60.579281,9.307170,15.938481,0,-2.0085470085470014
2001-07-25,sh.600261,22.8000,23.1000,22.5800,22.6400,22.9300,323500,7391995.0000,3,0.808750,1,-1.264723,5.692336,59.813123,9.189460,15.736904,0,-1.2647187091146983
2001-07-26,sh.600261,22.6000,22.9000,22.5700,22.6500,22.6400,138848,3140272.0000,3,0.347120,1,0.044171,5.694850,59.839542,9.193519,15.743855,0,0.04416961130742081
2001-07-27,sh.600261,22.6800,22.6800,22.0000,22.0200,22.6500,365055,8112329.0000,3,0.912638,1,-2.781453,5.536450,58.175131,8.937806,15.305947,0,-2.7814569536423805
2001-07-30,sh.600261,21.9800,22.2800,20.8400,21.3100,22.0200,466142,9988581.0000,3,1.165355,1,-3.224346,5.357936,56.299366,8.649620,14.812431,0,-3.224341507720263
2001-07-31,sh.600261,21.2000,21.5500,21.0000,21.1000,21.3100,498929,10595425.0000,3,1.247322,1,-0.985448,5.305136,55.744563,8.564382,14.666461,0,-0.9854528390426887
2001-08-01,sh.600261,21.3000,21.9500,21.1500,21.9500,21.1000,207310,4465552.0000,3,0.518275,1,4.028438,5.518850,57.990197,8.909393,15.257290,0,4.0284360189573265
2001-08-02,sh.600261,21.4000,21.8400,20.8000,21.8000,21.9500,345264,7329648.0000,3,0.863160,1,-0.683378,5.130635,47.099822,5.789126,22.074303,0,-0.6833712984054552
2001-08-03,sh.600261,21.8800,21.9800,21.5500,21.8200,21.8000,87029,1904095.0000,3,0.217573,1,0.091745,5.135342,47.143033,5.794437,22.094554,0,0.09174311926605228
2001-08-06,sh.600261,21.9800,22.1000,21.4800,21.5000,21.8200,285400,6205207.0000,3,0.713500,1,-1.466543,5.060030,46.451660,5.709459,21.770528,0,-1.466544454628782
2001-08-07,sh.600261,21.5500,22.1900,21.5100,22.0500,21.5000,228100,4985674.0000,3,0.570250,1,2.558136,5.189473,47.639958,5.855515,22.327448,0,2.55813953488373
2001-08-08,sh.600261,22.0000,22.3500,21.8800,22.0300,22.0500,259600,5752342.0000,3,0.649000,1,-0.090696,5.184766,47.596747,5.850204,22.307197,0,-0.09070294784579991
2001-08-09,sh.600261,22.1000,22.5100,22.0100,22.4000,22.0300,353990,7893136.0000,3,0.884975,1,1.679523,5.271846,48.396148,5.948460,22.681852,0,1.679527916477519
2001-08-10,sh.600261,22.4900,22.6500,22.2000,22.5500,22.4000,381521,8573741.0000,3,0.953802,1,0.669641,5.307148,48.720229,5.988293,22.833740,0,0.6696428571428603
2001-08-13,sh.600261,22.5600,22.6300,22.1100,22.4800,22.5500,230300,5170486.0000,3,0.575750,1,-0.310420,5.290674,48.568991,5.969704,22.762859,0,-0.31042128603104846
2001-08-14,sh.600261,22.4800,22.8000,22.2800,22.4000,22.4800,189097,4263414.0000,3,0.472743,1,-0.355872,5.271846,48.396148,5.948460,22.681852,0,-0.3558718861210064
2001-08-15,sh.600261,22.2900,22.6600,22.1000,22.4000,22.4000,266601,5969393.0000,3,0.666502,1,0.000000,5.271846,48.396148,5.948460,22.681852,0,0.0
2001-08-16,sh.600261,22.5000,22.7700,22.2000,22.3500,22.4000,199900,4482033.0000,3,0.499750,1,-0.223211,5.260078,48.288121,5.935182,22.631223,0,-0.22321428571426827
2001-08-17,sh.600261,22.2000,22.2000,21.8000,22.0700,22.3500,175275,3855858.0000,3,0.438188,1,-1.252800,5.194180,47.683169,5.860826,22.347700,0,-1.2527964205816589
2001-08-20,sh.600261,22.0000,22.3500,22.0000,22.3500,22.0700,84100,1861208.0000,3,0.210250,1,1.268694,5.260078,48.288121,5.935182,22.631223,0,1.268690530131411
2001-08-21,sh.600261,22.4000,22.5900,22.3500,22.3700,22.3500,71700,1611577.0000,3,0.179250,1,0.089487,5.264785,48.331331,5.940493,22.651475,0,0.08948545861298118
2001-08-22,sh.600261,22.3000,22.3000,21.8800,21.9000,22.3700,101652,2233337.0000,3,0.254130,1,-2.101033,5.154171,47.315876,5.815681,22.175561,0,-2.101028162717933
2001-08-23,sh.600261,21.6500,21.9900,21.5400,21.9000,21.9000,69820,1516794.0000,3,0.174550,1,0.000000,5.154171,47.315876,5.815681,22.175561,0,0.0
2001-08-24,sh.600261,22.0000,22.1000,21.5800,21.6100,21.9000,118200,2583913.0000,3,0.295500,1,-1.324196,5.085919,46.689319,5.738670,21.881912,0,-1.3242009132420018
2001-08-27,sh.600261,21.5000,21.5500,21.0000,21.0800,21.6100,211400,4488238.0000,3,0.528500,1,-2.452571,4.961183,45.544232,5.597925,21.345243,0,-2.452568255437304
2001-08-28,sh.600261,20.8700,21.0000,20.4000,20.9500,21.0800,359636,7412356.0000,3,0.899090,1,-0.616694,4.930588,45.263361,5.563403,21.213607,0,-0.6166982922201081
2001-08-29,sh.600261,21.1000,21.3000,21.0000,21.1200,20.9500,79411,1679111.0000,3,0.198527,1,0.811456,4.970597,45.630653,5.608548,21.385747,0,0.8114558472553712
2001-08-30,sh.600261,20.9600,21.1000,20.9500,20.9500,21.1200,32200,676787.0000,3,0.080500,1,-0.804925,4.930588,45.263361,5.563403,21.213607,0,-0.8049242424242542
2001-08-31,sh.600261,20.9500,21.1300,20.9500,21.0300,20.9500,76600,1609635.0000,3,0.191500,1,0.381861,4.949416,45.436205,5.584648,21.294614,0,0.38186157517901
2001-09-03,sh.600261,21.0500,21.2900,21.0300,21.1100,21.0300,66029,1397549.0000,3,0.165073,1,0.380409,4.968244,45.609048,5.605892,21.375621,0,0.3804089396100663
2001-09-04,sh.600261,21.1800,21.9300,21.1500,21.9300,21.1100,280221,6021789.0000,3,0.700553,1,3.884413,5.161231,47.380693,5.823648,22.205939,0,3.8844149692089047
2001-09-05,sh.600261,21.9800,22.0000,21.4900,21.5900,21.9300,177295,3870404.0000,3,0.443237,1,-1.550388,5.081212,46.646108,5.733359,21.861660,0,-1.5503875968992276
2001-09-06,sh.600261,21.8400,21.8400,21.4200,21.5900,21.5900,30567,659884.0000,3,0.076417,1,0.000000,5.081212,46.646108,5.733359,21.861660,0,0.0
2001-09-07,sh.600261,22.4800,22.4800,21.0000,21.1500,21.5900,198900,4298140.0000,3,0.497250,1,-2.037983,4.977658,45.695470,5.616514,21.416124,0,-2.037980546549334
2001-09-10,sh.600261,20.9000,21.8400,20.8800,21.8200,21.1500,200594,4332919.0000,3,0.501485,1,3.167849,5.135342,47.143033,5.794437,22.094554,0,3.167848699763609
2001-09-11,sh.600261,21.6200,22.3500,21.6200,22.1000,21.8200,491101,10849813.0000,3,1.227753,1,1.283230,5.201241,47.747985,5.868793,22.378078,0,1.2832263978001857
2001-09-12,sh.600261,21.5000,22.0800,21.4300,21.9900,22.1000,434910,9500248.0000,3,1.087275,1,-0.497740,5.175352,47.510325,5.839582,22.266694,0,-0.4977375565610953
2001-09-13,sh.600261,21.6100,22.3000,21.6100,22.1800,21.9900,241049,5342844.0000,3,0.602622,1,0.864032,5.220069,47.920828,5.890037,22.459084,0,0.8640291041382531
2001-09-14,sh.600261,22.1800,22.2500,21.8600,21.8800,22.1800,192362,4238625.0000,3,0.480905,1,-1.352575,5.149464,47.272666,5.810370,22.155309,0,-1.352569882777277
2001-09-17,sh.600261,21.9300,21.9300,21.6500,21.6600,21.8800,131900,2872562.0000,3,0.329750,1,-1.005481,5.097686,46.797346,5.751948,21.932541,0,-1.0054844606946944
2001-09-18,sh.600261,21.6800,21.9800,21.3500,21.7000,21.6600,86100,1853932.0000,3,0.215250,1,0.184676,5.107100,46.883768,5.762570,21.973045,0,0.1846722068328699
2001-09-19,sh.600261,21.8500,22.1500,21.5100,22.1000,21.7000,126660,2762334.0000,3,0.316650,1,1.843316,5.201241,47.747985,5.868793,22.378078,0,1.8433179723502446
2001-09-20,sh.600261,22.2000,22.4800,22.0000,22.1700,22.1000,265959,5927287.0000,3,0.664897,1,0.316741,5.217715,47.899223,5.887382,22.448958,0,0.3167420814479627
2001-09-21,sh.600261,22.2800,22.3900,21.8500,21.9900,22.1700,107082,2363757.0000,3,0.267705,1,-0.811909,5.175352,47.510325,5.839582,22.266694,0,-0.8119079837618504
2001-09-24,sh.600261,21.9000,22.0000,21.7500,21.8000,21.9900,116600,2551868.0000,3,0.291500,1,-0.864032,5.130635,47.099822,5.789126,22.074303,0,-0.8640291041382309
2001-09-25,sh.600261,21.9500,22.2000,21.8100,21.8300,21.8000,36800,807962.0000,3,0.092000,1,0.137618,5.137696,47.164639,5.797093,22.104680,0,0.1376146788990784
2001-09-26,sh.600261,21.8100,21.9000,21.3100,21.3500,21.8300,223109,4807883.0000,3,0.557773,1,-2.198807,5.024728,46.127578,5.669626,21.618641,0,-2.1988089784699794
2001-09-27,sh.600261,21.3000,21.5200,21.3000,21.4400,21.3500,124213,2660223.0000,3,0.310532,1,0.421546,5.045909,46.322027,5.693526,21.709773,0,0.4215456674472984
2001-09-28,sh.600261,21.3000,21.4400,20.7000,21.4000,21.4400,240021,5057307.0000,3,0.600052,1,-0.186571,5.036495,46.235605,5.682903,21.669270,0,-0.1865671641791189
2001-10-08,sh.600261,21.4000,21.4000,20.7000,20.7600,21.4000,100800,2098764.0000,3,0.252000,1,-2.990651,4.885871,44.852858,5.512947,21.021217,0,-2.990654205607468
2001-10-09,sh.600261,20.5600,21.1400,20.5000,21.0100,20.7600,285470,5944310.0000,3,0.713675,1,1.204239,4.944709,45.392994,5.579336,21.274362,0,1.204238921001921
2001-10-10,sh.600261,20.7300,20.8000,20.0500,20.2800,21.0100,293575,6021454.0000,3,0.733938,1,-3.474534,4.772903,43.815798,5.385480,20.535177,0,-3.4745359352689187
2001-10-11,sh.600261,20.1800,20.5000,19.6100,19.7100,20.2800,339742,6776255.0000,3,0.849355,1,-2.810659,4.638753,42.584289,5.234113,19.958005,0,-2.810650887573962
2001-10-12,sh.600261,20.0000,21.6700,19.3000,20.8500,19.7100,385705,7926078.0000,3,0.964263,1,5.783873,4.907053,45.047307,5.536847,21.112349,0,5.783866057838671
2001-10-15,sh.600261,20.7500,20.7500,20.2100,20.5500,20.8500,142900,2915167.0000,3,0.357250,1,-1.438854,4.836448,44.399144,5.457181,20.808574,0,-1.4388489208633115
2001-10-16,sh.600261,20.6000,20.6000,19.9000,20.0400,20.5500,63600,1278882.0000,3,0.159000,1,-2.481744,4.716419,43.297268,5.321747,20.292157,0,-2.481751824817524
2001-10-17,sh.600261,20.0000,20.9000,19.7500,20.0000,20.0400,121951,2470339.0000,3,0.304878,1,-0.199605,4.707005,43.210846,5.311125,20.251654,0,-0.19960079840318778
2001-10-18,sh.600261,20.1500,20.4800,19.7900,19.8300,20.0000,128500,2597615.0000,3,0.321250,1,-0.850000,4.666995,42.843554,5.265980,20.079515,0,-0.8500000000000063
2001-10-19,sh.600261,19.5000,19.6500,18.3300,18.3800,19.8300,410650,7850942.0000,3,1.026625,1,-7.312157,4.325738,39.710768,4.880924,18.611270,0,-7.3121533030761405
2001-10-22,sh.600261,18.1800,18.4900,16.8800,17.0500,18.3800,259479,4571953.0000,3,0.648698,1,-7.236126,3.850912,36.837246,4.527734,17.264535,0,-7.23612622415668
2001-10-23,sh.600261,18.7600,18.7600,18.7600,18.7600,17.0500,326592,6126866.0000,3,0.816480,1,10.029330,4.237133,40.531774,4.981835,18.996051,0,10.029325513196486
2001-10-24,sh.600261,20.4800,20.6400,20.0000,20.5100,18.7600,1764920,36209286.0000,3,4.412300,1,9.328358,4.632388,44.312723,5.446558,20.768071,0,9.328358208955233
2001-10-25,sh.600261,20.3900,20.3900,19.8500,20.1000,20.5100,572645,11565027.0000,3,1.431613,1,-1.999024,4.539785,43.426900,5.337680,20.352912,0,-1.9990248659190635
2001-10-26,sh.600261,19.6500,20.8000,19.6500,20.7100,20.1000,467413,9530815.0000,3,1.168532,1,3.034819,4.677560,44.744831,5.499670,20.970588,0,3.0348258706467623
2001-10-29,sh.600261,20.9000,21.6000,20.7500,21.4600,20.7100,568806,12158423.0000,3,1.422015,1,3.621439,4.846955,46.365238,5.698837,21.730025,0,3.621438918396902
2001-10-30,sh.600261,21.5500,21.5500,20.9100,20.9100,21.4600,157501,3330641.0000,3,0.393753,1,-2.562904,4.722732,45.176940,5.552781,21.173104,0,-2.562907735321529
2001-10-31,sh.600261,20.8000,20.8000,20.4000,20.8000,20.9100,133700,2753858.0000,3,0.334250,1,-0.526067,4.697887,44.939280,5.523570,21.061720,0,-0.5260640841702524
2001-11-01,sh.600261,20.9000,21.2000,20.8400,21.0000,20.8000,83200,1750868.0000,3,0.208000,1,0.961542,4.743059,45.371388,5.576681,21.264237,0,0.9615384615384581
2001-11-02,sh.600261,20.8200,20.9900,20.5000,20.7800,21.0000,111974,2313364.0000,3,0.279935,1,-1.047616,4.693370,44.896069,5.518258,21.041468,0,-1.0476190476190417
2001-11-05,sh.600261,20.6500,20.6800,20.5000,20.5500,20.7800,46194,950927.0000,3,0.115485,1,-1.106840,4.641422,44.399144,5.457181,20.808574,0,-1.106833493743986
2001-11-06,sh.600261,20.6000,21.2900,20.5600,20.6000,20.5500,41650,867548.0000,3,0.104125,1,0.243315,4.652715,44.507171,5.470458,20.859204,0,0.24330900243310083
2001-11-07,sh.600261,20.6000,20.8500,19.7100,19.8200,20.6000,298650,5962192.0000,3,0.746625,1,-3.786411,4.476544,42.821948,5.263324,20.069389,0,-3.7864077669902962
2001-11-08,sh.600261,19.7000,20.2000,19.3300,20.0000,19.8200,200445,3974409.0000,3,0.501112,1,0.908175,4.517199,43.210846,5.311125,20.251654,0,0.908173562058523
2001-11-09,sh.600261,20.0000,20.2500,19.7600,20.1800,20.0000,178250,3580593.0000,3,0.445625,1,0.900002,4.557854,43.599744,5.358925,20.433919,0,0.8999999999999897
2001-11-12,sh.600261,20.2000,20.2000,19.9500,19.9600,20.1800,42150,844866.0000,3,0.105375,1,-1.090194,4.508165,43.124424,5.300502,20.211151,0,-1.090188305252715
2001-11-13,sh.600261,19.9200,19.9200,19.5100,19.9200,19.9600,124300,2459676.0000,3,0.310750,1,-0.200396,4.499130,43.038003,5.289880,20.170647,0,-0.2004008016032066
2001-11-14,sh.600261,19.9500,20.0700,19.8000,19.9500,19.9200,38500,768466.0000,3,0.096250,1,0.150606,4.505906,43.102819,5.297847,20.201025,0,0.15060240963853389
2001-11-15,sh.600261,20.0000,20.2900,19.9100,20.2100,19.9500,166480,3347029.0000,3,0.416200,1,1.303250,4.564630,43.664560,5.366891,20.464296,0,1.3032581453634062
2001-11-16,sh.600261,22.2000,22.2000,20.4000,20.7500,20.2100,698396,14673947.0000,3,1.745990,1,2.671949,4.686594,44.831253,5.510292,21.011091,0,2.671944581890151
2001-11-19,sh.600261,20.4100,21.0500,20.4100,20.9900,20.7500,208522,4356966.0000,3,0.521305,1,1.156625,4.740800,45.349783,5.574025,21.254111,0,1.1566265060240832
2001-11-20,sh.600261,21.0500,21.7600,20.9200,21.5000,20.9900,449704,9651453.0000,3,1.124260,1,2.429729,4.855989,46.451660,5.709459,21.770528,0,2.4297284421153087
2001-11-21,sh.600261,21.5000,21.6500,21.3800,21.5600,21.5000,220650,4755528.0000,3,0.551625,1,0.279067,4.869541,46.581292,5.725392,21.831283,0,0.27906976744185297
2001-11-22,sh.600261,21.5600,22.0000,21.4000,21.7600,21.5600,249480,5425184.0000,3,0.623700,1,0.927647,4.914713,47.013401,5.778504,22.033799,0,0.927643784786647
2001-11-23,sh.600261,21.7600,21.8200,21.5100,21.6000,21.7600,237000,5138022.0000,3,0.592500,1,-0.735293,4.878575,46.667714,5.736015,21.871786,0,-0.7352941176470562
2001-11-26,sh.600261,21.5000,21.6000,21.4500,21.5100,21.6000,205554,4425602.0000,3,0.513885,1,-0.416667,4.858248,46.473265,5.712115,21.780654,0,-0.4166666666666652
2001-11-27,sh.600261,21.4500,21.6500,21.4500,21.6000,21.5100,39460,852003.0000,3,0.098650,1,0.418411,4.878575,46.667714,5.736015,21.871786,0,0.4184100418409997
2001-11-28,sh.600261,21.7000,21.8000,21.6500,21.7000,21.6000,126143,2738465.0000,3,0.315358,1,0.462965,4.901161,46.883768,5.762570,21.973045,0,0.4629629629629539
2001-11-29,sh.600261,21.4500,21.7000,21.4500,21.5000,21.7000,204160,4407374.0000,3,0.510400,1,-0.921662,4.855989,46.451660,5.709459,21.770528,0,-0.9216589861751112
2001-11-30,sh.600261,21.5000,21.6000,21.4400,21.6000,21.5000,94760,2040508.0000,3,0.236900,1,0.465118,4.878575,46.667714,5.736015,21.871786,0,0.46511627906977715
2001-12-03,sh.600261,21.5000,21.8000,21.5000,21.7600,21.6000,238974,5182771.0000,3,0.597435,1,0.740740,4.914713,47.013401,5.778504,22.033799,0,0.7407407407407307
2001-12-04,sh.600261,21.6600,22.0800,21.6200,22.0000,21.7600,308884,6770882.0000,3,0.772210,1,1.102940,4.968919,47.531931,5.842237,22.276819,0,1.1029411764705843
2001-12-05,sh.600261,22.0000,22.3100,21.5000,21.6700,22.0000,330635,7243902.0000,3,0.826588,1,-1.500000,4.894385,46.818952,5.754604,21.942667,0,-1.4999999999999902
2001-12-06,sh.600261,21.6100,22.0000,21.6000,21.9500,21.6700,191184,4181571.0000,3,0.477960,1,1.292112,4.957626,47.423904,5.828959,22.226190,0,1.292108906322098
2001-12-07,sh.600261,21.9000,22.1800,21.8500,21.9500,21.9500,80850,1778796.0000,3,0.202125,1,0.000000,4.957626,47.423904,5.828959,22.226190,0,0.0
2001-12-10,sh.600261,21.9500,22.1200,21.8700,22.1100,21.9500,164066,3610802.0000,3,0.410165,1,0.728929,4.993764,47.769590,5.871448,22.388203,0,0.7289293849658263
2001-12-11,sh.600261,22.1200,22.4000,22.1000,22.1000,22.1100,291652,6498828.0000,3,0.729130,1,-0.045229,4.991505,47.747985,5.868793,22.378078,0,-0.04522840343734735
2001-12-12,sh.600261,21.9000,22.2700,21.9000,22.0600,22.1000,144588,3197858.0000,3,0.361470,1,-0.181000,4.982471,47.661563,5.858170,22.337574,0,-0.18099547511313263
2001-12-13,sh.600261,22.0300,22.0500,21.3500,21.3800,22.0600,189584,4136500.0000,3,0.473960,1,-3.082504,4.828886,46.192394,5.677592,21.649018,0,-3.0825022665457835
2001-12-14,sh.600261,21.3000,21.8600,21.1900,21.3000,21.3800,133293,2859391.0000,3,0.333232,1,-0.374181,4.810817,46.019551,5.656348,21.568011,0,-0.3741814780168329
2001-12-17,sh.600261,21.3000,21.3000,21.3000,21.3000,21.3000,0,0.0000,3,,0,0.000000,4.810817,46.019551,5.656348,21.568011,0,0.0
2001-12-18,sh.600261,21.3000,21.7900,21.2100,21.4000,21.3000,200708,4314190.0000,3,0.501770,1,0.469485,4.833403,46.235605,5.682903,21.669270,0,0.46948356807510194
2001-12-19,sh.600261,21.6500,21.8700,21.4400,21.4600,21.4000,595972,12944436.0000,3,1.489930,1,0.280371,4.846955,46.365238,5.698837,21.730025,0,0.2803738317757043
2001-12-20,sh.600261,21.5000,21.7700,20.4800,20.8200,21.4600,308670,6490759.0000,3,0.771675,1,-2.982290,4.702404,44.982491,5.528881,21.081972,0,-2.982292637465056
2001-12-21,sh.600261,20.5100,21.1900,20.5000,20.8200,20.8200,192388,4009699.0000,3,0.480970,1,0.000000,4.702404,44.982491,5.528881,21.081972,0,0.0
2001-12-24,sh.600261,21.2000,21.2000,20.5000,20.7000,20.8200,254306,5289252.0000,3,0.635765,1,-0.576364,4.675301,44.723226,5.497014,20.960462,0,-0.5763688760807018
2001-12-25,sh.600261,20.5300,20.8500,20.3100,20.7500,20.7000,89903,1848559.0000,3,0.224757,1,0.241542,4.686594,44.831253,5.510292,21.011091,0,0.24154589371980784
2001-12-26,sh.600261,20.7000,20.7800,20.4000,20.7300,20.7500,180237,3720177.0000,3,0.450593,1,-0.096388,4.682077,44.788042,5.504981,20.990839,0,-0.09638554216867545
2001-12-27,sh.600261,20.6500,21.3500,20.3200,21.1900,20.7300,483107,10023053.0000,3,1.207767,1,2.219011,4.785972,45.781891,5.627137,21.456627,0,2.219006271104673
2001-12-28,sh.600261,21.1200,21.6500,21.0300,21.4800,21.1900,565022,12101436.0000,3,1.412555,1,1.368565,4.851472,46.408449,5.704148,21.750276,0,1.3685700802265277
2001-12-31,sh.600261,21.5800,22.2000,21.5000,22.1000,21.4800,719559,15798940.0000,3,1.798898,1,2.886410,4.991505,47.747985,5.868793,22.378078,0,2.886405959031668
2002-01-04,sh.600261,21.9000,21.9000,21.0500,21.1100,22.1000,241500,5180387.0000,3,0.603750,1,-4.479637,4.767904,45.609048,5.605892,21.375621,0,-4.47963800904978
2002-01-07,sh.600261,20.9500,21.1900,20.8000,20.9900,21.1100,99660,2087959.0000,3,0.249150,1,-0.568455,4.740800,45.349783,5.574025,21.254111,0,-0.5684509711037511
2002-01-08,sh.600261,21.0100,21.3500,20.8600,20.8900,20.9900,123100,2587055.0000,3,0.307750,1,-0.476419,4.718214,45.133729,5.547470,21.152853,0,-0.4764173415912287
2002-01-09,sh.600261,20.8000,20.9700,20.7000,20.8100,20.8900,65577,1363502.0000,3,0.163942,1,-0.382958,4.700146,44.960885,5.526225,21.071846,0,-0.3829583532790948
2002-01-10,sh.600261,20.8800,21.0000,20.0300,20.8700,20.8100,424121,8673328.0000,3,1.060302,1,0.288330,4.713697,45.090518,5.542159,21.132601,0,0.28832292167229046
2002-01-11,sh.600261,20.8700,20.9400,19.9800,20.0000,20.8700,334700,6761444.0000,3,0.836750,1,-4.168667,4.517199,43.210846,5.311125,20.251654,0,-4.168663152850982
2002-01-14,sh.600261,19.7900,19.7900,18.9200,18.9200,20.0000,731000,14042226.0000,3,1.827500,1,-5.400000,4.273270,40.877460,5.024324,19.158065,0,-5.399999999999993
2002-01-15,sh.600261,18.6000,19.0700,18.4800,18.9000,18.9200,396590,7445540.0000,3,0.991475,1,-0.105711,4.268753,40.834250,5.019013,19.137813,0,-0.10570824524314126
2002-01-16,sh.600261,18.8500,19.3800,18.6000,19.3100,18.9000,124735,2368476.0000,3,0.311837,1,2.169312,4.361356,41.720072,5.127891,19.552972,0,2.1693121693121764
2002-01-17,sh.600261,19.0200,19.1800,18.6300,18.6300,19.3100,162314,3050518.0000,3,0.405785,1,-3.521493,4.207771,40.250903,4.947313,18.864416,0,-3.5214914552045506
2002-01-18,sh.600261,18.3000,19.5000,18.3000,19.1500,18.6300,317400,6041159.0000,3,0.793500,1,2.791200,4.325218,41.374385,5.085402,19.390959,0,2.791196994095535
2002-01-21,sh.600261,18.8800,19.0000,18.6000,18.8100,19.1500,118607,2234501.0000,3,0.296517,1,-1.775458,4.248426,40.639801,4.995113,19.046681,0,-1.7754569190600478
2002-01-22,sh.600261,18.7000,19.5000,18.7000,18.8600,18.8100,95999,1831110.0000,3,0.239998,1,0.265822,4.259719,40.747828,5.008391,19.097310,0,0.26581605528974706
2002-01-23,sh.600261,18.9000,19.9800,18.9000,19.9200,18.8600,424021,8166441.0000,3,1.060052,1,5.620358,4.499130,43.038003,5.289880,20.170647,0,5.620360551431602
2002-01-24,sh.600261,19.8500,20.2800,19.0200,19.8800,19.9200,814571,16052916.0000,3,2.036428,1,-0.200808,4.490096,42.951581,5.279258,20.130144,0,-0.20080321285141922
2002-01-25,sh.600261,19.6800,20.0900,19.6800,19.9100,19.8800,294573,5864257.0000,3,0.736432,1,0.150909,4.496872,43.016397,5.287225,20.160521,0,0.15090543259557165
2002-01-28,sh.600261,19.9900,19.9900,18.4000,18.4700,19.9100,377603,7111081.0000,3,0.944007,1,-7.232549,4.171633,39.905216,4.904824,18.702402,0,-7.232546459065803
2002-01-29,sh.600261,18.1000,18.8800,17.9000,18.2200,18.4700,665501,12125511.0000,3,1.663752,1,-1.353546,4.115168,39.365081,4.838435,18.449257,0,-1.3535462912831586
2002-01-30,sh.600261,18.2400,18.4700,18.1100,18.3600,18.2200,113063,2066553.0000,3,0.282658,1,0.768394,4.146789,39.667557,4.875612,18.591018,0,0.7683863885839859
2002-01-31,sh.600261,18.4800,19.8800,18.4000,19.5800,18.3600,564807,10934064.0000,3,1.412018,1,6.644876,4.422338,42.303418,5.199591,19.826369,0,6.644880174291923
2002-02-01,sh.600261,19.7400,19.9800,19.3800,19.6000,19.5800,327235,6434953.0000,3,0.818088,1,0.102147,4.426855,42.346629,5.204902,19.846621,0,0.10214504596528506
2002-02-04,sh.600261,19.5800,20.3800,19.5800,20.3400,19.6000,354403,7090503.0000,3,0.886008,1,3.775509,4.593991,43.945430,5.401414,20.595932,0,3.7755102040816224
2002-02-05,sh.600261,20.2000,20.2700,19.8000,20.2000,20.3400,340264,6840119.0000,3,0.850660,1,-0.688296,4.562371,43.642955,5.364236,20.454170,0,-0.68829891838742
2002-02-06,sh.600261,20.1100,20.1100,19.5000,19.6400,20.2000,113250,2240861.0000,3,0.283125,1,-2.772284,4.435890,42.433051,5.215524,19.887124,0,-2.7722772277227636
2002-02-07,sh.600261,19.4500,20.0500,19.4500,19.8600,19.6400,273601,5410486.0000,3,0.684002,1,1.120169,4.485579,42.908370,5.273947,20.109892,0,1.1201629327902252
2002-02-08,sh.600261,19.9800,20.0700,19.8000,19.8000,19.8600,108217,2148926.0000,3,0.270543,1,-0.302122,4.472027,42.778738,5.258013,20.049137,0,-0.30211480362537513
2002-02-25,sh.600261,20.1000,20.3500,19.9500,20.2700,19.8000,530360,10695179.0000,3,1.325900,1,2.373744,4.578181,43.794193,5.382825,20.525051,0,2.3737373737373613
2002-02-26,sh.600261,20.2600,20.2600,19.9000,20.1500,20.2700,70706,1415884.0000,3,0.176765,1,-0.592012,4.551078,43.534927,5.350958,20.403541,0,-0.5920078934385842
2002-02-27,sh.600261,20.1600,20.2500,20.0000,20.1500,20.1500,101100,2031629.0000,3,0.252750,1,0.000000,4.551078,43.534927,5.350958,20.403541,0,0.0
2002-02-28,sh.600261,20.1500,20.3000,19.9500,19.9500,20.1500,90100,1811653.0000,3,0.225250,1,-0.992550,4.505906,43.102819,5.297847,20.201025,0,-0.992555831265507
2002-03-01,sh.600261,19.8200,19.9500,19.8000,19.8200,19.9500,54652,1084520.0000,3,0.136630,1,-0.651634,4.476544,42.821948,5.263324,20.069389,0,-0.6516290726817031
2002-03-04,sh.600261,19.6500,20.1500,19.6500,20.0900,19.8200,65656,1306626.0000,3,0.164140,1,1.362263,4.537527,43.405295,5.335025,20.342786,0,1.3622603430877955
2002-03-05,sh.600261,20.1400,20.6000,20.1400,20.4600,20.0900,450960,9194646.0000,3,1.127400,1,1.841707,4.621095,44.204696,5.433280,20.717442,0,1.8417122946739806
2002-03-06,sh.600261,20.5700,21.1200,20.4900,20.5000,20.4600,376519,7807678.0000,3,0.941298,1,0.195508,4.630129,44.291117,5.443903,20.757945,0,0.19550342130987275
2002-03-07,sh.600261,20.6000,20.8400,20.4500,20.8000,20.5000,313460,6489713.0000,3,0.783650,1,1.463411,4.697887,44.939280,5.523570,21.061720,0,1.4634146341463428
2002-03-08,sh.600261,20.8200,21.1000,20.5000,20.8000,20.8000,581811,12089510.0000,3,1.454527,1,0.000000,4.697887,44.939280,5.523570,21.061720,0,0.0
2002-03-11,sh.600261,21.0000,21.0800,20.3700,20.8100,20.8000,1169114,24111167.0000,3,2.922785,1,0.048078,4.700146,44.960885,5.526225,21.071846,0,0.048076923076911804
2002-03-12,sh.600261,20.7200,20.7600,20.4000,20.4200,20.8100,505958,10378739.0000,3,1.264895,1,-1.874096,4.612060,44.118274,5.422658,20.676939,0,-1.8740989908697547
2002-03-13,sh.600261,20.4100,20.5100,20.1000,20.3600,20.4200,385934,7846549.0000,3,0.964835,1,-0.293827,4.598509,43.988641,5.406725,20.616184,0,-0.2938295788442846
2002-03-14,sh.600261,20.1900,20.4500,20.1600,20.4200,20.3600,356024,7221217.0000,3,0.890060,1,0.294693,4.612060,44.118274,5.422658,20.676939,0,0.29469548133596035
2002-03-15,sh.600261,20.4800,20.7700,19.9100,20.0000,20.4200,360300,7363828.0000,3,0.900750,1,-2.056808,4.517199,43.210846,5.311125,20.251654,0,-2.0568070519099035
2002-03-18,sh.600261,19.9000,20.2100,19.4500,19.6600,20.0000,854468,16790373.0000,3,2.136170,1,-1.700001,4.466194,37.742825,4.151077,-1040.971009,0,-1.7000000000000015
2002-03-19,sh.600261,19.6000,20.3000,19.6000,20.2000,19.6600,482350,9645271.0000,3,1.205875,1,2.746698,4.588867,38.779504,4.265095,-1069.563295,0,2.746693794506605
2002-03-20,sh.600261,20.5500,20.5500,20.0000,20.2500,20.2000,1009536,20405521.0000,3,2.523840,1,0.247521,4.600225,38.875493,4.275652,-1072.210729,0,0.24752475247524774
2002-03-21,sh.600261,20.3500,20.4100,19.8000,20.1000,20.2500,369181,7428837.0000,3,0.922953,1,-0.740739,4.566149,38.587527,4.243980,-1064.268427,0,-0.7407407407407307
2002-03-22,sh.600261,20.0800,20.0800,19.6500,19.7800,20.1000,523400,10386199.0000,3,1.308500,1,-1.592038,4.493455,37.973198,4.176415,-1047.324850,0,-1.5920398009950265
2002-03-25,sh.600261,19.7000,20.1300,19.7000,20.0000,19.7800,308008,6129601.0000,3,0.770020,1,1.112231,4.543432,38.395549,4.222866,-1058.973559,0,1.1122345803842304
2002-03-26,sh.600261,20.0100,20.0100,19.6000,19.7000,20.0000,208030,4107175.0000,3,0.520075,1,-1.499996,4.475281,37.819616,4.159523,-1043.088956,0,-1.5000000000000013
2002-03-27,sh.600261,19.7000,19.8000,19.6000,19.7300,19.7000,239900,4723835.0000,3,0.599750,1,0.152278,4.482096,37.877209,4.165857,-1044.677416,0,0.1522842639593902
2002-03-28,sh.600261,19.7400,20.3800,19.7400,19.9600,19.7300,380484,7639444.0000,3,0.951210,1,1.165735,4.534345,38.318758,4.214420,-1056.855612,0,1.1657374556512945
2002-03-29,sh.600261,19.8800,19.9500,19.6200,19.6700,19.9600,282861,5585282.0000,3,0.707153,1,-1.452901,4.468466,37.762022,4.153189,-1041.500495,0,-1.4529058116232396
2002-04-01,sh.600261,19.5100,19.7200,19.5100,19.6500,19.6700,208039,4092738.0000,3,0.520097,1,-0.101680,4.463922,37.723627,4.148966,-1040.441522,0,-0.10167768174886849
2002-04-02,sh.600261,19.7000,19.8000,19.5000,19.6000,19.6500,211970,4155431.0000,3,0.529925,1,-0.254449,4.452564,37.627638,4.138409,-1037.794088,0,-0.254452926208637
2002-04-03,sh.600261,19.6000,19.8400,19.5800,19.7600,19.6000,278901,5495407.0000,3,0.697253,1,0.816326,4.488911,37.934802,4.172192,-1046.265876,0,0.8163265306122547
2002-04-04,sh.600261,19.8000,20.1600,19.6700,19.9900,19.7600,341951,6808263.0000,3,0.854877,1,1.163965,4.541161,38.376351,4.220755,-1058.444072,0,1.1639676113360142
2002-04-05,sh.600261,20.0000,20.4800,19.9300,20.0200,19.9900,372660,7511222.0000,3,0.931650,1,0.150079,4.547976,38.433945,4.227089,-1060.032533,0,0.15007503751875984
2002-04-08,sh.600261,20.1300,20.2000,19.8000,19.8300,20.0200,232800,4659818.0000,3,0.582000,1,-0.949054,4.504813,38.069187,4.186972,-1049.972284,0,-0.9490509490509558
2002-04-09,sh.600261,19.8300,19.9800,19.6700,19.8800,19.8300,585600,11589822.0000,3,1.464000,1,0.252139,4.516172,38.165176,4.197529,-1052.619718,0,0.2521432173474558
2002-04-10,sh.600261,20.0900,20.1700,19.8800,20.0000,19.8800,133936,2672893.0000,3,0.334840,1,0.603626,4.543432,38.395549,4.222866,-1058.973559,0,0.6036217303823088
2002-04-11,sh.600261,20.0500,20.1800,19.7600,19.8100,20.0000,213164,4236322.0000,3,0.532910,1,-0.950003,4.500270,38.030791,4.182749,-1048.913310,0,-0.9500000000000064
2002-04-12,sh.600261,19.7500,19.8500,19.6800,19.7000,19.8100,94961,1873412.0000,3,0.237403,1,-0.555269,4.475281,37.819616,4.159523,-1043.088956,0,-0.5552751135790013
2002-04-15,sh.600261,19.8600,19.8600,19.1600,19.2500,19.7000,362523,6995905.0000,3,0.906308,1,-2.284268,4.373054,36.955716,4.064509,-1019.262051,0,-2.2842639593908642
2002-04-16,sh.600261,19.2500,19.4000,19.0500,19.3800,19.2500,172242,3301638.0000,3,0.430605,1,0.675320,4.402586,37.205287,4.091957,-1026.145379,0,0.6753246753246733
2002-04-17,sh.600261,19.3000,19.4000,19.1000,19.3300,19.3800,123567,2370911.0000,3,0.308918,1,-0.257994,4.391227,37.109298,4.081400,-1023.497945,0,-0.25799793601651855
2002-04-18,sh.600261,19.3800,19.4000,19.0700,19.2200,19.3300,389040,7496974.0000,3,0.972600,1,-0.569067,4.366238,36.898123,4.058174,-1017.673590,0,-0.5690636316606268
2002-04-19,sh.600261,19.2500,19.3000,18.9700,19.1200,19.2200,320600,6100509.0000,3,0.801500,1,-0.520284,4.343521,36.706145,4.037060,-1012.378722,0,-0.520291363163361
2002-04-22,sh.600261,19.2600,19.2600,18.8800,18.9000,19.1200,118709,2251152.0000,3,0.296772,1,-1.150634,4.293544,36.283794,3.990608,-1000.730013,0,-1.1506276150627714
2002-04-23,sh.600261,18.9000,18.9500,18.7800,18.9200,18.9000,127400,2399547.0000,3,0.318500,1,0.105822,4.298087,36.322189,3.994831,-1001.788987,0,0.10582010582012025
2002-04-24,sh.600261,18.9200,19.0000,18.4100,18.5000,18.9200,244000,4535013.0000,3,0.610000,1,-2.219873,4.202675,35.515883,3.906151,-979.550542,0,-2.2198731501057223
2002-04-25,sh.600261,18.4600,18.6000,18.3500,18.4100,18.5000,233601,4301808.0000,3,0.584003,1,-0.486487,4.182229,35.343103,3.887148,-974.785161,0,-0.4864864864864815
2002-04-26,sh.600261,18.5000,18.7500,18.4100,18.5800,18.4100,654565,12145906.0000,3,1.636413,1,0.923412,4.220849,35.669465,3.923043,-983.786436,0,0.9234111895708663
2002-04-29,sh.600261,18.5800,18.5800,18.5800,18.5800,18.5800,0,0.0000,3,,0,0.000000,4.220849,35.669465,3.923043,-983.786436,0,0.0
2002-04-30,sh.600261,18.6900,19.2900,18.6800,18.8400,18.5800,737023,13868507.0000,3,1.842557,1,1.399355,4.229691,36.168607,3.977940,-997.553093,0,1.3993541442411273
2002-05-08,sh.600261,18.9700,19.0000,18.6000,18.6800,18.8400,273500,5122029.0000,3,0.683750,1,-0.849256,4.193770,35.861443,3.944157,-989.081304,0,-0.849256900212314
2002-05-09,sh.600261,18.6700,18.9800,18.6700,18.7300,18.6800,249740,4699962.0000,3,0.624350,1,0.267662,4.204996,35.957432,3.954714,-991.728738,0,0.2676659528908054
2002-05-10,sh.600261,18.7500,18.7500,18.5300,18.6500,18.7300,168400,3141057.0000,3,0.421000,1,-0.427122,4.187035,35.803849,3.937823,-987.492844,0,-0.4271222637480032
2002-05-13,sh.600261,18.6400,18.6400,18.0000,18.3600,18.6500,160091,2933022.0000,3,0.400227,1,-1.554955,4.121928,35.247114,3.876591,-972.137727,0,-1.5549597855227804
2002-05-14,sh.600261,18.3600,18.4600,18.0000,18.0500,18.3600,244490,4441062.0000,3,0.611225,1,-1.688461,4.052332,34.651983,3.811137,-955.723637,0,-1.688453159041392
2002-05-15,sh.600261,18.0200,18.2000,17.5000,17.8900,18.0500,567601,10212379.0000,3,1.419002,1,-0.886426,4.016411,34.344819,3.777354,-947.251849,0,-0.8864265927977844
2002-05-16,sh.600261,17.8000,17.8000,17.5000,17.5700,17.8900,386600,6817209.0000,3,0.966500,1,-1.788707,3.944569,33.730490,3.709788,-930.308272,0,-1.7887087758524323
2002-05-17,sh.600261,17.6100,17.9300,17.6000,17.8000,17.5700,184349,3280431.0000,3,0.460873,1,1.309047,3.996205,34.172039,3.758351,-942.486468,0,1.3090495162208393
2002-05-20,sh.600261,17.7000,17.7300,17.1200,17.2100,17.8000,217400,3766874.0000,3,0.543500,1,-3.314608,3.863747,33.039370,3.633776,-911.246748,0,-3.314606741573034
2002-05-21,sh.600261,17.6000,17.8900,17.4700,17.7700,17.2100,292349,5146746.0000,3,0.730873,1,3.253930,3.989470,34.114445,3.752017,-940.898007,0,3.253922138291676
2002-05-22,sh.600261,17.7500,17.7500,17.2500,17.3400,17.7700,104893,1829504.0000,3,0.262232,1,-2.419810,3.892932,33.288941,3.661225,-918.130076,0,-2.419808666291501
2002-05-23,sh.600261,17.7700,17.7700,17.3000,17.5200,17.3400,198100,3473842.0000,3,0.495250,1,1.038064,3.933343,33.634501,3.699231,-927.660838,0,1.038062283737018
2002-05-24,sh.600261,17.5200,17.7000,17.3900,17.6700,17.5200,98375,1727412.0000,3,0.245938,1,0.856162,3.967019,33.922468,3.730902,-935.603139,0,0.8561643835616639
2002-05-27,sh.600261,17.9200,17.9200,17.6500,17.8600,17.6700,238337,4239184.0000,3,0.595842,1,1.075272,4.009675,34.287225,3.771019,-945.663388,0,1.075268817204278
2002-05-28,sh.600261,17.9000,17.9200,17.3100,17.6000,17.8600,93200,1656864.0000,3,0.233000,1,-1.455768,3.951304,33.788083,3.716122,-931.896732,0,-1.4557670772676223
2002-05-29,sh.600261,17.6000,17.6000,17.2000,17.2100,17.6000,104100,1799471.0000,3,0.260250,1,-2.215916,3.863747,33.039370,3.633776,-911.246748,0,-2.215909090909096
2002-05-30,sh.600261,17.2200,17.2600,17.0800,17.2600,17.2100,82111,1411936.0000,3,0.205278,1,0.290535,3.874972,33.135359,3.644333,-913.894181,0,0.29052876234747504
2002-05-31,sh.600261,17.2400,17.4800,17.1600,17.2000,17.2600,66600,1146696.0000,3,0.166500,1,-0.347622,3.861502,33.020172,3.631665,-910.717261,0,-0.34762456546930665
2002-06-03,sh.600261,17.2000,17.2000,16.6100,16.6700,17.2000,211600,3571625.0000,3,0.529000,1,-3.081399,3.742513,32.002690,3.519759,-882.654462,0,-3.0813953488371904
2002-06-04,sh.600261,16.6200,16.9000,16.5000,16.6700,16.6700,267320,4449973.0000,3,0.668300,1,0.000000,3.742513,32.002690,3.519759,-882.654462,0,0.0
2002-06-05,sh.600261,16.5000,16.6800,16.1000,16.1500,16.6700,113000,1843501.0000,3,0.282500,1,-3.119379,3.625770,31.004406,3.409964,-855.121149,0,-3.119376124775064
2002-06-06,sh.600261,16.0100,17.0100,16.0000,17.0100,16.1500,450645,7495001.0000,3,1.126613,1,5.325081,3.818845,32.655414,3.591548,-900.657012,0,5.325077399380818
2002-06-07,sh.600261,17.0000,17.3000,16.8200,17.1800,17.0100,572915,9775548.0000,3,1.432288,1,0.999413,3.857011,32.981777,3.627442,-909.658287,0,0.9994121105232123
2002-06-10,sh.600261,17.1700,17.1800,16.7100,17.0700,17.1800,169150,2862873.0000,3,0.422875,1,-0.640283,3.832316,32.770601,3.604216,-903.833933,0,-0.6402793946449381
2002-06-11,sh.600261,17.0000,17.0900,16.7600,17.0000,17.0700,101596,1725346.0000,3,0.253990,1,-0.410074,3.816600,32.636217,3.589436,-900.127525,0,-0.41007615700058286
2002-06-12,sh.600261,16.9900,16.9900,16.8000,16.8500,17.0000,53860,905594.0000,3,0.134650,1,-0.882351,3.782924,32.348250,3.557765,-892.185224,0,-0.8823529411764675
2002-06-13,sh.600261,16.7500,16.7500,16.5100,16.6500,16.8500,63100,1052417.0000,3,0.157750,1,-1.186948,3.738023,31.964295,3.515536,-881.595488,0,-1.1869436201780603
2002-06-14,sh.600261,16.5100,16.6000,16.3500,16.5000,16.6500,83230,1372572.0000,3,0.208075,1,-0.900899,3.704347,31.676328,3.483865,-873.653186,0,-0.9009009009008917
2002-06-17,sh.600261,16.3600,16.5000,16.3200,16.4000,16.5000,62100,1018332.0000,3,0.155250,1,-0.606063,3.681897,31.484350,3.462750,-868.358318,0,-0.60606060606061
2002-06-18,sh.600261,16.5000,16.9700,16.5000,16.7800,16.4000,45000,752807.0000,3,0.112500,1,2.317080,3.767209,32.213866,3.542985,-888.478816,0,2.3170731707317316
2002-06-19,sh.600261,16.8000,16.8000,16.6000,16.7300,16.7800,27100,452609.0000,3,0.067750,1,-0.297981,3.755984,32.117877,3.532428,-885.831382,0,-0.29797377830751426
2002-06-20,sh.600261,16.7800,16.8100,16.6800,16.7000,16.6100,56600,946239.0000,3,0.141500,1,0.541843,3.749249,32.060283,3.526093,-884.242922,0,-0.1793185893604332
2002-06-21,sh.600261,16.7000,18.0000,16.6000,17.3700,16.7000,472342,8241093.0000,3,1.180855,1,4.011976,3.899668,33.346534,3.667559,-919.718536,0,4.011976047904198
2002-06-24,sh.600261,19.1000,19.1100,18.2100,19.0400,17.3700,2694094,50810824.0000,3,6.735235,1,9.614278,4.274592,36.552563,4.020169,-1008.142828,0,9.614277489925138
2002-06-25,sh.600261,18.9500,18.9500,17.8800,17.9500,19.0400,883130,16225906.0000,3,2.207825,1,-5.724790,4.029881,34.460005,3.790022,-950.428769,0,-5.724789915966388
2002-06-26,sh.600261,17.9000,17.9000,17.5100,17.7000,17.9500,343923,6078399.0000,3,0.859808,1,-1.392758,3.973754,33.980061,3.737237,-937.191600,0,-1.392757660167132
2002-06-27,sh.600261,17.6000,18.0000,17.6000,17.8800,17.7000,256860,4583753.0000,3,0.642150,1,1.016940,4.014166,34.325621,3.775242,-946.722362,0,1.016949152542379
2002-06-28,sh.600261,17.8600,17.8600,17.0500,17.3900,17.8800,343804,6008171.0000,3,0.859510,1,-2.740491,3.904158,33.384930,3.671782,-920.777510,0,-2.7404921700223572
2002-07-01,sh.600261,17.3000,17.4100,17.1800,17.1900,17.3900,172800,2983975.0000,3,0.432000,1,-1.150000,3.859256,33.000974,3.629553,-910.187774,0,-1.1500862564692294
2002-07-02,sh.600261,17.2200,17.3600,17.1500,17.3600,17.1900,105895,1829353.0000,3,0.264738,1,0.990000,3.897422,33.327337,3.665448,-919.189049,0,0.9889470622454821
2002-07-03,sh.600261,17.4000,17.9900,17.3800,17.9500,17.3600,2151414,38182471.0000,3,5.378535,1,3.400000,4.029881,34.460005,3.790022,-950.428769,0,3.3986175115207296
2002-07-04,sh.600261,17.9500,17.9500,17.5500,17.6000,17.9500,330280,5839212.0000,3,0.825700,1,-1.950000,3.951304,33.788083,3.716122,-931.896732,0,-1.949860724233976
2002-07-05,sh.600261,17.6000,17.7200,17.5200,17.7000,17.6000,124262,2188431.0000,3,0.310655,1,0.570000,3.973754,33.980061,3.737237,-937.191600,0,0.5681818181818121
2002-07-08,sh.600261,17.7000,17.7500,17.4800,17.7000,17.7000,266389,4685725.0000,3,0.665972,1,0.000000,3.973754,33.980061,3.737237,-937.191600,0,0.0
2002-07-09,sh.600261,17.6800,17.7500,17.6000,17.6900,17.7000,257665,4555187.0000,3,0.644163,1,-0.060000,3.971509,33.960863,3.735125,-936.662113,0,-0.056497175141234646
2002-07-10,sh.600261,17.6900,17.6900,17.4000,17.4900,17.6900,165100,2892256.0000,3,0.412750,1,-1.130000,3.926608,33.576908,3.692896,-926.072377,0,-1.1305822498586915
2002-07-11,sh.600261,17.3900,17.4800,17.1800,17.3100,17.4900,112359,1948828.0000,3,0.280898,1,-1.030000,3.886197,33.231348,3.654891,-916.541615,0,-1.0291595197255532
2002-07-12,sh.600261,17.2400,17.4000,17.2300,17.3500,17.3100,66210,1145469.0000,3,0.165525,1,0.230000,3.895177,33.308139,3.663336,-918.659563,0,0.23108030040439598
2002-07-15,sh.600261,17.2600,17.3900,17.0700,17.0900,17.3500,126000,2165940.0000,3,0.315000,1,-1.500000,3.836806,32.808997,3.608439,-904.892906,0,-1.4985590778098024
2002-07-16,sh.600261,17.0800,17.2400,17.0200,17.0900,17.0900,174999,2992902.0000,3,0.437497,1,0.000000,3.836806,32.808997,3.608439,-904.892906,0,0.0
2002-07-17,sh.600261,17.0000,17.2500,17.0000,17.1200,17.0900,49492,846623.0000,3,0.123730,1,0.180000,3.843541,32.866590,3.614773,-906.481367,0,0.17554125219427785
2002-07-18,sh.600261,17.1200,17.6500,17.1200,17.3600,17.1200,173720,3025656.0000,3,0.434300,1,1.400000,3.897422,33.327337,3.665448,-919.189049,0,1.4018691588784993
2002-07-19,sh.600261,17.4800,17.5900,17.3000,17.4500,17.3600,53710,935905.0000,3,0.134275,1,0.520000,3.917628,33.500117,3.684451,-923.954430,0,0.5184331797235098
2002-07-22,sh.600261,17.3500,17.3500,17.0000,17.0900,17.4500,129500,2220396.0000,3,0.323750,1,-2.060000,3.836806,32.808997,3.608439,-904.892906,0,-2.0630372492836613
2002-07-23,sh.600261,17.0900,17.1400,17.0200,17.0600,17.0900,58800,1003690.0000,3,0.147000,1,-0.180000,3.830071,32.751403,3.602105,-903.304446,0,-0.17554125219427785
2002-07-24,sh.600261,17.0800,17.1000,16.9500,16.9500,17.0600,75500,1284349.0000,3,0.188750,1,-0.640000,3.805375,32.540228,3.578879,-897.480091,0,-0.644783118405623
2002-07-25,sh.600261,17.0000,17.0800,16.9400,17.0100,16.9500,132059,2243412.0000,3,0.330147,1,0.350000,3.818845,32.655414,3.591548,-900.657012,0,0.3539823008849696
2002-07-26,sh.600261,17.0200,17.0200,16.6500,16.7000,17.0100,162386,2724944.0000,3,0.405965,1,-1.822454,3.749249,32.060283,3.526093,-884.242922,0,-1.8224573780129427
2002-07-29,sh.600261,16.7000,16.7200,16.6100,16.7100,16.7000,84043,1400120.0000,3,0.210108,1,0.060000,3.751494,32.079481,3.528205,-884.772409,0,0.05988023952097077
2002-07-30,sh.600261,16.7500,16.9900,16.7000,16.8000,16.7100,116930,1973118.0000,3,0.292325,1,0.540000,3.771699,32.252261,3.547208,-889.537790,0,0.538599640933568
2002-07-31,sh.600261,16.9000,16.9500,16.6500,16.6600,16.8000,65572,1097619.0000,3,0.163930,1,-0.830000,3.740268,31.983492,3.517647,-882.124975,0,-0.8333333333333415
2002-08-01,sh.600261,16.6100,16.7900,16.3700,16.5100,16.6600,266256,4381474.0000,3,0.665640,1,-0.900000,3.706592,31.695526,3.485976,-874.182673,0,-0.9003601440576103
2002-08-02,sh.600261,16.5200,17.0000,16.5000,16.7000,16.5100,103063,1716194.0000,3,0.257657,1,1.150000,3.749249,32.060283,3.526093,-884.242922,0,1.150817686250738
2002-08-05,sh.600261,16.7000,16.7700,16.6000,16.6700,16.7000,77115,1284299.0000,3,0.192788,1,-0.180000,3.742513,32.002690,3.519759,-882.654462,0,-0.1796407185628568
2002-08-06,sh.600261,16.7000,16.8400,16.6600,16.7600,16.6700,106210,1779271.0000,3,0.265525,1,0.540000,3.762719,32.175470,3.538762,-887.419843,0,0.5398920215956782
2002-08-07,sh.600261,16.7800,16.7800,16.7000,16.7500,16.7600,35600,595971.0000,3,0.089000,1,-0.060000,3.760474,32.156272,3.536650,-886.890356,0,-0.05966587112172794
2002-08-08,sh.600261,16.7000,16.7800,16.5500,16.6800,16.7500,105800,1763885.0000,3,0.264500,1,-0.420000,3.665473,37.869637,4.143489,36.411687,0,-0.4179104477611939
2002-08-09,sh.600261,16.6400,16.6800,16.2900,16.3800,16.6800,214849,3524018.0000,3,0.537123,1,-1.800000,3.599547,37.188529,4.068966,35.756801,0,-1.7985611510791366
2002-08-12,sh.600261,16.3300,16.3800,16.2100,16.3000,16.3800,100920,1641341.0000,3,0.252300,1,-0.490000,3.581967,37.006900,4.049093,35.582164,0,-0.48840048840047556
2002-08-13,sh.600261,16.2500,16.4800,16.2200,16.4000,16.3000,69700,1138991.0000,3,0.174250,1,0.610000,3.603942,37.233936,4.073934,35.800460,0,0.6134969325153339
2002-08-14,sh.600261,16.3000,16.4100,16.2000,16.2500,16.4000,92860,1511210.0000,3,0.232150,1,-0.910000,3.570979,36.893382,4.036672,35.473016,0,-0.9146341463414531
2002-08-15,sh.600261,16.3100,16.4500,16.2800,16.3500,16.2500,47400,774854.0000,3,0.118500,1,0.620000,3.592955,37.120418,4.061513,35.691312,0,0.6153846153846176
2002-08-16,sh.600261,16.2300,16.4500,16.1900,16.3400,16.3500,53780,877067.0000,3,0.134450,1,-0.060000,3.590757,37.097714,4.059029,35.669482,0,-0.06116207951071262
2002-08-19,sh.600261,16.3800,16.4000,16.2600,16.2800,16.3400,43000,700911.0000,3,0.107500,1,-0.370000,3.577572,36.961493,4.044125,35.538505,0,-0.3671970624234966
2002-08-20,sh.600261,16.3600,16.5800,16.2800,16.5800,16.2800,102003,1674662.0000,3,0.255007,1,1.840000,3.643498,37.642601,4.118648,36.193392,0,1.842751842751822
2002-08-21,sh.600261,16.6000,16.6700,16.4900,16.6300,16.5800,90205,1494100.0000,3,0.225513,1,0.300000,3.654485,37.756119,4.131068,36.302539,0,0.3015681544028981
2002-08-22,sh.600261,16.6500,16.9800,16.6400,16.8400,16.6300,242407,4082208.0000,3,0.606017,1,1.260000,3.700633,38.232895,4.183235,36.760960,0,1.2627781118460746
2002-08-23,sh.600261,16.8400,16.9300,16.7100,16.8300,16.8400,191066,3216337.0000,3,0.477665,1,-0.060000,3.698436,38.210192,4.180750,36.739130,0,-0.059382422802856105
2002-08-26,sh.600261,16.8400,16.9000,16.6200,16.7900,16.8300,78400,1315685.0000,3,0.196000,1,-0.240000,3.689646,38.119377,4.170814,36.651812,0,-0.2376708259061111
2002-08-27,sh.600261,16.7000,17.1900,16.7000,17.0800,16.7900,306184,5211913.0000,3,0.765460,1,1.730000,3.753374,38.777782,4.242853,37.284869,0,1.7272185824895647
2002-08-28,sh.600261,17.0300,17.1500,16.9700,16.9700,17.0800,141863,2413601.0000,3,0.354658,1,-0.640000,3.729201,38.528042,4.215528,37.044744,0,-0.6440281030444917
2002-08-29,sh.600261,16.8900,16.8900,16.7000,16.7000,16.9700,94712,1590488.0000,3,0.236780,1,-1.590000,3.669868,37.915045,4.148457,36.455346,0,-1.5910430170889778
2002-08-30,sh.600261,16.6900,16.7300,16.6400,16.7000,16.7000,38053,634506.0000,3,0.095133,1,0.000000,3.669868,37.915045,4.148457,36.455346,0,0.0
2002-09-02,sh.600261,16.7000,16.8400,16.6700,16.8100,16.7000,31250,523564.0000,3,0.078125,1,0.660000,3.694041,38.164784,4.175782,36.695471,0,0.6586826347305452
2002-09-03,sh.600261,16.6500,16.8800,16.6300,16.7100,16.8100,40475,677925.0000,3,0.101187,1,-0.590000,3.672066,37.937748,4.150941,36.477176,0,-0.5948839976204545
2002-09-04,sh.600261,16.7200,16.8100,16.7000,16.7200,16.7100,51700,865092.0000,3,0.129250,1,0.060000,3.674263,37.960452,4.153425,36.499005,0,0.059844404548159424
2002-09-05,sh.600261,16.7200,16.7200,16.4500,16.5700,16.7200,167470,2775417.0000,3,0.418675,1,-0.900000,3.641300,37.619897,4.116164,36.171562,0,-0.897129186602863
2002-09-06,sh.600261,16.5000,16.5700,16.4000,16.4300,16.5700,199034,3276474.0000,3,0.497585,1,-0.840000,3.610535,37.302047,4.081386,35.865948,0,-0.8449004224502121
2002-09-09,sh.600261,16.3900,16.4800,16.2100,16.2600,16.4300,267436,4356353.0000,3,0.668590,1,-1.030000,3.573177,36.916085,4.039156,35.494846,0,-1.0346926354229957
2002-09-10,sh.600261,16.2500,16.3500,16.1900,16.2000,16.2600,199700,3241621.0000,3,0.499250,1,-0.370000,3.559992,36.779864,4.024252,35.363869,0,-0.3690036900369176
2002-09-11,sh.600261,16.3000,16.3000,15.8000,15.9700,16.2000,515200,8233728.0000,3,1.288000,1,-1.420000,3.509449,36.257680,3.967117,34.861789,0,-1.4197530864197394
2002-09-12,sh.600261,16.0000,16.0000,15.9400,15.9700,15.9700,200550,3202376.0000,3,0.501375,1,0.000000,3.509449,36.257680,3.967117,34.861789,0,0.0
2002-09-13,sh.600261,15.9700,15.9700,15.8500,15.8900,15.9700,74500,1184959.0000,3,0.186250,1,-0.500000,3.491868,36.076051,3.947244,34.687153,0,-0.5009392611145858
2002-09-16,sh.600261,15.8900,15.9000,15.8000,15.8900,15.8900,64670,1025062.0000,3,0.161675,1,0.000000,3.491868,36.076051,3.947244,34.687153,0,0.0
2002-09-17,sh.600261,15.9500,15.9900,15.8500,15.9700,15.8900,217403,3464291.0000,3,0.543508,1,0.500000,3.509449,36.257680,3.967117,34.861789,0,0.5034612964128327
2002-09-18,sh.600261,16.0000,16.0000,15.9000,15.9100,15.9700,89210,1421093.0000,3,0.223025,1,-0.380000,3.496264,36.121459,3.952213,34.730812,0,-0.37570444583594487
2002-09-19,sh.600261,15.8100,16.1100,15.8100,16.0800,15.9100,88800,1421812.0000,3,0.222000,1,1.070000,3.533621,36.507420,3.994442,35.101914,0,1.0685103708359511
2002-09-20,sh.600261,16.0500,16.1500,16.0000,16.0100,16.0800,61630,990726.0000,3,0.154075,1,-0.440000,3.518239,36.348495,3.977054,34.949107,0,-0.43532338308455154
2002-09-23,sh.600261,16.0500,16.0500,15.9100,16.0000,16.0100,28282,451912.0000,3,0.070705,1,-0.060000,3.516041,36.325791,3.974570,34.927278,0,-0.062460961898824774
2002-09-24,sh.600261,15.8500,16.0800,15.8500,15.9100,16.0000,35018,558501.0000,3,0.087545,1,-0.560000,3.496264,36.121459,3.952213,34.730812,0,-0.5624999999999991
2002-09-25,sh.600261,15.9000,16.0100,15.8800,15.9300,15.9100,56647,902911.0000,3,0.141618,1,0.130000,3.500659,36.166866,3.957181,34.774471,0,0.12570710245127792
2002-09-26,sh.600261,15.9100,16.0100,15.9000,15.9000,15.9300,42300,674017.0000,3,0.105750,1,-0.190000,3.494066,36.098755,3.949729,34.708982,0,-0.18832391713746732
2002-09-27,sh.600261,15.8700,15.9400,15.6200,15.6500,15.9000,124700,1958889.0000,3,0.311750,1,-1.570000,3.439128,35.531164,3.887626,34.163244,0,-1.5723270440251569
2002-10-08,sh.600261,15.6000,15.6100,15.4400,15.4500,15.6500,83600,1294585.0000,3,0.209000,1,-1.280000,3.395177,35.077092,3.837944,33.726653,0,-1.2779552715655007
2002-10-09,sh.600261,15.4100,15.4400,15.2000,15.3000,15.4500,73573,1126423.0000,3,0.183932,1,-0.970000,3.362214,34.736538,3.800682,33.399209,0,-0.9708737864077555
2002-10-10,sh.600261,15.3000,15.4000,14.9000,14.9200,15.3000,124000,1872453.0000,3,0.310000,1,-2.480000,3.278708,33.873800,3.706286,32.569686,0,-2.4836601307189565
2002-10-11,sh.600261,14.9600,15.0900,14.9000,14.9300,14.9200,70300,1052912.0000,3,0.175750,1,0.070000,3.280906,33.896504,3.708770,32.591516,0,0.06702412868633267
2002-10-14,sh.600261,15.0000,15.0600,14.7800,15.0300,14.9300,43650,650550.0000,3,0.109125,1,0.670000,3.302881,34.123540,3.733611,32.809812,0,0.6697923643670389
2002-10-15,sh.600261,15.0700,15.0800,14.8000,14.8700,15.0300,45453,678889.0000,3,0.113633,1,-1.060000,3.267721,33.760282,3.693866,32.460539,0,-1.0645375914837052
2002-10-16,sh.600261,15.0500,15.1000,14.9000,15.1000,14.8700,245700,3686430.0000,3,0.614250,1,1.550000,3.318264,34.282465,3.751000,32.962618,0,1.5467383994619999
2002-10-17,sh.600261,15.1300,15.2500,14.8000,14.8200,15.1000,142210,2117708.0000,3,0.355525,1,-1.850000,3.256733,33.646764,3.681445,32.351391,0,-1.8543046357615833
2002-10-18,sh.600261,14.8100,14.8400,14.5500,14.8200,14.8200,140500,2059224.0000,3,0.351250,1,0.000000,3.256733,33.646764,3.681445,32.351391,0,0.0
2002-10-21,sh.600261,14.8000,14.8000,14.5500,14.6100,14.8200,111353,1629681.0000,3,0.278383,1,-1.420000,3.210585,33.169988,3.629279,31.892970,0,-1.4170040485830038
2002-10-22,sh.600261,14.6000,14.9400,14.5800,14.8800,14.6100,156271,2300954.0000,3,0.390678,1,1.850000,3.269918,33.782986,3.696350,32.482368,0,1.848049281314168
2002-10-23,sh.600261,14.8800,14.9000,14.7400,14.7600,14.8800,61700,914336.0000,3,0.154250,1,-0.810000,3.243548,33.510542,3.666540,32.220414,0,-0.8064516129032362
2002-10-24,sh.600261,14.7600,14.8300,14.7300,14.7500,14.7600,38800,572671.0000,3,0.097000,1,-0.070000,3.241351,33.487839,3.664056,32.198584,0,-0.06775067750677266
2002-10-25,sh.600261,14.9000,14.9000,14.2000,14.2100,14.7500,274900,3995365.0000,3,0.687250,1,-3.660000,3.122684,32.261843,3.529915,31.019789,0,-3.66101694915254
2002-10-28,sh.600261,14.0100,15.5900,13.3200,14.0600,14.2100,165924,2365283.0000,3,0.414810,1,-1.060000,3.020470,38.388528,4.202093,30.692345,0,-1.0555946516537684
2002-10-29,sh.600261,14.0600,14.1900,13.7700,14.1600,14.0600,109345,1526330.0000,3,0.273363,1,0.710000,3.041952,38.661562,4.231980,30.910641,0,0.7112375533428139
2002-10-30,sh.600261,14.1500,14.1800,13.9000,14.0800,14.1600,55587,781912.0000,3,0.138967,1,-0.560000,3.024766,38.443135,4.208071,30.736004,0,-0.5649717514124353
2002-10-31,sh.600261,14.1000,14.2500,14.0200,14.0500,14.0800,43100,607577.0000,3,0.107750,1,-0.210000,3.018321,38.361225,4.199104,30.670516,0,-0.21306818181817677
2002-11-01,sh.600261,14.0000,14.0100,13.9000,13.9000,14.0500,48887,681624.0000,3,0.122218,1,-1.070000,2.986097,37.951675,4.154274,30.343073,0,-1.067615658362997
2002-11-04,sh.600261,14.0000,14.1700,13.9300,14.1400,13.9000,82293,1153965.0000,3,0.205733,1,1.730000,3.037656,38.606955,4.226003,30.866982,0,1.726618705035965
2002-11-05,sh.600261,14.2100,14.9000,14.2100,14.8000,14.1400,354839,5216776.0000,3,0.887097,1,4.670000,3.179442,40.408977,4.423256,32.307732,0,4.667609618104662
2002-11-06,sh.600261,14.7300,14.7700,14.3000,14.4500,14.8000,498932,7185890.0000,3,1.247330,1,-2.360000,3.104252,39.453360,4.318652,31.543698,0,-2.3648648648648796
2002-11-07,sh.600261,14.4300,14.5200,14.3200,14.4400,14.4500,153614,2215397.0000,3,0.384035,1,-0.070000,3.102104,39.426056,4.315663,31.521868,0,-0.06920415224913601
2002-11-08,sh.600261,14.5000,14.6000,13.8900,13.9600,14.4400,235899,3345563.0000,3,0.589747,1,-3.320000,2.998987,38.115495,4.172206,30.474050,0,-3.32409972299168
2002-11-11,sh.600261,13.9400,14.0000,13.5600,13.6000,13.9600,119600,1649627.0000,3,0.299000,1,-2.580000,2.921649,37.132574,4.064614,29.688186,0,-2.5787965616045905
2002-11-12,sh.600261,13.6000,13.7000,13.2000,13.2700,13.6000,216800,2909180.0000,3,0.542000,1,-2.430000,2.850756,36.231563,3.965987,28.967811,0,-2.4264705882352966
2002-11-13,sh.600261,13.3000,13.4800,13.1600,13.4600,13.2700,144779,1919537.0000,3,0.361947,1,1.430000,2.891573,36.750327,4.022772,29.382572,0,1.4318010550113058
2002-11-14,sh.600261,13.2200,13.4600,13.1600,13.1900,13.4600,76800,1021396.0000,3,0.192000,1,-2.010000,2.833570,36.013136,3.942077,28.793175,0,-2.0059435364041756
2002-11-15,sh.600261,13.0100,13.4200,12.8000,13.2500,13.1900,115625,1526124.0000,3,0.289062,1,0.450000,2.846460,36.176956,3.960010,28.924152,0,0.4548900682335155
2002-11-18,sh.600261,13.2000,13.3500,13.0600,13.3100,13.2500,75800,998129.0000,3,0.189500,1,0.450000,2.859349,36.340776,3.977942,29.055129,0,0.45283018867925406
2002-11-19,sh.600261,13.1500,13.5800,13.1500,13.4100,13.3100,74814,1000866.0000,3,0.187035,1,0.750000,2.880832,36.613810,4.007829,29.273425,0,0.7513148009015813
2002-11-20,sh.600261,13.2600,13.3300,13.0000,13.0000,13.4100,84341,1105154.0000,3,0.210852,1,-3.060000,2.792753,35.494372,3.885292,28.378413,0,-3.0574198359433313
2002-11-21,sh.600261,12.9200,12.9500,12.6900,12.7200,13.0000,163200,2085831.0000,3,0.408000,1,-2.150000,2.732601,34.729878,3.801609,27.767186,0,-2.1538461538461506
2002-11-22,sh.600261,13.0000,13.1000,12.5500,12.9000,12.7200,187299,2425144.0000,3,0.468248,1,1.420000,2.771270,35.221338,3.855406,28.160118,0,1.4150943396226356
2002-11-25,sh.600261,12.7500,12.9900,12.7500,12.8700,12.9000,85400,1101772.0000,3,0.213500,1,-0.230000,2.764825,35.139428,3.846439,28.094629,0,-0.23255813953488857
2002-11-26,sh.600261,12.8700,13.0000,12.6000,12.6000,12.8700,83838,1070164.0000,3,0.209595,1,-2.100000,2.706822,34.402237,3.765745,27.505231,0,-2.0979020979020935
2002-11-27,sh.600261,12.6000,12.6500,12.5300,12.6000,12.6000,136339,1716700.0000,3,0.340847,1,0.000000,2.706822,34.402237,3.765745,27.505231,0,0.0
2002-11-28,sh.600261,12.6000,13.0000,12.5900,12.8900,12.6000,79251,1011548.0000,3,0.198127,1,2.300000,2.769122,35.194035,3.852417,28.138288,0,2.3015873015873156
2002-11-29,sh.600261,13.0000,13.3000,12.8800,13.0800,12.8900,272192,3571359.0000,3,0.680480,1,1.470000,2.809939,35.712799,3.909202,28.553050,0,1.4740108611326574
2002-12-02,sh.600261,13.0500,13.0500,12.6100,12.6100,13.0800,104400,1338990.0000,3,0.261000,1,-3.590000,2.708970,34.429541,3.768734,27.527061,0,-3.593272171253825
2002-12-03,sh.600261,12.6100,12.7600,12.5500,12.7500,12.6100,81913,1039223.0000,3,0.204783,1,1.110000,2.739046,34.811788,3.810575,27.832674,0,1.1102299762093537
2002-12-04,sh.600261,12.9400,13.2000,12.7600,12.9400,12.7500,172100,2244078.0000,3,0.430250,1,1.490000,2.779863,35.330552,3.867360,28.247436,0,1.4901960784313717
2002-12-05,sh.600261,12.9400,13.1500,12.8500,13.1500,12.9400,189018,2454695.0000,3,0.472545,1,1.620000,2.824977,35.903922,3.930123,28.705856,0,1.6228748068006338
2002-12-06,sh.600261,13.1100,13.7800,13.0600,13.5600,13.1500,1095029,14852453.0000,3,2.737573,1,3.120000,2.913056,37.023360,4.052659,29.600868,0,3.117870722433458
2002-12-09,sh.600261,13.5600,13.6500,13.2200,13.5200,13.5600,191382,2587654.0000,3,0.478455,1,-0.290000,2.904463,36.914147,4.040704,29.513550,0,-0.2949852507374673
2002-12-10,sh.600261,13.3100,13.5500,13.2600,13.2600,13.5200,154800,2071216.0000,3,0.387000,1,-1.920000,2.848608,36.204259,3.962998,28.945981,0,-1.9230769230769162
2002-12-11,sh.600261,13.2200,13.3600,13.0600,13.3500,13.2600,82150,1085705.0000,3,0.205375,1,0.680000,2.867942,36.449990,3.989896,29.142447,0,0.6787330316742057
2002-12-12,sh.600261,13.3500,13.5300,13.2000,13.2600,13.3500,92315,1236911.0000,3,0.230788,1,-0.670000,2.848608,36.204259,3.962998,28.945981,0,-0.6741573033707815
2002-12-13,sh.600261,13.2000,13.4800,13.1400,13.4500,13.2600,81273,1077797.0000,3,0.203183,1,1.430000,2.889425,36.723023,4.019783,29.360743,0,1.4328808446455454
2002-12-16,sh.600261,13.4600,13.5600,13.3500,13.4800,13.4500,114973,1547478.0000,3,0.287432,1,0.220000,2.895870,36.804933,4.028749,29.426231,0,0.22304832713755385
2002-12-17,sh.600261,13.4900,13.5500,13.2700,13.5500,13.4800,127033,1706684.0000,3,0.317582,1,0.520000,2.910908,36.996057,4.049670,29.579038,0,0.5192878338278861
2002-12-18,sh.600261,13.5500,13.5900,13.3600,13.3700,13.5500,84300,1133926.0000,3,0.210750,1,-1.330000,2.872239,36.504596,3.995874,29.186106,0,-1.3284132841328566
2002-12-19,sh.600261,13.3000,13.4000,13.2500,13.3800,13.3700,50172,668532.0000,3,0.125430,1,0.070000,2.874387,36.531900,3.998862,29.207936,0,0.07479431563202077
2002-12-20,sh.600261,13.3200,13.9500,13.1000,13.6800,13.3800,758999,10037217.0000,3,1.897498,1,2.240000,2.938835,37.351001,4.088523,29.862822,0,2.2421524663676973
2002-12-23,sh.600261,13.6700,14.3000,13.6700,13.9300,13.6800,945359,13388023.0000,3,2.363398,1,1.830000,2.992542,38.033585,4.163240,30.408561,0,1.8274853801169666
2002-12-24,sh.600261,13.8800,13.8800,13.6400,13.8300,13.9300,103100,1417767.0000,3,0.257750,1,-0.720000,2.971059,37.760551,4.133353,30.190266,0,-0.7178750897343877
2002-12-25,sh.600261,13.8800,13.9800,13.7100,13.7300,13.8300,73973,1022397.0000,3,0.184932,1,-0.720000,2.949577,37.487517,4.103467,29.971970,0,-0.7230657989877098
2002-12-26,sh.600261,13.6000,13.7300,13.1900,13.2000,13.7300,139920,1881297.0000,3,0.349800,1,-3.860000,2.835718,36.040439,3.945066,28.815004,0,-3.86016023306629
2002-12-27,sh.600261,13.1800,13.3600,13.1000,13.2100,13.2000,104177,1371887.0000,3,0.260443,1,0.080000,2.837867,36.067743,3.948055,28.836834,0,0.07575757575759567
2002-12-30,sh.600261,13.2400,13.4000,13.0000,13.3700,13.2100,117810,1547964.0000,3,0.294525,1,1.210000,2.872239,36.504596,3.995874,29.186106,0,1.2112036336108911
2002-12-31,sh.600261,13.3500,13.3900,12.8100,12.8600,13.3700,94000,1225338.0000,3,0.235000,1,-3.810000,2.762677,35.112125,3.843451,28.072799,0,-3.814510097232604
2003-01-02,sh.600261,12.8000,12.9000,12.2000,12.2400,12.8600,234000,2906459.0000,3,0.585000,1,-4.820000,2.629484,33.419316,3.658152,26.719367,0,-4.821150855365463
2003-01-03,sh.600261,12.4400,12.4400,12.1500,12.1800,12.2400,113400,1384999.0000,3,0.283500,1,-0.490000,2.616595,33.255496,3.640220,26.588390,0,-0.4901960784313819
2003-01-06,sh.600261,12.1900,12.6000,12.1800,12.6000,12.1800,205741,2569213.0000,3,0.514352,1,3.450000,2.706822,34.402237,3.765745,27.505231,0,3.4482758620689724
2003-01-07,sh.600261,12.5900,12.7400,12.5000,12.5000,12.6000,112300,1414871.0000,3,0.280750,1,-0.790000,2.685339,34.129204,3.735858,27.286936,0,-0.7936507936507908
2003-01-08,sh.600261,12.5100,13.0200,12.5000,13.0000,12.5000,109450,1401499.0000,3,0.273625,1,4.000000,2.792753,35.494372,3.885292,28.378413,0,4.0000000000000036
2003-01-09,sh.600261,13.0800,13.2800,12.8000,13.2700,13.0000,166066,2168163.0000,3,0.415165,1,2.080000,2.850756,36.231563,3.965987,28.967811,0,2.076923076923065
2003-01-10,sh.600261,13.2700,13.2700,12.9500,12.9600,13.2700,149529,1956385.0000,3,0.373823,1,-2.340000,2.784160,35.385158,3.873338,28.291095,0,-2.336096458176329
2003-01-13,sh.600261,12.9500,12.9600,12.7900,12.8800,12.9600,64110,825426.0000,3,0.160275,1,-0.620000,2.766974,35.166732,3.849428,28.116459,0,-0.6172839506172867
2003-01-14,sh.600261,12.9000,13.5500,12.8800,13.5000,12.8800,508621,6808189.0000,3,1.271553,1,4.810000,2.900166,36.859540,4.034727,29.469891,0,4.813664596273282
2003-01-15,sh.600261,13.5900,13.7000,13.3000,13.4000,13.5000,255638,3460471.0000,3,0.639095,1,-0.740000,2.878684,36.586506,4.004840,29.251595,0,-0.7407407407407418
2003-01-16,sh.600261,13.2500,13.6500,13.2300,13.6100,13.4000,281570,3794564.0000,3,0.703925,1,1.570000,2.923797,37.159877,4.067602,29.710016,0,1.5671641791044744
2003-01-17,sh.600261,13.6300,13.7200,13.4000,13.4400,13.6100,239333,3235035.0000,3,0.598333,1,-1.250000,2.887277,36.695720,4.016795,29.338913,0,-1.2490815576781777
2003-01-20,sh.600261,13.4000,13.6400,13.3700,13.5200,13.4400,145508,1958074.0000,3,0.363770,1,0.600000,2.904463,36.914147,4.040704,29.513550,0,0.5952380952380931
2003-01-21,sh.600261,13.6000,13.6000,13.3000,13.4700,13.5200,160100,2142979.0000,3,0.400250,1,-0.370000,2.893722,36.777630,4.025761,29.404402,0,-0.36982248520709415
2003-01-22,sh.600261,13.3300,13.4300,13.2900,13.3300,13.4700,90800,1210574.0000,3,0.227000,1,-1.040000,2.863646,36.395383,3.983919,29.098788,0,-1.0393466963622866
2003-01-23,sh.600261,13.3500,13.5200,13.2100,13.2100,13.3300,124900,1675054.0000,3,0.312250,1,-0.900000,2.837867,36.067743,3.948055,28.836834,0,-0.900225056264059
2003-01-24,sh.600261,13.1200,13.3600,13.1100,13.3400,13.2100,107101,1420435.0000,3,0.267753,1,0.980000,2.865794,36.422686,3.986908,29.120618,0,0.9841029523088407
2003-01-27,sh.600261,13.3400,13.5000,13.3000,13.4000,13.3400,163443,2188412.0000,3,0.408607,1,0.450000,2.878684,36.586506,4.004840,29.251595,0,0.4497751124437732
2003-01-28,sh.600261,13.4200,13.5100,13.4000,13.5000,13.4000,197708,2665789.0000,3,0.494270,1,0.750000,2.900166,36.859540,4.034727,29.469891,0,0.746268656716409
2003-01-29,sh.600261,13.5500,13.6600,13.4800,13.5800,13.5000,139180,1892791.0000,3,0.347950,1,0.590000,2.917353,37.077967,4.058636,29.644527,0,0.592592592592589
2003-02-10,sh.600261,13.5100,13.5100,13.2000,13.3000,13.5800,68500,912865.0000,3,0.171250,1,-2.060000,2.857201,36.313473,3.974953,29.033300,0,-2.0618556701030855
2003-02-11,sh.600261,13.2900,13.4000,13.2500,13.3800,13.3000,30500,405782.0000,3,0.076250,1,0.600000,2.874387,36.531900,3.998862,29.207936,0,0.6015037593984918
2003-02-12,sh.600261,13.4000,13.5700,13.3800,13.5100,13.3800,73500,990023.0000,3,0.183750,1,0.970000,2.902315,36.886843,4.037715,29.491720,0,0.9715994020926599
2003-02-13,sh.600261,13.5500,13.7500,13.5000,13.7200,13.5100,290246,3966627.0000,3,0.725615,1,1.550000,2.947428,37.460214,4.100478,29.950141,0,1.5544041450777257
2003-02-14,sh.600261,13.7000,13.7500,13.6000,13.7000,13.7200,116100,1588910.0000,3,0.290250,1,-0.150000,2.943132,37.405607,4.094500,29.906482,0,-0.1457725947521915
2003-02-17,sh.600261,14.0000,14.0000,13.6100,13.6300,13.7000,128000,1757231.0000,3,0.320000,1,-0.510000,2.928094,37.214484,4.073580,29.753675,0,-0.5109489051094762
2003-02-18,sh.600261,13.6300,13.6300,13.4000,13.5000,13.6300,271270,3658304.0000,3,0.678175,1,-0.950000,2.900166,36.859540,4.034727,29.469891,0,-0.9537784299339713
2003-02-19,sh.600261,13.9300,13.9300,13.3000,13.5300,13.5000,269175,3602221.0000,3,0.672937,1,0.220000,3.001169,36.347452,4.119578,34.186323,0,0.22222222222221255
2003-02-20,sh.600261,13.5300,13.6000,13.4200,13.4800,13.5300,112000,1510819.0000,3,0.280000,1,-0.370000,2.990078,36.213130,4.104354,34.059988,0,-0.3695491500369519
2003-02-21,sh.600261,13.4000,13.5000,13.2600,13.2700,13.4800,191782,2559093.0000,3,0.479455,1,-1.560000,2.943497,35.648979,4.040414,33.529380,0,-1.5578635014836806
2003-02-24,sh.600261,13.2500,13.4300,13.2500,13.3700,13.2700,83374,1112332.0000,3,0.208435,1,0.750000,2.965678,35.917622,4.070862,33.782050,0,0.7535795026375247
2003-02-25,sh.600261,13.3700,13.6100,13.3700,13.6100,13.3700,185801,2518955.0000,3,0.464502,1,1.800000,3.018914,36.562366,4.143936,34.388459,0,1.7950635751682986
2003-02-26,sh.600261,13.5900,13.6900,13.4900,13.6800,13.6100,127050,1725424.0000,3,0.317625,1,0.510000,3.034441,36.750417,4.165250,34.565329,0,0.5143277002204183
2003-02-27,sh.600261,13.6500,13.8000,13.5800,13.6700,13.6800,130105,1778903.0000,3,0.325263,1,-0.070000,3.032223,36.723552,4.162205,34.540062,0,-0.07309941520468044
2003-02-28,sh.600261,13.6700,13.6700,13.4900,13.5800,13.6700,107100,1450199.0000,3,0.267750,1,-0.660000,3.012260,36.481773,4.134802,34.312658,0,-0.6583760058522348
2003-03-03,sh.600261,13.5800,13.9800,13.5700,13.9600,13.5800,317181,4379923.0000,3,0.792952,1,2.800000,3.096550,37.502618,4.250503,35.272806,0,2.798232695139924
2003-03-04,sh.600261,13.9500,14.1500,13.8900,14.1100,13.9600,570056,8006652.0000,3,1.425140,1,1.070000,3.129822,37.905583,4.296175,35.651812,0,1.0744985673352359
2003-03-05,sh.600261,14.0800,14.2100,13.9300,14.1900,14.1100,342380,4807187.0000,3,0.855950,1,0.570000,3.147567,38.120498,4.320533,35.853949,0,0.5669737774627981
2003-03-06,sh.600261,14.0200,14.1700,13.8000,13.9000,14.1900,458865,6398215.0000,3,1.147162,1,-2.040000,3.083241,37.341432,4.232235,35.121204,0,-2.0436927413671535
2003-03-07,sh.600261,13.9000,14.0500,13.7000,13.9700,13.9000,503290,6971526.0000,3,1.258225,1,0.500000,3.098768,37.529483,4.253548,35.298073,0,0.5035971223021685
2003-03-10,sh.600261,14.0000,14.0000,13.7500,13.8100,13.9700,305109,4221535.0000,3,0.762772,1,-1.150000,3.063277,37.099653,4.204832,34.893801,0,-1.145311381531855
2003-03-11,sh.600261,13.8000,13.8900,13.7000,13.8500,13.8100,103561,1428161.0000,3,0.258902,1,0.290000,3.072150,37.207111,4.217011,34.994869,0,0.2896451846488013
2003-03-12,sh.600261,13.8000,13.8800,13.6200,13.8300,13.8500,137583,1892044.0000,3,0.343957,1,-0.140000,3.067714,37.153382,4.210921,34.944335,0,-0.14440433212996595
2003-03-13,sh.600261,13.8000,13.8900,13.7900,13.8000,13.8300,145630,2014388.0000,3,0.364075,1,-0.220000,3.061059,37.072789,4.201787,34.868533,0,-0.2169197396963085
2003-03-14,sh.600261,13.8200,13.8200,13.5400,13.5900,13.8000,113173,1549241.0000,3,0.282933,1,-1.520000,3.014478,36.508638,4.137847,34.337925,0,-1.521739130434785
2003-03-17,sh.600261,13.6000,13.6600,13.3600,13.5000,13.5900,108850,1466914.0000,3,0.272125,1,-0.660000,2.994514,36.266859,4.110444,34.110522,0,-0.6622516556291425
2003-03-18,sh.600261,13.6000,13.7500,13.4400,13.4400,13.5000,76750,1043734.0000,3,0.191875,1,-0.440000,2.981205,36.105673,4.092175,33.958920,0,-0.4444444444444473
2003-03-19,sh.600261,13.4000,13.4900,13.2800,13.3500,13.4400,63449,849365.0000,3,0.158622,1,-0.670000,2.961242,35.863894,4.064772,33.731516,0,-0.6696428571428603
2003-03-20,sh.600261,13.3500,13.5800,13.2600,13.4400,13.3500,104800,1400829.0000,3,0.262000,1,0.670000,2.981205,36.105673,4.092175,33.958920,0,0.6741573033707926
2003-03-21,sh.600261,13.3100,13.5800,13.3100,13.4700,13.4400,40300,542830.0000,3,0.100750,1,0.220000,2.987860,36.186266,4.101309,34.034721,0,0.22321428571430157
2003-03-24,sh.600261,13.4600,13.6700,13.0100,13.6500,13.4700,506440,6648538.0000,3,1.266100,1,1.340000,3.027787,36.669824,4.156115,34.489528,0,1.3363028953229383
2003-03-25,sh.600261,13.6000,13.8800,13.4800,13.6200,13.6500,595221,8163100.0000,3,1.488053,1,-0.220000,3.021132,36.589231,4.146981,34.413727,0,-0.2197802197802301
2003-03-26,sh.600261,13.6500,13.6800,13.4100,13.5000,13.6200,450896,6120735.0000,3,1.127240,1,-0.880000,2.994514,36.266859,4.110444,34.110522,0,-0.8810572687224627
2003-03-27,sh.600261,13.5900,13.9000,13.4200,13.8000,13.5000,351533,4813562.0000,3,0.878832,1,2.220000,3.061059,37.072789,4.201787,34.868533,0,2.2222222222222365
2003-03-28,sh.600261,13.8000,13.9200,13.7000,13.8500,13.8000,411554,5675276.0000,3,1.028885,1,0.360000,3.072150,37.207111,4.217011,34.994869,0,0.36231884057971175
2003-03-31,sh.600261,13.8700,13.9300,13.8200,13.9200,13.8500,315291,4382418.0000,3,0.788227,1,0.510000,3.087677,37.395161,4.238324,35.171738,0,0.5054151624548808
2003-04-01,sh.600261,13.8800,13.9500,13.8000,13.8600,13.9200,447840,6216907.0000,3,1.119600,1,-0.430000,3.074368,37.233975,4.220055,35.020136,0,-0.4310344827586188
2003-04-02,sh.600261,13.8500,13.9200,13.6500,13.7500,13.8600,195098,2678643.0000,3,0.487745,1,-0.790000,3.049968,36.938467,4.186563,34.742198,0,-0.7936507936507908
2003-04-03,sh.600261,13.8000,13.8000,13.6700,13.7400,13.7500,81755,1122348.0000,3,0.204387,1,-0.070000,3.047750,36.911603,4.183518,34.716931,0,-0.07272727272726875
2003-04-04,sh.600261,13.7500,13.8200,13.6900,13.7300,13.7400,87830,1208375.0000,3,0.219575,1,-0.070000,3.045532,36.884739,4.180473,34.691664,0,-0.07278020378457262
2003-04-07,sh.600261,13.7300,13.8000,13.4900,13.5100,13.7300,193680,2631349.0000,3,0.484200,1,-1.600000,2.996732,36.293723,4.113488,34.135789,0,-1.6023306627822365
2003-04-08,sh.600261,13.5100,13.5400,13.4000,13.4200,13.5100,221270,2972320.0000,3,0.553175,1,-0.670000,2.976769,36.051944,4.086085,33.908385,0,-0.6661732050333047
2003-04-09,sh.600261,13.3200,13.6400,13.1100,13.3600,13.4200,316248,4206235.0000,3,0.790620,1,-0.450000,2.963460,35.890758,4.067817,33.756783,0,-0.44709388971684305
2003-04-10,sh.600261,13.5500,13.5600,13.0000,13.2000,13.3600,907045,11862312.0000,3,2.267612,1,-1.200000,2.927970,35.460929,4.019100,33.352510,0,-1.19760479041916
2003-04-11,sh.600261,13.2000,13.2500,13.0500,13.1700,13.2000,528286,6934354.0000,3,1.320715,1,-0.230000,2.921315,35.380335,4.009966,33.276709,0,-0.2272727272727204
2003-04-14,sh.600261,13.2000,13.8600,13.2000,13.8200,13.1700,1663996,22749110.0000,3,4.159990,1,4.940000,3.065495,37.126518,4.207876,34.919068,0,4.935459377372831
2003-04-15,sh.600261,13.8500,14.0800,13.7400,14.0000,13.8200,587541,8195687.0000,3,1.468852,1,1.300000,3.105422,37.610076,4.262682,35.373875,0,1.302460202604916
2003-04-16,sh.600261,14.0300,14.4500,13.8000,13.8200,14.0000,783757,11098798.0000,3,1.959393,1,-1.290000,3.065495,37.126518,4.207876,34.919068,0,-1.285714285714279
2003-04-17,sh.600261,14.3300,14.3300,13.8000,13.9900,13.8200,367114,5133130.0000,3,0.917785,1,1.230000,3.103204,37.583211,4.259637,35.348608,0,1.2301013024601959
2003-04-18,sh.600261,14.0200,14.0200,13.8400,13.8600,13.9900,253353,3518889.0000,3,0.633383,1,-0.930000,3.074368,37.233975,4.220055,35.020136,0,-0.9292351679771271
2003-04-21,sh.600261,13.8900,13.8900,13.4600,13.6200,13.8600,338650,4622565.0000,3,0.846625,1,-1.730000,3.021132,36.589231,4.146981,34.413727,0,-1.7316017316017285
2003-04-22,sh.600261,13.6700,13.6900,13.5000,13.5300,13.6200,236637,3216177.0000,3,0.591592,1,-0.660000,3.001169,36.347452,4.119578,34.186323,0,-0.6607929515418443
2003-04-23,sh.600261,13.2500,13.5800,13.0100,13.1400,13.5300,287900,3804524.0000,3,0.719750,1,-2.880000,2.877773,34.807321,3.931336,33.200908,0,-2.8824833702882358
2003-04-24,sh.600261,13.1400,13.4100,12.8000,12.8900,13.1400,292600,3825111.0000,3,0.731500,1,-1.900000,2.823021,34.145082,3.856539,32.569232,0,-1.9025875190258779
2003-04-25,sh.600261,12.8500,13.0000,12.6300,12.6800,12.8900,214940,2755990.0000,3,0.537350,1,-1.630000,2.777029,33.588800,3.793709,32.038624,0,-1.629169899146632
2003-04-28,sh.600261,12.6000,12.6800,12.3400,12.6100,12.6800,318462,3959278.0000,3,0.796155,1,-0.550000,2.761698,33.403373,3.772766,31.861754,0,-0.5520504731861275
2003-04-29,sh.600261,12.7000,12.7800,12.4900,12.5500,12.6100,151910,1916099.0000,3,0.379775,1,-0.480000,2.748558,33.244436,3.754814,31.710152,0,-0.4758128469468548
2003-04-30,sh.600261,12.5500,12.6500,12.3000,12.3500,12.5500,259022,3220138.0000,3,0.647555,1,-1.590000,2.704756,32.714644,3.694977,31.204811,0,-1.5936254980079778
2003-05-12,sh.600261,12.4100,12.5000,12.0300,12.0900,12.3500,224951,2735193.0000,3,0.562377,1,-2.110000,2.647814,32.025914,3.617188,30.547867,0,-2.1052631578947323
2003-05-13,sh.600261,12.1000,12.1000,11.2400,11.2800,12.0900,348684,4025304.0000,3,0.871710,1,-6.700000,2.470417,29.880258,3.374845,28.501236,0,-6.699751861042191
2003-05-14,sh.600261,11.2800,11.8000,11.1800,11.4400,11.2800,193959,2215081.0000,3,0.484898,1,1.420000,2.505458,30.304091,3.422715,28.905509,0,1.4184397163120588
2003-05-15,sh.600261,11.5900,11.8000,11.4000,11.7000,11.4400,1048945,12210866.0000,3,2.622362,1,2.270000,2.562400,30.992820,3.500504,29.562452,0,2.2727272727272707
2003-05-16,sh.600261,11.7300,12.0000,11.7000,11.9200,11.7000,394801,4686551.0000,3,0.987002,1,1.880000,2.610582,31.575591,3.566326,30.118327,0,1.8803418803418959
2003-05-19,sh.600261,11.9600,12.0500,11.8000,12.0200,11.9200,164880,1972199.0000,3,0.412200,1,0.840000,2.632483,31.840487,3.596245,30.370998,0,0.8389261744966348
2003-05-20,sh.600261,11.9800,12.1500,11.8100,12.1000,12.0200,298903,3602866.0000,3,0.747258,1,0.670000,2.650004,32.052404,3.620180,30.573134,0,0.6655574043261225
2003-05-21,sh.600261,12.1000,12.1500,12.0600,12.1200,12.1000,128700,1558239.0000,3,0.321750,1,0.170000,2.654384,32.105383,3.626163,30.623669,0,0.16528925619834212
2003-05-22,sh.600261,12.1100,12.1700,11.9100,12.1400,12.1200,218700,2637503.0000,3,0.546750,1,0.170000,2.658764,32.158362,3.632147,30.674203,0,0.16501650165017256
2003-05-23,sh.600261,12.1000,12.1000,11.8100,12.0100,12.1400,477390,5721531.0000,3,1.193475,1,-1.070000,2.630293,31.813998,3.593253,30.345731,0,-1.0708401976935789
2003-05-26,sh.600261,12.0000,12.0200,11.8500,11.8600,12.0100,1359700,16154930.0000,3,3.399250,1,-1.250000,2.597442,31.416654,3.548374,29.966725,0,-1.248959200666111
2003-05-27,sh.600261,11.8600,12.2000,11.8300,12.1800,11.8600,607255,7232035.0000,3,1.518138,1,2.700000,2.667525,32.264321,3.644115,30.775271,0,2.6981450252951067
2003-05-28,sh.600261,12.1800,12.2800,12.0000,12.0000,12.1800,268794,3258526.0000,3,0.671985,1,-1.480000,2.628103,31.787508,3.590261,30.320464,0,-1.4778325123152691
2003-05-29,sh.600261,12.0000,12.1000,11.9500,12.1000,12.0000,199886,2400131.0000,3,0.499715,1,0.830000,2.650004,32.052404,3.620180,30.573134,0,0.8333333333333304
2003-05-30,sh.600261,12.1200,12.3000,12.1200,12.2800,12.1000,236378,2891494.0000,3,0.590945,1,1.490000,2.689425,32.529217,3.674034,31.027941,0,1.4876033057851235
2003-06-02,sh.600261,12.3000,12.5200,12.2200,12.5000,12.2800,202365,2505865.0000,3,0.505912,1,1.790000,2.737607,33.111988,3.739855,31.583817,0,1.791530944625408
2003-06-03,sh.600261,12.5300,12.5300,12.2500,12.3300,12.5000,214890,2665116.0000,3,0.537225,1,-1.360000,2.700376,32.661665,3.688993,31.154277,0,-1.3599999999999945
2003-06-04,sh.600261,12.3000,12.3800,12.0100,12.3400,12.3300,139540,1707020.0000,3,0.348850,1,0.080000,2.702566,32.688154,3.691985,31.179544,0,0.08110300081103361
2003-06-05,sh.600261,12.3500,12.4000,12.0500,12.0800,12.3400,60100,732613.0000,3,0.150250,1,-2.110000,2.645624,31.999425,3.614196,30.522600,0,-2.1069692058346856
2003-06-06,sh.600261,12.0000,12.0000,11.6100,11.6300,12.0800,234402,2754661.0000,3,0.586005,1,-3.730000,2.547070,30.807393,3.479561,29.385583,0,-3.7251655629139013
2003-06-09,sh.600261,11.6100,11.8100,11.4600,11.5500,11.6300,103218,1198215.0000,3,0.258045,1,-0.690000,2.529549,30.595477,3.455626,29.183447,0,-0.6878761822871837
2003-06-10,sh.600261,11.5100,11.6700,11.5000,11.6700,11.5500,68900,800144.0000,3,0.172250,1,1.040000,2.555830,30.913352,3.491529,29.486651,0,1.0389610389610393
2003-06-11,sh.600261,11.7000,11.7800,11.6300,11.7500,11.6700,496020,5805157.0000,3,1.240050,1,0.690000,2.573351,31.125268,3.515464,29.688788,0,0.6855184233076184
2003-06-12,sh.600261,11.7800,11.8900,11.7500,11.8300,11.7500,71950,848787.0000,3,0.179875,1,0.680000,2.590872,31.337185,3.539399,29.890924,0,0.6808510638297793
2003-06-13,sh.600261,11.8500,11.9000,11.7600,11.8000,11.8300,103500,1222561.0000,3,0.258750,1,-0.250000,2.584301,31.257716,3.530423,29.815123,0,-0.2535925612848655
2003-06-16,sh.600261,11.8300,11.8800,11.8000,11.8700,11.8000,93130,1102565.0000,3,0.232825,1,0.590000,2.599632,31.443143,3.551366,29.991992,0,0.5932203389830359
2003-06-17,sh.600261,11.8700,11.8700,11.7800,11.7900,11.8700,88000,1039020.0000,3,0.220000,1,-0.670000,2.582111,31.231227,3.527431,29.789856,0,-0.6739679865206405
2003-06-18,sh.600261,11.8500,11.8800,11.7900,11.8000,11.7900,69300,818429.0000,3,0.173250,1,0.080000,2.584301,31.257716,3.530423,29.815123,0,0.08481764206955678
2003-06-19,sh.600261,11.8300,11.8300,11.6000,11.6200,11.8000,100000,1166367.0000,3,0.250000,1,-1.530000,2.544880,30.780904,3.476569,29.360316,0,-1.5254237288135686
2003-06-20,sh.600261,11.6200,11.8000,11.5500,11.6200,11.6200,210720,2476548.0000,3,0.526800,1,0.000000,2.544880,30.780904,3.476569,29.360316,0,0.0
2003-06-23,sh.600261,11.6200,11.6200,11.6200,11.6200,11.6200,0,0.0000,3,,0,0.000000,2.544880,30.780904,3.476569,29.360316,0,0.0
2003-06-24,sh.600261,11.2100,11.6000,11.2100,11.4500,11.6200,63750,728091.0000,3,0.159375,1,-1.460000,2.507648,30.330581,3.425707,28.930776,0,-1.4629948364888068
2003-06-25,sh.600261,11.4600,11.5700,11.3400,11.3800,11.4500,31900,364893.0000,3,0.079750,1,-0.610000,2.492318,30.145153,3.404764,28.753907,0,-0.6113537117903856
2003-06-26,sh.600261,11.3500,11.4200,11.0500,11.2800,11.3800,106580,1193887.0000,3,0.266450,1,-0.880000,2.470417,29.880258,3.374845,28.501236,0,-0.8787346221441283
2003-06-27,sh.600261,11.3000,11.3000,11.1000,11.1100,11.2800,68500,766358.0000,3,0.171250,1,-1.510000,2.433185,29.429935,3.323983,28.071696,0,-1.507092198581561
2003-06-30,sh.600261,11.0800,11.0800,10.8700,10.8900,11.1100,137000,1497401.0000,3,0.342500,1,-1.980000,2.385003,28.847164,3.258162,27.515821,0,-1.9801980198019709
2003-07-01,sh.600261,10.9500,11.0200,10.8100,10.8200,10.8900,81200,886504.0000,3,0.203000,1,-0.640000,2.369673,28.661736,3.237219,27.338952,0,-0.6427915518824601
2003-07-02,sh.600261,11.3700,11.3700,10.9100,10.9500,10.8200,55300,609411.0000,3,0.138250,1,1.200000,2.398144,29.006101,3.276113,27.667423,0,1.2014787430683738
2003-07-03,sh.600261,10.8500,11.0700,10.8500,10.9300,10.9500,42100,459914.0000,3,0.105250,1,-0.180000,2.393764,28.953122,3.270129,27.616889,0,-0.18264840182647957
2003-07-04,sh.600261,11.0300,11.0500,10.8700,10.8700,10.9300,57800,631839.0000,3,0.144500,1,-0.550000,2.380623,28.794184,3.252178,27.465287,0,-0.5489478499542622
2003-07-07,sh.600261,10.9800,10.9900,10.8800,10.9800,10.8700,27580,302126.0000,3,0.068950,1,1.010000,2.404714,29.085570,3.285089,27.743224,0,1.0119595216191435
2003-07-08,sh.600261,10.8800,11.0900,10.8800,11.0500,10.9800,92663,1018453.0000,3,0.231657,1,0.640000,2.420045,29.270997,3.306032,27.920094,0,0.6375227686703067
2003-07-09,sh.600261,11.0500,11.0500,10.8800,10.9600,11.0500,45033,492110.0000,3,0.112583,1,-0.810000,2.400334,29.032591,3.279105,27.692690,0,-0.8144796380090469
2003-07-10,sh.600261,10.9000,11.1100,10.8600,11.1000,10.9600,89660,987090.0000,3,0.224150,1,1.280000,2.430995,29.403445,3.320991,28.046429,0,1.2773722627737127
2003-07-11,sh.600261,11.0800,11.1000,10.9300,11.0000,11.1000,61070,672401.0000,3,0.152675,1,-0.900000,2.409094,29.138549,3.291072,27.793759,0,-0.9009009009009028
2003-07-14,sh.600261,11.0000,11.0000,10.8500,10.8900,11.0000,49833,543574.0000,3,0.124583,1,-1.000000,2.385003,28.847164,3.258162,27.515821,0,-0.9999999999999898
2003-07-15,sh.600261,11.0000,11.0000,10.5900,10.6100,10.8900,241700,2586297.0000,3,0.604250,1,-2.570000,2.323681,28.105455,3.174389,26.808344,0,-2.5711662075298514
2003-07-16,sh.600261,10.6000,10.7000,10.5900,10.6100,10.6100,145550,1546233.0000,3,0.363875,1,0.000000,2.323681,28.105455,3.174389,26.808344,0,0.0
2003-07-17,sh.600261,10.6200,10.6800,10.3800,10.4400,10.6100,213001,2230985.0000,3,0.532502,1,-1.600000,2.286450,27.655132,3.123527,26.378804,0,-1.602262016965128
2003-07-18,sh.600261,10.5800,10.9400,10.5200,10.6100,10.4400,464700,4993586.0000,3,1.161750,1,1.630000,2.323681,28.105455,3.174389,26.808344,0,1.6283524904214586
2003-07-21,sh.600261,10.6100,10.8600,10.6000,10.7600,10.6100,183540,1962917.0000,3,0.458850,1,1.410000,2.356532,28.502799,3.219267,27.187349,0,1.413760603204528
2003-07-22,sh.600261,10.7600,10.7800,10.6000,10.6100,10.7600,258250,2762338.0000,3,0.645625,1,-1.390000,2.323681,28.105455,3.174389,26.808344,0,-1.3940520446096727
2003-07-23,sh.600261,10.6200,11.1400,10.6200,11.1000,10.6100,486599,5356337.0000,3,1.216498,1,4.620000,2.430995,29.403445,3.320991,28.046429,0,4.618284637134784
2003-07-24,sh.600261,10.9000,11.2200,10.9000,11.1800,11.1000,346365,3855502.0000,3,0.865912,1,0.720000,2.397391,29.535132,3.163739,15.654836,0,0.7207207207207134
2003-07-25,sh.600261,11.1000,11.4500,10.9500,11.2200,11.1800,805321,9098444.0000,3,2.013302,1,0.360000,2.405968,29.640804,3.175058,15.710846,0,0.3577817531305927
2003-07-28,sh.600261,10.9500,10.9500,10.8000,10.8500,10.9700,187094,2033335.0000,3,0.467735,1,-1.090000,2.326627,28.663344,3.070355,15.192752,0,-3.297682709447425
2003-07-29,sh.600261,10.8300,10.9500,10.8300,10.9100,10.8500,150180,1636645.0000,3,0.375450,1,0.550000,2.339493,28.821851,3.087334,15.276767,0,0.55299539170508
2003-07-30,sh.600261,10.9100,10.9300,10.8300,10.9100,10.9100,85824,933703.0000,3,0.214560,1,0.000000,2.339493,28.821851,3.087334,15.276767,0,0.0
2003-07-31,sh.600261,10.9000,10.9500,10.6800,10.6900,10.9100,97400,1055741.0000,3,0.243500,1,-2.020000,2.292317,28.240659,3.025078,14.968712,0,-2.016498625114582
2003-08-01,sh.600261,10.6900,10.6900,10.4800,10.5400,10.6900,114471,1205978.0000,3,0.286177,1,-1.400000,2.260152,27.844391,2.982630,14.758674,0,-1.4031805425631427
2003-08-04,sh.600261,10.5400,10.6500,10.4400,10.6300,10.5400,113231,1192506.0000,3,0.283077,1,0.850000,2.279451,28.082152,3.008099,14.884696,0,0.8538899430740265
2003-08-05,sh.600261,10.6400,10.7500,10.5300,10.7400,10.6300,28580,303857.0000,3,0.071450,1,1.030000,2.303039,28.372748,3.039227,15.038724,0,1.0348071495766664
2003-08-06,sh.600261,10.8000,10.8000,10.6700,10.7000,10.7400,48450,518208.0000,3,0.121125,1,-0.370000,2.294462,28.267077,3.027908,14.982714,0,-0.3724394785847407
2003-08-07,sh.600261,10.7000,10.7800,10.6500,10.7500,10.7000,44000,471624.0000,3,0.110000,1,0.470000,2.305184,28.399166,3.042057,15.052727,0,0.4672897196261738
2003-08-08,sh.600261,10.6000,10.8800,10.6000,10.7700,10.7500,108989,1176196.0000,3,0.272473,1,0.190000,2.309472,28.452001,3.047716,15.080732,0,0.18604651162790198
2003-08-11,sh.600261,10.7500,10.7800,10.6800,10.7400,10.7700,27396,294023.0000,3,0.068490,1,-0.280000,2.303039,28.372748,3.039227,15.038724,0,-0.278551532033422
2003-08-12,sh.600261,10.8700,11.1500,10.7700,11.1000,10.7400,234482,2586149.0000,3,0.586205,1,3.350000,2.380236,29.323790,3.141100,15.542816,0,3.351955307262555
2003-08-13,sh.600261,11.0300,11.0300,10.9100,10.9800,11.1000,48256,529935.0000,3,0.120640,1,-1.080000,2.354504,29.006776,3.107143,15.374785,0,-1.08108108108107
2003-08-14,sh.600261,10.9500,11.2500,10.9300,11.0200,10.9800,159532,1764031.0000,3,0.398830,1,0.360000,2.363081,29.112447,3.118462,15.430795,0,0.36429872495444826
2003-08-15,sh.600261,10.9000,11.0300,10.9000,11.0100,11.0200,39150,428597.0000,3,0.097875,1,-0.090000,2.360937,29.086029,3.115632,15.416793,0,-0.09074410163338875
2003-08-18,sh.600261,11.0000,11.0600,10.8300,10.9200,11.0100,44370,483085.0000,3,0.110925,1,-0.820000,2.341638,28.848269,3.090164,15.290770,0,-0.8174386920980936
2003-08-19,sh.600261,10.9200,10.9200,10.7000,10.7700,10.9200,115000,1247036.0000,3,0.287500,1,-1.370000,2.309472,28.452001,3.047716,15.080732,0,-1.3736263736263798
2003-08-20,sh.600261,10.8000,10.8000,10.6200,10.7000,10.7700,62400,666385.0000,3,0.156000,1,-0.650000,2.294462,28.267077,3.027908,14.982714,0,-0.6499535747446661
2003-08-21,sh.600261,10.7000,10.9500,10.7000,10.8100,10.7000,94451,1022277.0000,3,0.236127,1,1.030000,2.318050,28.557673,3.059036,15.136742,0,1.0280373831775824
2003-08-22,sh.600261,10.9800,10.9800,10.8000,10.8400,10.8100,93300,1016674.0000,3,0.233250,1,0.280000,2.324483,28.636926,3.067525,15.178750,0,0.27752081406104967
2003-08-25,sh.600261,10.8500,10.8500,10.5500,10.6900,10.8400,33900,362370.0000,3,0.084750,1,-1.380000,2.292317,28.240659,3.025078,14.968712,0,-1.3837638376383743
2003-08-26,sh.600261,10.5100,10.7000,10.5000,10.6200,10.6900,34000,358780.0000,3,0.085000,1,-0.650000,2.277307,28.055734,3.005269,14.870694,0,-0.6548175865294659
2003-08-27,sh.600261,10.5600,10.5600,10.3500,10.4000,10.6200,175409,1828124.0000,3,0.438523,1,-2.070000,2.230131,27.474542,2.943013,14.562638,0,-2.0715630885122294
2003-08-28,sh.600261,10.4000,10.5500,10.3700,10.4900,10.4000,229950,2394344.0000,3,0.574875,1,0.870000,2.249430,27.712302,2.968481,14.688661,0,0.8653846153846123
2003-08-29,sh.600261,10.4500,10.5000,10.3500,10.5000,10.4900,56051,584340.0000,3,0.140127,1,0.100000,2.251575,27.738720,2.971311,14.702663,0,0.09532888465204614
2003-09-01,sh.600261,10.5500,10.7000,10.4000,10.6900,10.5000,127474,1348782.0000,3,0.318685,1,1.810000,2.292317,28.240659,3.025078,14.968712,0,1.8095238095237942
2003-09-02,sh.600261,10.6600,10.8600,10.6100,10.8100,10.6900,164840,1773082.0000,3,0.412100,1,1.120000,2.318050,28.557673,3.059036,15.136742,0,1.122544434050532
2003-09-03,sh.600261,10.7100,10.9400,10.7000,10.9300,10.8100,132850,1446425.0000,3,0.332125,1,1.110000,2.343782,28.874687,3.092993,15.304773,0,1.1100832562442209
2003-09-04,sh.600261,10.9100,11.0500,10.8100,11.0000,10.9300,188185,2066196.0000,3,0.470462,1,0.640000,2.358792,29.059611,3.112802,15.402790,0,0.6404391582799596
2003-09-05,sh.600261,10.7200,11.0800,10.7200,11.0200,11.0000,720174,7896645.0000,3,1.800435,1,0.180000,2.363081,29.112447,3.118462,15.430795,0,0.1818181818181719
2003-09-08,sh.600261,11.0000,11.0000,10.8400,10.9400,11.0200,96700,1052960.0000,3,0.241750,1,-0.730000,2.345926,28.901105,3.095823,15.318775,0,-0.7259528130671544
2003-09-09,sh.600261,10.9000,10.9600,10.7800,10.9500,10.9400,168983,1845351.0000,3,0.422458,1,0.090000,2.348071,28.927522,3.098653,15.332778,0,0.0914076782449813
2003-09-10,sh.600261,10.9700,11.1000,10.9500,11.0800,10.9500,350600,3863617.0000,3,0.876500,1,1.190000,2.375947,29.270954,3.135441,15.514811,0,1.187214611872145
2003-09-11,sh.600261,11.1500,11.1500,10.9800,11.0000,11.0800,57000,629958.0000,3,0.142500,1,-0.720000,2.358792,29.059611,3.112802,15.402790,0,-0.7220216606498187
2003-09-12,sh.600261,11.0000,11.0600,10.8200,10.8900,11.0000,112300,1227938.0000,3,0.280750,1,-1.000000,2.335205,28.769015,3.081674,15.248762,0,-0.9999999999999898
2003-09-15,sh.600261,10.8000,10.9900,10.7500,10.7700,10.8900,39800,430810.0000,3,0.099500,1,-1.100000,2.309472,28.452001,3.047716,15.080732,0,-1.1019283746556585
2003-09-16,sh.600261,10.9000,10.9000,10.7000,10.8300,10.7700,39300,425256.0000,3,0.098250,1,0.560000,2.322338,28.610508,3.064695,15.164747,0,0.5571030640668662
2003-09-17,sh.600261,10.8000,10.8700,10.6000,10.7300,10.8300,58300,627141.0000,3,0.145750,1,-0.920000,2.300895,28.346330,3.036397,15.024722,0,-0.9233610341643494
2003-09-18,sh.600261,10.7000,10.7100,10.5200,10.5300,10.7300,46730,495608.0000,3,0.116825,1,-1.860000,2.258008,27.817974,2.979801,14.744671,0,-1.8639328984156656
2003-09-19,sh.600261,10.6000,10.6000,10.4800,10.5700,10.5300,26500,278791.0000,3,0.066250,1,0.380000,2.266585,27.923645,2.991120,14.800681,0,0.3798670465337217
2003-09-22,sh.600261,10.7500,10.9800,10.3800,10.6700,10.5700,103500,1084482.0000,3,0.258750,1,0.950000,2.288029,28.187823,3.019418,14.940707,0,0.9460737937559083
2003-09-23,sh.600261,10.4000,10.6100,10.3900,10.5400,10.6700,118700,1236010.0000,3,0.296750,1,-1.220000,2.260152,27.844391,2.982630,14.758674,0,-1.2183692596063778
2003-09-24,sh.600261,10.5000,10.5900,10.4000,10.5700,10.5400,87121,910882.0000,3,0.217803,1,0.280000,2.266585,27.923645,2.991120,14.800681,0,0.2846299810246755
2003-09-25,sh.600261,10.5900,10.5900,10.3600,10.3700,10.5700,68500,712682.0000,3,0.171250,1,-1.890000,2.223698,27.395288,2.934524,14.520630,0,-1.8921475875118388
2003-09-26,sh.600261,10.3500,10.4700,10.3500,10.3800,10.3700,25373,264141.0000,3,0.063433,1,0.100000,2.225842,27.421706,2.937353,14.534633,0,0.0964320154291265
2003-09-29,sh.600261,10.3600,10.3600,9.8000,9.8800,10.3800,245597,2444187.0000,3,0.613993,1,-4.820000,2.118625,26.100815,2.795862,13.834506,0,-4.816955684007707
2003-09-30,sh.600261,9.6000,9.9900,9.6000,9.8400,9.8800,104230,1022178.0000,3,0.260575,1,-0.400000,2.110047,25.995143,2.784543,13.778496,0,-0.4048582995951455
2003-10-08,sh.600261,9.6000,9.6600,9.5800,9.6000,9.8400,80060,768813.0000,3,0.200150,1,-2.440000,2.058583,25.361115,2.716627,13.442435,0,-2.4390243902439046
2003-10-09,sh.600261,9.5000,9.6900,9.4000,9.5000,9.6000,91570,867743.0000,3,0.228925,1,-1.040000,2.037139,25.096937,2.688329,13.302410,0,-1.041666666666663
2003-10-10,sh.600261,9.4500,9.6900,9.4500,9.6800,9.5000,531700,5067605.0000,3,1.329250,1,1.890000,2.075737,25.572458,2.739266,13.554455,0,1.8947368421052602
2003-10-13,sh.600261,9.6700,9.8000,9.5200,9.6900,9.6800,357730,3456771.0000,3,0.894325,1,0.100000,2.077882,25.598876,2.742096,13.568458,0,0.10330578512396382
2003-10-14,sh.600261,9.6800,9.7400,9.6200,9.6900,9.6900,171390,1663079.0000,3,0.428475,1,0.000000,2.077882,25.598876,2.742096,13.568458,0,0.0
2003-10-15,sh.600261,9.6900,9.7800,9.6500,9.6500,9.6900,65650,637128.0000,3,0.164125,1,-0.410000,2.069304,25.493205,2.730776,13.512448,0,-0.41279669762640525
2003-10-16,sh.600261,9.6000,9.7300,9.4100,9.4700,9.6500,59660,566991.0000,3,0.149150,1,-1.870000,2.030706,25.017684,2.679840,13.260402,0,-1.865284974093262
2003-10-17,sh.600261,9.5000,9.5200,9.4100,9.5200,9.4700,105701,1003020.0000,3,0.264253,1,0.530000,2.041428,25.149773,2.693989,13.330415,0,0.5279831045406524
2003-10-20,sh.600261,9.5000,9.5000,9.1000,9.2700,9.5200,111300,1027983.0000,3,0.278250,1,-2.630000,1.987819,24.489327,2.623243,12.980351,0,-2.626050420168069
2003-10-21,sh.600261,9.3000,9.3300,9.0000,9.2100,9.2700,82599,757364.0000,3,0.206498,1,-0.650000,1.974953,24.330820,2.606264,12.896336,0,-0.6472491909384925
2003-10-22,sh.600261,9.3000,9.4900,9.2100,9.4200,9.2100,232721,2182579.0000,3,0.581803,1,2.280000,2.019984,24.885595,2.665691,13.190390,0,2.280130293159588
2003-10-23,sh.600261,9.4500,9.5200,9.3300,9.3600,9.4200,59800,561570.0000,3,0.149500,1,-0.640000,2.007118,24.727088,2.648712,13.106374,0,-0.6369426751592355
2003-10-24,sh.600261,9.3600,9.3800,9.2800,9.3000,9.3600,48140,448797.0000,3,0.120350,1,-0.640000,1.994252,24.568581,2.631733,13.022359,0,-0.6410256410256276
2003-10-27,sh.600261,9.5000,9.5700,9.3800,9.4800,9.3000,95650,908969.0000,3,0.239125,1,1.940000,1.959951,21.293770,2.412732,13.274405,0,1.9354838709677358
2003-10-28,sh.600261,9.5500,9.6500,9.4200,9.4900,9.4800,109150,1036023.0000,3,0.272875,1,0.110000,1.962018,21.316231,2.415277,13.288407,0,0.10548523206750371
2003-10-29,sh.600261,9.4500,9.5500,9.2300,9.3500,9.4900,101350,948342.0000,3,0.253375,1,-1.480000,1.933074,21.001766,2.379646,13.092372,0,-1.475237091675452
2003-10-30,sh.600261,9.5200,9.5200,9.2800,9.3700,9.3500,38780,363390.0000,3,0.096950,1,0.210000,1.937209,21.046690,2.384736,13.120377,0,0.21390374331551332
2003-10-31,sh.600261,9.3500,9.5100,9.3200,9.4400,9.3700,98148,924745.0000,3,0.245370,1,0.750000,1.951681,21.203922,2.402551,13.218395,0,0.7470651013874008
2003-11-03,sh.600261,9.4400,9.5000,9.3600,9.4600,9.4400,101700,961401.0000,3,0.254250,1,0.210000,1.955816,21.248846,2.407641,13.246400,0,0.21186440677967155
2003-11-04,sh.600261,9.5000,9.7600,9.5000,9.6000,9.4600,314910,3019305.0000,3,0.787275,1,1.480000,1.984760,21.563311,2.443273,13.442435,0,1.4799154334038
2003-11-05,sh.600261,9.6400,9.6400,9.4500,9.5000,9.6000,82600,784372.0000,3,0.206500,1,-1.040000,1.964086,21.338693,2.417822,13.302410,0,-1.041666666666663
2003-11-06,sh.600261,9.6000,9.6000,9.1200,9.1600,9.5000,196200,1807693.0000,3,0.490500,1,-3.580000,1.893792,20.574993,2.331289,12.826324,0,-3.578947368421048
2003-11-07,sh.600261,9.1000,9.3500,9.0500,9.2000,9.1600,156610,1428414.0000,3,0.391525,1,0.440000,1.902062,20.664840,2.341470,12.882334,0,0.4366812227074135
2003-11-10,sh.600261,9.2000,9.2800,9.0400,9.2700,9.2000,63636,582122.0000,3,0.159090,1,0.760000,1.916534,20.822072,2.359285,12.980351,0,0.7608695652173925
2003-11-11,sh.600261,9.1500,9.2700,9.1000,9.2000,9.2700,53500,489440.0000,3,0.133750,1,-0.760000,1.902062,20.664840,2.341470,12.882334,0,-0.7551240560949357
2003-11-12,sh.600261,9.2800,9.2800,9.1100,9.1600,9.2000,36401,333410.0000,3,0.091003,1,-0.430000,1.893792,20.574993,2.331289,12.826324,0,-0.43478260869563856
2003-11-13,sh.600261,9.1600,9.1600,8.8700,9.1200,9.1600,144659,1302793.0000,3,0.361648,1,-0.440000,1.885522,20.485145,2.321109,12.770313,0,-0.4366812227074357
2003-11-14,sh.600261,9.1000,9.2000,9.0500,9.1800,9.1200,87277,796170.0000,3,0.218192,1,0.660000,1.897927,20.619916,2.336379,12.854329,0,0.6578947368421018
2003-11-17,sh.600261,9.2400,9.2400,9.0900,9.1700,9.1800,24900,227949.0000,3,0.062250,1,-0.108935,1.895860,20.597454,2.333834,12.840326,0,-0.10893246187363426
2003-11-18,sh.600261,9.1600,9.2000,9.0800,9.1600,9.1600,58190,532365.0000,3,0.145475,1,0.000000,1.893792,20.574993,2.331289,12.826324,0,-0.10905125408942062
2003-11-19,sh.600261,9.1800,9.3200,9.1000,9.2700,9.1600,88289,812418.0000,3,0.220723,1,1.200000,1.916534,20.822072,2.359285,12.980351,0,1.2008733624454093
2003-11-20,sh.600261,9.3800,9.6300,9.2800,9.6000,9.2700,276129,2628719.0000,3,0.690322,1,3.560000,1.984760,21.563311,2.443273,13.442435,0,3.5598705501618033
2003-11-21,sh.600261,9.6000,9.6500,9.4300,9.4700,9.6000,186924,1785766.0000,3,0.467310,1,-1.350000,1.957883,21.271308,2.410187,13.260402,0,-1.3541666666666563
2003-11-24,sh.600261,9.4700,9.4700,9.4700,9.4700,9.4700,0,0.0000,3,,0,0.000000,1.957883,21.271308,2.410187,13.260402,0,0.0
2003-11-25,sh.600261,9.8200,9.9500,9.6500,9.8000,9.4700,440908,4311784.0000,3,1.102270,1,3.480000,2.026110,22.012547,2.494174,13.722486,0,3.484688489968324
2003-11-26,sh.600261,9.6000,9.8800,9.6000,9.7000,9.8000,365951,3539999.0000,3,0.914878,1,-1.020000,2.005435,21.787929,2.468723,13.582461,0,-1.0204081632653184
2003-11-27,sh.600261,9.7000,9.7700,9.4800,9.5800,9.7000,138830,1329044.0000,3,0.347075,1,-1.240000,1.980625,21.518387,2.438182,13.414430,0,-1.2371134020618513
2003-11-28,sh.600261,9.5800,9.6800,9.4400,9.5500,9.5800,60440,576093.0000,3,0.151100,1,-0.310000,1.974423,21.451002,2.430547,13.372422,0,-0.31315240083507057
2003-12-01,sh.600261,9.5700,9.7300,9.5500,9.7000,9.5500,187330,1810435.0000,3,0.468325,1,1.570000,2.005435,21.787929,2.468723,13.582461,0,1.5706806282722363
2003-12-02,sh.600261,9.7000,10.0800,9.6800,9.9600,9.7000,474434,4708428.0000,3,1.186085,1,2.680000,2.059189,22.371935,2.534895,13.946526,0,2.6804123711340333
2003-12-03,sh.600261,9.8800,10.1400,9.8000,9.9800,9.9600,405958,4053396.0000,3,1.014895,1,0.200000,2.063324,22.416859,2.539985,13.974532,0,0.20080321285140812
2003-12-04,sh.600261,9.9000,10.0100,9.8400,9.9500,9.9800,186664,1854997.0000,3,0.466660,1,-0.300000,2.057121,22.349473,2.532350,13.932524,0,-0.30060120240481547
2003-12-05,sh.600261,9.9900,9.9900,9.8800,9.9200,9.9500,105299,1046065.0000,3,0.263248,1,-0.300000,2.050919,22.282088,2.524715,13.890516,0,-0.3015075376884391
2003-12-08,sh.600261,9.9100,9.9700,9.8900,9.9100,9.9200,109275,1084133.0000,3,0.273187,1,-0.100000,2.048852,22.259626,2.522170,13.876514,0,-0.10080645161290036
2003-12-09,sh.600261,9.8800,9.8800,9.8200,9.8800,9.9100,70635,696686.0000,3,0.176588,1,-0.300000,2.042649,22.192241,2.514535,13.834506,0,-0.3027245206861706
2003-12-10,sh.600261,9.9000,10.0000,9.8800,9.9100,9.8800,95200,944199.0000,3,0.238000,1,0.300000,2.048852,22.259626,2.522170,13.876514,0,0.30364372469635637
2003-12-11,sh.600261,9.9200,9.9800,9.8500,9.8600,9.9100,127500,1262024.0000,3,0.318750,1,-0.500000,2.038514,22.147317,2.509444,13.806501,0,-0.5045408678102992
2003-12-12,sh.600261,9.8700,9.8700,9.8000,9.8300,9.8600,128400,1263348.0000,3,0.321000,1,-0.300000,2.032312,22.079932,2.501809,13.764494,0,-0.30425963488842633
2003-12-15,sh.600261,9.8100,9.8100,9.6800,9.7100,9.8300,294127,2856779.0000,3,0.735317,1,-1.220000,2.007502,21.810391,2.471268,13.596463,0,-1.2207527975584886
2003-12-16,sh.600261,9.7200,9.8000,9.4600,9.6100,9.7100,165241,1581782.0000,3,0.413102,1,-1.030000,1.986828,21.585773,2.445818,13.456438,0,-1.029866117404754
2003-12-17,sh.600261,9.5100,9.6500,9.4000,9.4100,9.6100,152141,1444307.0000,3,0.380352,1,-2.080000,1.945479,21.136537,2.394916,13.176387,0,-2.0811654526534773
2003-12-18,sh.600261,9.3900,9.4600,9.3000,9.4400,9.4100,105200,987034.0000,3,0.263000,1,0.320000,1.951681,21.203922,2.402551,13.218395,0,0.31880977683313994
2003-12-19,sh.600261,9.4400,9.5600,9.1500,9.2500,9.4400,185910,1714349.0000,3,0.464775,1,-2.010000,1.912399,20.777149,2.354195,12.952346,0,-2.01271186440678
2003-12-22,sh.600261,9.0500,9.3500,9.0000,9.3300,9.2500,224903,2069838.0000,3,0.562258,1,0.860000,1.928939,20.956843,2.374555,13.064367,0,0.864864864864856
2003-12-23,sh.600261,9.3300,9.4500,9.2500,9.3000,9.3300,125275,1165117.0000,3,0.313188,1,-0.320000,1.922737,20.889457,2.366920,13.022359,0,-0.3215434083601254
2003-12-24,sh.600261,9.2600,9.4000,9.2600,9.3700,9.3000,148461,1383791.0000,3,0.371152,1,0.750000,1.937209,21.046690,2.384736,13.120377,0,0.7526881720429923
2003-12-25,sh.600261,9.3700,9.5700,9.3200,9.4100,9.3700,165012,1552316.0000,3,0.412530,1,0.430000,1.945479,21.136537,2.394916,13.176387,0,0.4268943436499528
2003-12-26,sh.600261,9.4500,9.5000,9.3000,9.3500,9.4100,142800,1334121.0000,3,0.357000,1,-0.640000,1.933074,21.001766,2.379646,13.092372,0,-0.6376195536663132
2003-12-29,sh.600261,9.3000,9.4200,9.2800,9.4000,9.3500,107580,1003463.0000,3,0.268950,1,0.530000,1.943411,21.114075,2.392371,13.162384,0,0.5347593582887722
2003-12-30,sh.600261,9.4500,9.5000,9.3100,9.4800,9.4000,138749,1303370.0000,3,0.346873,1,0.850000,1.959951,21.293770,2.412732,13.274405,0,0.8510638297872353
2003-12-31,sh.600261,9.5000,9.5000,9.3400,9.4500,9.4800,111749,1051513.0000,3,0.279372,1,-0.320000,1.953749,21.226384,2.405096,13.232397,0,-0.31645569620254443
2004-01-02,sh.600261,9.3200,9.4900,9.3100,9.4800,9.4500,167188,1563140.0000,3,0.417970,1,0.320000,1.959951,21.293770,2.412732,13.274405,0,0.31746031746033854
2004-01-05,sh.600261,9.4900,9.7400,9.4500,9.6900,9.4800,256339,2474994.0000,3,0.640848,1,2.220000,2.003368,21.765467,2.466178,13.568458,0,2.215189873417711
2004-01-06,sh.600261,9.7300,9.8000,9.5500,9.7600,9.6900,228808,2214891.0000,3,0.572020,1,0.720000,2.017840,21.922699,2.483994,13.666476,0,0.7223942208462342
2004-01-07,sh.600261,9.8000,10.2500,9.6600,10.0100,9.7600,470204,4685131.0000,3,1.175510,1,2.560000,2.069526,22.484244,2.547621,14.016539,0,2.561475409836067
2004-01-08,sh.600261,10.0100,10.5500,9.5100,10.4900,10.0100,1050947,10718260.0000,3,2.627368,1,4.800000,2.168764,23.562410,2.669784,14.688661,0,4.7952047952048105
2004-01-09,sh.600261,10.3900,10.4800,10.1000,10.1600,10.4900,952400,9816937.0000,3,2.381000,1,-3.150000,2.100538,22.821171,2.585797,14.226577,0,-3.1458531935176337
2004-01-12,sh.600261,10.1200,10.3000,10.1200,10.2900,10.1600,364103,3718030.0000,3,0.910257,1,1.280000,2.127415,23.113174,2.618883,14.408610,0,1.2795275590551158
2004-01-13,sh.600261,10.4000,10.4500,10.1800,10.3100,10.2900,290040,2987180.0000,3,0.725100,1,0.190000,2.131550,23.158098,2.623973,14.436615,0,0.19436345966958868
2004-01-14,sh.600261,10.2000,10.4700,10.2000,10.3000,10.3100,118252,1216881.0000,3,0.295630,1,-0.100000,2.129483,23.135636,2.621428,14.422613,0,-0.09699321047526022
2004-01-15,sh.600261,10.3500,10.6900,10.2700,10.6800,10.3000,1630089,17062517.0000,3,4.075223,1,3.690000,2.208046,23.989183,2.718141,14.954709,0,3.689320388349504
2004-01-16,sh.600261,10.6300,11.0000,10.4800,10.6200,10.6800,2032666,21794671.0000,3,5.081665,1,-0.560000,2.195641,23.854413,2.702870,14.870694,0,-0.5617977528089901
2004-01-29,sh.600261,10.6500,11.2500,10.6500,11.1800,10.6200,1226054,13481063.0000,3,3.065135,1,5.270000,2.311419,25.112273,2.845394,15.654836,0,5.2730696798493515
2004-01-30,sh.600261,11.1600,11.1800,10.7500,10.8900,11.1800,1087420,11872322.0000,3,2.718550,1,-2.590000,2.251463,24.460881,2.771587,15.248762,0,-2.593917710196769
2004-02-02,sh.600261,10.9000,11.4700,10.8800,11.2600,10.8900,1465062,16333213.0000,3,3.662655,1,3.400000,2.327959,25.291967,2.865755,15.766856,0,3.397612488521573
2004-02-03,sh.600261,11.1700,11.3800,11.0000,11.3200,11.2600,874380,9815867.0000,3,2.185950,1,0.530000,2.340363,25.426738,2.881026,15.850871,0,0.5328596802842034
2004-02-04,sh.600261,11.3200,11.3200,10.9800,11.1200,11.3200,1959618,21688806.0000,3,4.899045,1,-1.770000,2.299014,24.977502,2.830124,15.570821,0,-1.7667844522968323
2004-02-05,sh.600261,11.1200,11.2000,10.8800,11.0700,11.1200,993250,10916194.0000,3,2.483125,1,-0.450000,2.288677,24.865193,2.817399,15.500808,0,-0.4496402877697703
2004-02-06,sh.600261,11.0900,11.6500,11.0500,11.1000,11.0700,1023906,11640945.0000,3,2.559765,1,0.270000,2.294879,24.932578,2.825034,15.542816,0,0.27100271002709064
2004-02-09,sh.600261,11.2500,11.6500,11.2500,11.4500,11.1000,1146866,13147878.0000,3,2.867165,1,3.150000,2.367240,25.718741,2.914112,16.032904,0,3.153153153153143
2004-02-10,sh.600261,11.5000,11.5700,11.3400,11.4800,11.4500,443197,5055575.0000,3,1.107992,1,0.260000,2.373443,25.786126,2.921747,16.074912,0,0.26200873362447474
2004-02-11,sh.600261,11.4300,11.6800,11.4100,11.6400,11.4800,866369,10025433.0000,3,2.165923,1,1.390000,2.406522,26.145515,2.962468,16.298953,0,1.3937282229965264
2004-02-12,sh.600261,11.6500,11.7600,11.5300,11.5900,11.6400,534718,6220834.0000,3,1.336795,1,-0.430000,2.396185,26.033206,2.949743,16.228940,0,-0.4295532646048206
2004-02-13,sh.600261,11.6000,11.6000,11.2100,11.3500,11.5900,768500,8696165.0000,3,1.921250,1,-2.070000,2.346566,25.494123,2.888661,15.892879,0,-2.070750647109576
2004-02-16,sh.600261,11.4800,11.6700,11.2800,11.6400,11.3500,729737,8445641.0000,3,1.824342,1,2.560000,2.406522,26.145515,2.962468,16.298953,0,2.555066079295165
2004-02-17,sh.600261,11.6500,11.9700,11.6000,11.8000,11.6400,1076927,12744409.0000,3,2.692318,1,1.370000,2.439601,26.504903,3.003189,16.522993,0,1.3745704467353903
2004-02-18,sh.600261,12.0000,12.0000,11.5000,11.6200,11.8000,1375396,15923899.0000,3,3.438490,1,-1.530000,2.364676,28.093303,2.788476,-36.249517,0,-1.5254237288135686
2004-02-19,sh.600261,11.6200,11.7800,11.5100,11.5600,11.6200,928539,10753087.0000,3,2.321347,1,-0.520000,2.352466,27.948243,2.774078,-36.062342,0,-0.5163511187607495
2004-02-20,sh.600261,11.5500,11.5600,11.3200,11.4300,11.5600,773990,8818277.0000,3,1.934975,1,-1.120000,2.326011,27.633946,2.742881,-35.656797,0,-1.1245674740484546
2004-02-23,sh.600261,11.4400,11.7700,11.2000,11.3400,11.4300,723140,8365603.0000,3,1.807850,1,-0.790000,2.307696,27.416356,2.721284,-35.376035,0,-0.7874015748031482
2004-02-24,sh.600261,11.3400,11.4500,11.2200,11.4400,11.3400,423840,4794266.0000,3,1.059600,1,0.880000,2.328046,27.658123,2.745281,-35.687993,0,0.8818342151675429
2004-02-25,sh.600261,11.4400,11.5000,10.9600,11.0100,11.4400,451300,5066466.0000,3,1.128250,1,-3.760000,2.240541,26.618525,2.642093,-34.346574,0,-3.7587412587412605
2004-02-26,sh.600261,11.0100,11.0100,10.6900,10.8300,11.0100,458095,4941415.0000,3,1.145238,1,-1.630000,2.203911,26.183345,2.598898,-33.785049,0,-1.6348773841961872
2004-02-27,sh.600261,10.9600,10.9700,10.7200,10.9000,10.8300,354700,3854322.0000,3,0.886750,1,0.650000,2.218156,26.352582,2.615696,-34.003420,0,0.6463527239150446
2004-03-01,sh.600261,10.9200,11.0700,10.8300,11.0300,10.9000,256150,2807500.0000,3,0.640375,1,1.190000,2.244611,26.666879,2.646893,-34.408965,0,1.1926605504587018
2004-03-02,sh.600261,11.0500,11.0500,10.8900,11.0200,11.0300,301110,3293299.0000,3,0.752775,1,-0.090000,2.242576,26.642702,2.644493,-34.377769,0,-0.09066183136898776
2004-03-03,sh.600261,11.0200,11.2500,10.8000,11.0200,11.0200,816968,9038145.0000,3,2.042420,1,0.000000,2.242576,26.642702,2.644493,-34.377769,0,0.0
2004-03-04,sh.600261,11.0800,11.4900,11.0200,11.3900,11.0200,2649719,29791354.0000,3,6.624297,1,3.360000,2.317871,27.537239,2.733283,-35.532014,0,3.3575317604355837
2004-03-05,sh.600261,11.3900,11.5200,11.2300,11.4900,11.3900,1703722,19377023.0000,3,4.259305,1,0.880000,2.338221,27.779006,2.757280,-35.843972,0,0.8779631255487308
2004-03-08,sh.600261,11.3900,11.7500,11.3500,11.3700,11.4900,1306700,15012720.0000,3,3.266750,1,-1.040000,2.313801,27.488886,2.728483,-35.469622,0,-1.0443864229765065
2004-03-09,sh.600261,11.3600,11.4800,10.8800,10.9300,11.3700,597641,6638512.0000,3,1.494103,1,-3.870000,2.224261,26.425112,2.622895,-34.097007,0,-3.8698328935795945
2004-03-10,sh.600261,10.9300,11.2500,10.8800,11.0000,10.9300,1496500,16566499.0000,3,3.741250,1,0.640000,2.238506,26.594349,2.639693,-34.315378,0,0.6404391582799596
2004-03-11,sh.600261,11.0200,11.1700,11.0000,11.1100,11.0000,748220,8299936.0000,3,1.870550,1,1.000000,2.260891,26.860292,2.666090,-34.658532,0,1.0000000000000009
2004-03-12,sh.600261,11.1100,11.1500,10.9600,11.0000,11.1100,263800,2909030.0000,3,0.659500,1,-0.990000,2.238506,26.594349,2.639693,-34.315378,0,-0.9900990099009799
2004-03-15,sh.600261,11.0900,11.3400,11.0500,11.3200,11.0000,600226,6746049.0000,3,1.500565,1,2.910000,2.303626,27.368002,2.716485,-35.313643,0,2.9090909090909056
2004-03-16,sh.600261,11.3300,11.4000,11.2200,11.3000,11.3200,407550,4595117.0000,3,1.018875,1,-0.180000,2.299556,27.319649,2.711685,-35.251252,0,-0.17667844522968323
2004-03-17,sh.600261,11.3000,11.3500,11.2000,11.3000,11.3000,362150,4074337.0000,3,0.905375,1,0.000000,2.299556,27.319649,2.711685,-35.251252,0,0.0
2004-03-18,sh.600261,11.3000,11.5000,11.2900,11.3900,11.3000,847080,9651663.0000,3,2.117700,1,0.800000,2.317871,27.537239,2.733283,-35.532014,0,0.7964601769911539
2004-03-19,sh.600261,11.3900,11.5000,11.3300,11.5000,11.3900,746872,8541936.0000,3,1.867180,1,0.970000,2.340256,27.803183,2.759680,-35.875168,0,0.9657594381035972
2004-03-22,sh.600261,11.5800,11.7800,11.5300,11.6100,11.5000,1144647,13358864.0000,3,2.861617,1,0.960000,2.362641,28.069126,2.786076,-36.218321,0,0.9565217391304337
2004-03-23,sh.600261,11.6800,11.6800,11.3400,11.4400,11.6100,601000,6871035.0000,3,1.502500,1,-1.460000,2.328046,27.658123,2.745281,-35.687993,0,-1.464254952627042
2004-03-24,sh.600261,11.4400,11.6300,11.3900,11.5700,11.4400,786674,9041059.0000,3,1.966685,1,1.140000,2.354501,27.972419,2.776478,-36.093538,0,1.1363636363636465
2004-03-25,sh.600261,11.5600,11.6000,11.3500,11.4700,11.5700,265600,3035349.0000,3,0.664000,1,-0.860000,2.334151,27.730653,2.752480,-35.781580,0,-0.8643042350907515
2004-03-26,sh.600261,11.5300,11.5300,11.2600,11.3300,11.4700,659628,7454487.0000,3,1.649070,1,-1.220000,2.305661,27.392179,2.718884,-35.344839,0,-1.2205754141238034
2004-03-29,sh.600261,11.5300,11.5300,11.3100,11.3600,11.3300,511267,5827335.0000,3,1.278167,1,0.260000,2.311766,27.464709,2.726083,-35.438426,0,0.26478375992937675
2004-03-30,sh.600261,11.4500,11.5300,11.3200,11.5000,11.3600,451076,5159668.0000,3,1.127690,1,1.230000,2.340256,27.803183,2.759680,-35.875168,0,1.232394366197198
2004-03-31,sh.600261,11.5000,11.7400,11.4400,11.6700,11.5000,614477,7157743.0000,3,1.536193,1,1.480000,2.374851,28.214186,2.800475,-36.405496,0,1.4782608695652177
2004-04-01,sh.600261,11.7000,11.7300,11.6000,11.6700,11.6700,429208,5004677.0000,3,1.073020,1,0.000000,2.374851,28.214186,2.800475,-36.405496,0,0.0
2004-04-02,sh.600261,11.7200,11.8700,11.6700,11.8700,11.6700,833012,9840697.0000,3,2.082530,1,1.710000,2.415551,28.697720,2.848469,-37.029412,0,1.7137960582690681
2004-04-05,sh.600261,11.9200,12.3000,11.9200,12.2400,11.8700,1425158,17246426.0000,3,3.562895,1,3.120000,2.490847,29.592257,2.937259,-38.183657,0,3.1171019376579734
2004-04-06,sh.600261,12.3000,12.3700,12.0000,12.2500,12.2400,559856,6822727.0000,3,1.399640,1,0.080000,2.492882,29.616434,2.939659,-38.214852,0,0.08169934640522847
2004-04-07,sh.600261,12.2500,12.3000,12.1500,12.1800,12.2500,551800,6746449.0000,3,1.379500,1,-0.570000,2.478637,29.447197,2.922861,-37.996482,0,-0.5714285714285783
2004-04-08,sh.600261,12.1600,12.2400,11.9100,11.9500,12.1800,850426,10230651.0000,3,2.126065,1,-1.890000,2.431831,28.891133,2.867667,-37.278979,0,-1.8883415435139606
2004-04-09,sh.600261,11.9800,12.3600,11.8000,11.8500,11.9500,1167017,14175247.0000,3,2.917543,1,-0.840000,2.411481,28.649367,2.843670,-36.967021,0,-0.8368200836820106
2004-04-12,sh.600261,11.8800,11.9200,11.6800,11.8500,11.8500,507445,5990228.0000,3,1.268612,1,0.000000,2.411481,28.649367,2.843670,-36.967021,0,0.0
2004-04-13,sh.600261,11.7000,12.0400,11.5400,11.6400,11.8500,520376,6103929.0000,3,1.300940,1,-1.770000,2.328691,26.417807,2.510778,-18.480950,0,-1.7721518987341645
2004-04-14,sh.600261,11.6100,11.6800,11.3800,11.4800,11.6400,477650,5507716.0000,3,1.194125,1,-1.370000,2.296682,26.054676,2.476266,-18.226917,0,-1.3745704467354014
2004-04-15,sh.600261,11.5000,11.5000,11.2800,11.3800,11.4800,292400,3330972.0000,3,0.731000,1,-0.870000,2.276676,25.827718,2.454695,-18.068146,0,-0.8710801393728151
2004-04-16,sh.600261,11.3600,11.4800,11.1300,11.4600,11.3800,298930,3380802.0000,3,0.747325,1,0.700000,2.292681,26.009284,2.471952,-18.195162,0,0.7029876977152849
2004-04-19,sh.600261,11.4100,11.4500,11.0500,11.1200,11.4600,212650,2388854.0000,3,0.531625,1,-2.970000,2.224660,25.237630,2.398613,-17.655341,0,-2.9668411867364908
2004-04-20,sh.600261,11.0100,11.1000,10.8600,11.0000,11.1200,328140,3599411.0000,3,0.820350,1,-1.080000,2.200653,24.965281,2.372728,-17.464816,0,-1.0791366906474753
2004-04-21,sh.600261,11.0000,11.2500,10.9600,11.0300,11.0000,109600,1211570.0000,3,0.274000,1,0.270000,2.206655,25.033369,2.379199,-17.512447,0,0.27272727272726893
2004-04-22,sh.600261,11.0300,11.2000,11.0200,11.1900,11.0300,135420,1502850.0000,3,0.338550,1,1.450000,2.238665,25.396500,2.413712,-17.766481,0,1.450589301903893
2004-04-23,sh.600261,11.1000,11.3000,10.8800,10.9000,11.1900,185725,2044575.0000,3,0.464312,1,-2.590000,2.180647,24.738324,2.351158,-17.306044,0,-2.5915996425379784
2004-04-26,sh.600261,10.9000,11.0700,10.8800,10.9700,10.9000,219479,2401479.0000,3,0.548697,1,0.640000,2.194651,24.897194,2.366257,-17.417184,0,0.6422018348623881
2004-04-27,sh.600261,10.9300,11.0600,10.9000,10.9500,10.9700,224177,2458311.0000,3,0.560442,1,-0.180000,2.190650,24.851803,2.361943,-17.385430,0,-0.1823154056517895
2004-04-28,sh.600261,10.9000,11.0200,10.8500,10.9300,10.9500,215619,2356721.0000,3,0.539048,1,-0.180000,2.186649,24.806412,2.357629,-17.353676,0,-0.18264840182647957
2004-04-29,sh.600261,11.0500,11.0500,10.4000,10.4600,10.9300,342900,3656938.0000,3,0.857250,1,-4.300000,2.092621,23.739713,2.256249,-16.607452,0,-4.3000914913083115
2004-04-30,sh.600261,10.5000,10.7000,10.2000,10.6000,10.4600,202900,2119289.0000,3,0.507250,1,1.340000,2.120630,24.057453,2.286447,-16.829731,0,1.338432122370925
2004-05-10,sh.600261,10.7000,10.7000,10.2600,10.4600,10.6000,160000,1653404.0000,3,0.400000,1,-1.320000,2.092621,23.739713,2.256249,-16.607452,0,-1.3207547169811207
2004-05-11,sh.600261,10.3600,10.5000,10.2800,10.3900,10.4600,64711,669717.0000,3,0.161777,1,-0.670000,2.078617,23.580843,2.241150,-16.496312,0,-0.6692160611854736
2004-05-12,sh.600261,10.4900,10.5500,10.2500,10.5400,10.3900,188029,1965932.0000,3,0.470073,1,1.440000,2.108626,23.921279,2.273505,-16.734469,0,1.443695861405181
2004-05-13,sh.600261,10.5900,10.5900,10.3400,10.4900,10.5400,99100,1032018.0000,3,0.247750,1,-0.470000,2.098623,23.807800,2.262720,-16.655083,0,-0.4743833017077703
2004-05-14,sh.600261,10.5400,10.5400,10.2000,10.2600,10.4900,110700,1139300.0000,3,0.276750,1,-2.190000,2.052609,23.285799,2.213108,-16.289910,0,-2.192564346997139
2004-05-17,sh.600261,10.2400,10.4000,10.1800,10.2100,10.2600,71500,731869.0000,3,0.178750,1,-0.490000,2.042606,23.172320,2.202323,-16.210524,0,-0.4873294346978474
2004-05-18,sh.600261,10.4000,10.4000,9.9800,10.2400,10.2100,315900,3186649.0000,3,0.789750,1,0.290000,2.048608,23.240407,2.208794,-16.258156,0,0.2938295788442735
2004-05-19,sh.600261,10.2500,10.3400,10.1600,10.2300,10.2400,146400,1504838.0000,3,0.366000,1,-0.100000,2.046608,23.217712,2.206637,-16.242278,0,-0.09765625
2004-05-20,sh.600261,10.2300,10.3100,10.0000,10.1400,10.2300,204070,2062251.0000,3,0.510175,1,-0.880000,2.028602,23.013450,2.187224,-16.099384,0,-0.8797653958944274
2004-05-21,sh.600261,10.2300,10.2300,10.0500,10.1100,10.1400,132640,1344464.0000,3,0.331600,1,-0.300000,2.022600,22.945363,2.180753,-16.051753,0,-0.2958579881656931
2004-05-24,sh.600261,10.2000,10.2000,10.0200,10.1700,10.1100,121586,1228989.0000,3,0.303965,1,0.590000,2.034604,23.081538,2.193695,-16.147016,0,0.5934718100890191
2004-05-25,sh.600261,10.1500,10.1800,9.8800,9.9600,10.1700,267326,2665954.0000,3,0.668315,1,-2.060000,1.992591,22.604928,2.148398,-15.813597,0,-2.0648967551622377
2004-05-26,sh.600261,9.9600,10.0200,9.5800,9.7000,9.9600,202520,1977472.0000,3,0.506300,1,-2.610000,1.940576,22.014839,2.092315,-15.400792,0,-2.6104417670682833
2004-05-27,sh.600261,9.6800,9.9900,9.6700,9.9200,9.7000,402433,3937914.0000,3,1.006082,1,2.270000,1.984589,22.514145,2.139770,-15.750088,0,2.268041237113416
2004-05-28,sh.600261,9.9800,10.1000,9.8900,9.8900,9.9200,154350,1541815.0000,3,0.385875,1,-0.300000,1.978587,22.446058,2.133299,-15.702457,0,-0.3024193548387011
2004-05-31,sh.600261,9.9800,10.2300,9.9800,10.1500,9.8900,289946,2935716.0000,3,0.724865,1,2.630000,2.030603,23.036146,2.189381,-16.115262,0,2.628918099089983
2004-06-01,sh.600261,10.0900,10.4400,9.9900,10.3900,10.1500,241589,2475424.0000,3,0.603973,1,2.360000,2.078617,23.580843,2.241150,-16.496312,0,2.364532019704435
2004-06-02,sh.600261,10.4000,10.4600,10.2500,10.2900,10.3900,233050,2405491.0000,3,0.582625,1,-0.960000,2.058611,23.353886,2.219580,-16.337541,0,-0.9624639076034835
2004-06-03,sh.600261,10.2800,10.3000,10.0300,10.0700,10.2900,173069,1749798.0000,3,0.432673,1,-2.140000,2.014598,22.854580,2.172125,-15.988245,0,-2.1379980563653977
2004-06-04,sh.600261,10.0700,10.1500,9.9800,10.0500,10.0700,143087,1435621.0000,3,0.357718,1,-0.200000,2.010597,22.809189,2.167811,-15.956491,0,-0.19860973187685316
2004-06-07,sh.600261,10.1000,10.1000,9.6900,9.8100,10.0500,216992,2123202.0000,3,0.542480,1,-2.390000,1.962583,22.264492,2.116042,-15.575440,0,-2.3880597014925398
2004-06-08,sh.600261,9.8100,9.8500,9.7000,9.7400,9.8100,96800,942725.0000,3,0.242000,1,-0.710000,1.948578,22.105622,2.100943,-15.464300,0,-0.7135575942915473
2004-06-09,sh.600261,9.7200,9.8000,9.4000,9.4300,9.7400,206400,1970796.0000,3,0.516000,1,-3.180000,1.886560,21.402055,2.034075,-14.972110,0,-3.1827515400410733
2004-06-10,sh.600261,9.4100,9.4900,9.2200,9.4200,9.4300,133600,1247546.0000,3,0.334000,1,-0.110000,1.884559,21.379359,2.031918,-14.956233,0,-0.10604453870625141
2004-06-11,sh.600261,9.4200,9.6600,9.3500,9.4500,9.4200,134800,1285722.0000,3,0.337000,1,0.320000,1.890561,21.447446,2.038389,-15.003864,0,0.31847133757960666
2004-06-14,sh.600261,9.4800,9.4800,9.0500,9.1600,9.4500,128100,1172018.0000,3,0.320250,1,-3.070000,1.832544,20.789271,1.975836,-14.543428,0,-3.0687830687830653
2004-06-15,sh.600261,9.0900,9.3200,9.0800,9.3000,9.1600,196610,1805470.0000,3,0.491525,1,1.530000,1.860552,21.107011,2.006034,-14.765708,0,1.5283842794759916
2004-06-16,sh.600261,9.2200,9.3900,9.1400,9.3400,9.3000,260270,2418166.0000,3,0.650675,1,0.430000,1.868555,21.197794,2.014662,-14.829216,0,0.4301075268817067
2004-06-17,sh.600261,9.3800,9.3900,9.0500,9.0900,9.3400,176500,1619761.0000,3,0.441250,1,-2.680000,1.818540,20.630401,1.960736,-14.432288,0,-2.676659528907921
2004-06-18,sh.600261,9.1000,9.1000,8.9200,9.0700,9.0900,160680,1442869.0000,3,0.401700,1,-0.220000,1.814539,20.585009,1.956422,-14.400534,0,-0.22002200220021528
2004-06-21,sh.600261,9.0100,9.1800,8.9500,9.1700,9.0700,165610,1506584.0000,3,0.414025,1,1.100000,1.834545,20.811966,1.977993,-14.559305,0,1.1025358324145529
2004-06-22,sh.600261,9.2000,9.4900,9.1500,9.3900,9.1700,332800,3117758.0000,3,0.832000,1,2.400000,1.878558,21.311272,2.025447,-14.908602,0,2.399127589967298
2004-06-23,sh.600261,9.3200,9.3700,9.1000,9.2300,9.3900,133010,1219701.0000,3,0.332525,1,-1.700000,1.846548,20.948141,1.990935,-14.654568,0,-1.7039403620873306
2004-06-24,sh.600261,9.3000,9.4500,9.2500,9.4000,9.2300,218184,2043323.0000,3,0.545460,1,1.840000,1.880558,21.333968,2.027604,-14.924479,0,1.8418201516793076
2004-06-25,sh.600261,9.4000,9.4500,8.9700,8.9800,9.4000,218100,1989769.0000,3,0.545250,1,-4.470000,1.796533,20.380748,1.937009,-14.257640,0,-4.468085106382979
2004-06-28,sh.600261,8.8800,8.9900,8.6100,8.6500,8.9800,227360,1999705.0000,3,0.568400,1,-3.670000,1.730514,19.631790,1.865827,-13.733696,0,-3.674832962138086
2004-06-29,sh.600261,8.6200,8.8600,8.5000,8.7300,8.6500,302975,2601716.0000,3,0.757437,1,0.920000,1.746518,19.813355,1.883084,-13.860713,0,0.9248554913294793
2004-06-30,sh.600261,8.7300,8.7300,8.7300,8.7300,8.7300,0,0.0000,3,,0,0.000000,1.746518,19.813355,1.883084,-13.860713,0,0.0
2004-07-01,sh.600261,8.5500,8.8800,8.3300,8.8000,8.7300,356845,3118954.0000,3,0.892112,1,0.800000,1.760523,19.972225,1.898183,-13.971852,0,0.8018327605956443
2004-07-02,sh.600261,8.8000,8.8000,8.6100,8.7000,8.8000,140900,1225842.0000,3,0.352250,1,-1.140000,1.740517,19.745268,1.876612,-13.813081,0,-1.1363636363636576
2004-07-05,sh.600261,8.6500,8.6500,8.5500,8.6200,8.7000,112600,967820.0000,3,0.281500,1,-0.920000,1.724512,19.563702,1.859356,-13.686065,0,-0.919540229885063
2004-07-06,sh.600261,8.6200,8.7900,8.6000,8.7500,8.6200,181408,1586841.0000,3,0.453520,1,1.510000,1.750520,19.858747,1.887398,-13.892467,0,1.5081206496519783
2004-07-07,sh.600261,8.8000,8.8100,8.6500,8.7000,8.7500,71867,625546.0000,3,0.179668,1,-0.570000,1.740517,19.745268,1.876612,-13.813081,0,-0.5714285714285783
2004-07-08,sh.600261,8.7000,8.8000,8.6000,8.8000,8.7000,56313,491801.0000,3,0.140783,1,1.150000,1.760523,19.972225,1.898183,-13.971852,0,1.1494252873563315
2004-07-09,sh.600261,8.8000,8.9000,8.7500,8.8100,8.8000,77500,684671.0000,3,0.193750,1,0.110000,1.762523,19.994921,1.900340,-13.987730,0,0.11363636363637131
2004-07-12,sh.600261,8.6500,8.6600,8.4500,8.4900,8.8100,143700,1224537.0000,3,0.359250,1,-3.630000,1.698504,19.268658,1.831315,-13.479662,0,-3.6322360953461974
2004-07-13,sh.600261,8.4200,8.5000,8.3500,8.4200,8.4900,83550,704422.0000,3,0.208875,1,-0.820000,1.684500,19.109788,1.816216,-13.368522,0,-0.8244994110718551
2004-07-14,sh.600261,8.4800,8.4800,7.9000,8.1000,8.4200,355630,2878712.0000,3,0.889075,1,-3.800000,1.620481,18.383525,1.747191,-12.860455,0,-3.8004750593824244
2004-07-15,sh.600261,8.0200,8.1500,7.9200,8.0000,8.1000,284036,2268851.0000,3,0.710090,1,-1.230000,1.600475,18.156568,1.725621,-12.701684,0,-1.2345679012345623
2004-07-16,sh.600261,8.0000,8.3600,8.0000,8.3300,8.0000,284170,2330965.0000,3,0.710425,1,4.130000,1.666495,18.905527,1.796803,-13.225628,0,4.125000000000001
2004-07-19,sh.600261,8.3300,8.7600,8.2600,8.6000,8.3300,330068,2816339.0000,3,0.825170,1,3.240000,1.720511,19.518311,1.855042,-13.654310,0,3.2412965186074283
2004-07-20,sh.600261,8.6000,8.6000,8.3800,8.4000,8.6000,219317,1845227.0000,3,0.548292,1,-2.330000,1.680499,19.064397,1.811902,-13.336768,0,-2.3255813953488302
2004-07-21,sh.600261,8.3900,8.4100,8.3100,8.3500,8.4000,108217,904520.0000,3,0.270543,1,-0.600000,1.670496,18.950918,1.801117,-13.257383,0,-0.5952380952381042
2004-07-22,sh.600261,8.3300,8.3900,7.9600,8.1000,8.3500,223099,1806141.0000,3,0.557748,1,-2.990000,1.620481,18.383525,1.747191,-12.860455,0,-2.9940119760479056
2004-07-23,sh.600261,8.1000,8.1000,7.9800,8.0400,8.1000,154000,1232413.0000,3,0.385000,1,-0.740000,1.608477,18.247351,1.734249,-12.765192,0,-0.7407407407407418
2004-07-26,sh.600261,8.0400,8.0400,7.9000,7.9400,8.0400,104800,834304.0000,3,0.262000,1,-1.240000,1.588472,18.020394,1.712679,-12.606421,0,-1.243781094527352
2004-07-27,sh.600261,7.9900,8.0500,7.8700,7.9500,7.9400,163100,1301165.0000,3,0.407750,1,0.130000,1.590472,18.043090,1.714836,-12.622298,0,0.12594458438286438
2004-07-28,sh.600261,7.9700,8.1000,7.9000,8.0800,7.9500,62500,501229.0000,3,0.156250,1,1.640000,1.616480,18.338134,1.742877,-12.828701,0,1.6352201257861632
2004-07-29,sh.600261,8.0100,8.2300,8.0100,8.2300,8.0800,136600,1109668.0000,3,0.341500,1,1.860000,1.646489,18.678570,1.775232,-13.066857,0,1.8564356435643692
2004-07-30,sh.600261,8.1800,8.4700,8.1700,8.2600,8.2300,500165,4188419.0000,3,1.250412,1,0.360000,1.652491,18.746657,1.781703,-13.114489,0,0.36452004860265674
2004-08-02,sh.600261,8.1000,8.3500,8.1000,8.1300,8.2600,144424,1190957.0000,3,0.361060,1,-1.570000,1.626483,18.451613,1.753662,-12.908086,0,-1.5738498789346078
2004-08-03,sh.600261,8.0700,8.2400,8.0700,8.1900,8.1300,44915,366633.0000,3,0.112287,1,0.740000,1.638486,18.587787,1.766604,-13.003349,0,0.7380073800737907
2004-08-04,sh.600261,8.1500,8.5800,8.1500,8.4600,8.1900,270550,2280079.0000,3,0.676375,1,3.300000,1.692502,19.200571,1.824844,-13.432031,0,3.296703296703307
2004-08-05,sh.600261,8.3300,8.5100,8.3300,8.4400,8.4600,217590,1837202.0000,3,0.543975,1,-0.240000,1.688501,19.155180,1.820530,-13.400277,0,-0.23640661938535423
2004-08-06,sh.600261,8.4800,8.5800,8.3900,8.4200,8.4400,114800,972550.0000,3,0.287000,1,-0.240000,1.684500,19.109788,1.816216,-13.368522,0,-0.23696682464454666
2004-08-09,sh.600261,8.4200,8.4200,8.3000,8.3500,8.4200,59500,496889.0000,3,0.148750,1,-0.830000,1.670496,18.950918,1.801117,-13.257383,0,-0.8313539192399078
2004-08-10,sh.600261,8.3100,8.4400,8.3100,8.3600,8.3500,46453,388586.0000,3,0.116132,1,0.120000,1.672496,18.973614,1.803274,-13.273260,0,0.11976047904191933
2004-08-11,sh.600261,8.3800,8.3800,8.2000,8.2200,8.3600,72600,602367.0000,3,0.181500,1,-1.670000,1.644488,18.655874,1.773075,-13.050980,0,-1.6746411483253398
2004-08-12,sh.600261,8.1500,8.1500,8.0100,8.1200,8.2200,85280,686658.0000,3,0.213200,1,-1.220000,1.624482,18.428917,1.751505,-12.892209,0,-1.2165450121654708
2004-08-13,sh.600261,8.0100,8.1800,8.0100,8.1300,8.1200,54950,443936.0000,3,0.137375,1,0.120000,1.626483,18.451613,1.753662,-12.908086,0,0.12315270935963074
2004-08-16,sh.600261,8.2700,8.2700,7.8900,8.0900,8.1300,101554,808732.0000,3,0.253885,1,-0.490000,1.618480,18.360830,1.745034,-12.844578,0,-0.49200492004921603
2004-08-17,sh.600261,8.0900,8.2000,8.0000,8.0600,8.0900,40700,328646.0000,3,0.101750,1,-0.370000,1.612479,18.292743,1.738563,-12.796947,0,-0.3708281829418958
2004-08-18,sh.600261,8.0700,8.1500,7.9800,8.0000,8.0600,40500,327001.0000,3,0.101250,1,-0.740000,1.600475,18.156568,1.725621,-12.701684,0,-0.7444168734491385
2004-08-19,sh.600261,7.9800,8.0000,7.7800,7.9000,8.0000,102511,804966.0000,3,0.256278,1,-1.250000,1.580469,17.929611,1.704050,-12.542913,0,-1.2499999999999956
2004-08-20,sh.600261,7.9000,7.9000,7.6900,7.7600,7.9000,119825,931399.0000,3,0.299563,1,-1.770000,1.552461,17.611871,1.673852,-12.320634,0,-1.7721518987341867
2004-08-23,sh.600261,7.9000,8.0900,7.8600,7.9800,7.7600,177420,1410946.0000,3,0.443550,1,2.840000,1.556814,16.957923,1.559274,25.642472,0,2.8350515463917647
2004-08-24,sh.600261,7.9700,8.1500,7.8200,8.1400,7.9800,199619,1603439.0000,3,0.499048,1,2.010000,1.588029,17.297932,1.590538,26.156607,0,2.0050125313283207
2004-08-25,sh.600261,8.1000,8.1800,8.0000,8.0800,8.1400,91900,740426.0000,3,0.229750,1,-0.740000,1.576323,17.170429,1.578814,25.963807,0,-0.7371007371007376
2004-08-26,sh.600261,8.0800,8.0800,7.9600,7.9600,8.0800,68600,549080.0000,3,0.171500,1,-1.490000,1.552912,16.915422,1.555366,25.578205,0,-1.4851485148514865
2004-08-27,sh.600261,7.9300,8.0200,7.7600,7.8600,7.9600,215000,1684395.0000,3,0.537500,1,-1.260000,1.533404,16.702917,1.535827,25.256871,0,-1.2562814070351758
2004-08-30,sh.600261,7.7800,7.9600,7.7000,7.9400,7.8600,79748,624493.0000,3,0.199370,1,1.020000,1.549011,16.872921,1.551458,25.513939,0,1.0178117048346147
2004-08-31,sh.600261,8.0300,8.2400,8.0300,8.1000,7.9400,183900,1493830.0000,3,0.459750,1,2.020000,1.580225,17.212930,1.582722,26.028073,0,2.015113350125941
2004-09-01,sh.600261,8.1000,8.1000,7.9000,7.9800,8.1000,59900,477680.0000,3,0.149750,1,-1.480000,1.556814,16.957923,1.559274,25.642472,0,-1.4814814814814725
2004-09-02,sh.600261,7.9700,8.3500,7.8800,8.2200,7.9800,196485,1593410.0000,3,0.491212,1,3.010000,1.603636,17.467936,1.606170,26.413674,0,3.007518796992481
2004-09-03,sh.600261,8.2100,8.2400,8.1400,8.1800,8.2200,93200,764235.0000,3,0.233000,1,-0.490000,1.595832,17.382934,1.598354,26.285141,0,-0.48661800486619056
2004-09-06,sh.600261,8.1800,8.3200,8.1500,8.2300,8.1800,77700,639596.0000,3,0.194250,1,0.610000,1.605587,17.489187,1.608124,26.445808,0,0.6112469437652868
2004-09-07,sh.600261,8.2600,8.2600,8.1300,8.1700,8.2300,39200,320324.0000,3,0.098000,1,-0.730000,1.593881,17.361683,1.596400,26.253007,0,-0.7290400972053468
2004-09-08,sh.600261,8.1800,8.2200,8.1200,8.1600,8.1700,61100,498689.0000,3,0.152750,1,-0.120000,1.591930,17.340433,1.594446,26.220874,0,-0.1223990208078285
2004-09-09,sh.600261,8.1500,8.1500,7.9800,8.0300,8.1600,83150,668739.0000,3,0.207875,1,-1.590000,1.566569,17.064176,1.569044,25.803139,0,-1.5931372549019662
2004-09-10,sh.600261,7.9800,8.1000,7.9700,8.0600,8.0300,44600,357493.0000,3,0.111500,1,0.370000,1.572421,17.127928,1.574906,25.899540,0,0.37359900373601374
2004-09-13,sh.600261,7.9600,8.0000,7.8000,7.8800,8.0600,94600,746783.0000,3,0.236500,1,-2.230000,1.537305,16.745418,1.539735,25.321138,0,-2.2332506203474045
2004-09-14,sh.600261,7.8800,8.1500,7.8800,8.1400,7.8800,125835,1015327.0000,3,0.314587,1,3.300000,1.588029,17.297932,1.590538,26.156607,0,3.2994923857868175
2004-09-15,sh.600261,8.1900,8.6800,8.1800,8.5300,8.1400,448253,3810310.0000,3,1.120632,1,4.790000,1.664114,18.126702,1.666743,27.409811,0,4.7911547911547725
2004-09-16,sh.600261,8.5900,8.5900,8.4400,8.5600,8.5300,287269,2446574.0000,3,0.718172,1,0.350000,1.669966,18.190454,1.672605,27.506211,0,0.3516998827667095
2004-09-17,sh.600261,8.5600,9.0000,8.5600,8.8300,8.5600,474994,4165135.0000,3,1.187485,1,3.150000,1.722640,18.764218,1.725363,28.373813,0,3.1542056074766345
2004-09-20,sh.600261,8.8800,9.1900,8.8100,9.1500,8.8300,1186755,10723810.0000,3,2.966887,1,3.620000,1.785069,19.444235,1.787890,29.402083,0,3.624009060022648
2004-09-21,sh.600261,9.1500,9.2500,8.9400,9.1000,9.1500,608908,5556646.0000,3,1.522270,1,-0.550000,1.775315,19.337983,1.778120,29.241416,0,-0.5464480874317057
2004-09-22,sh.600261,9.0800,9.1000,8.8000,8.8400,9.1000,413800,3683537.0000,3,1.034500,1,-2.860000,1.724591,18.785469,1.727317,28.405947,0,-2.857142857142858
2004-09-23,sh.600261,8.7500,9.0800,8.6300,9.0700,8.8400,398932,3538369.0000,3,0.997330,1,2.600000,1.769462,19.274231,1.772258,29.145016,0,2.601809954751144
2004-09-24,sh.600261,9.0800,9.1900,8.8200,8.8400,9.0700,618140,5605461.0000,3,1.545350,1,-2.540000,1.724591,18.785469,1.727317,28.405947,0,-2.535832414553474
2004-09-27,sh.600261,8.8400,8.8400,8.8400,8.8400,8.8400,0,0.0000,3,,0,0.000000,1.724591,18.785469,1.727317,28.405947,0,0.0
2004-09-28,sh.600261,8.7900,8.9400,8.7000,8.8500,8.8400,315899,2790444.0000,3,0.789747,1,0.110000,1.726542,18.806719,1.729270,28.438080,0,0.11312217194570096
2004-09-29,sh.600261,8.8500,8.9000,8.5800,8.6000,8.8500,364500,3169681.0000,3,0.911250,1,-2.820000,1.677770,18.275456,1.680421,27.634745,0,-2.824858757062143
2004-09-30,sh.600261,8.5600,8.7300,8.5200,8.6000,8.6000,279241,2403554.0000,3,0.698102,1,0.000000,1.677770,18.275456,1.680421,27.634745,0,0.0
2004-10-08,sh.600261,8.6000,8.9800,8.6000,8.9600,8.6000,207574,1828123.0000,3,0.518935,1,4.190000,1.748002,19.040475,1.750764,28.791548,0,4.186046511627928
2004-10-11,sh.600261,8.9900,9.5500,8.9600,9.4200,8.9600,1144795,10687416.0000,3,2.861988,1,5.130000,1.837743,20.018000,1.840647,30.269685,0,5.133928571428559
2004-10-12,sh.600261,9.3100,9.6600,9.2500,9.3000,9.4200,697370,6564534.0000,3,1.743425,1,-1.270000,1.814332,19.762993,1.817200,29.884084,0,-1.27388535031846
2004-10-13,sh.600261,9.2400,9.4100,9.1800,9.4100,9.3000,445812,4151939.0000,3,1.114530,1,1.180000,1.835792,19.996749,1.838693,30.237552,0,1.1827956989247213
2004-10-14,sh.600261,9.4100,9.5000,8.7800,8.7900,9.4100,682955,6261761.0000,3,1.707387,1,-6.590000,1.714837,18.679216,1.717547,28.245280,0,-6.588735387885237
2004-10-15,sh.600261,8.6100,8.8600,8.6000,8.8300,8.7900,202271,1775851.0000,3,0.505678,1,0.460000,1.722640,18.764218,1.725363,28.373813,0,0.4550625711035483
2004-10-18,sh.600261,8.8000,8.9500,8.7500,8.9000,8.8300,158715,1405070.0000,3,0.396788,1,0.790000,1.736297,18.912972,1.739040,28.598747,0,0.7927519818799578
2004-10-19,sh.600261,8.9500,9.1000,8.7600,8.7800,8.9000,122100,1092833.0000,3,0.305250,1,-1.350000,1.712886,18.657966,1.715593,28.213146,0,-1.3483146067415852
2004-10-20,sh.600261,8.8000,8.9500,8.4900,8.6200,8.7800,198145,1696732.0000,3,0.495362,1,-1.820000,1.681672,18.317957,1.684329,27.699011,0,-1.8223234624145768
2004-10-21,sh.600261,8.6300,8.8600,8.6100,8.6600,8.6200,234920,2044725.0000,3,0.587300,1,0.460000,1.689475,18.402959,1.692145,27.827545,0,0.46403712296985145
2004-10-22,sh.600261,8.6500,8.8300,8.5100,8.8100,8.6600,140970,1226708.0000,3,0.352425,1,1.730000,1.718739,18.721717,1.721455,28.309547,0,1.7321016166281789
2004-10-25,sh.600261,8.8500,9.0500,8.8000,8.9500,8.8100,327079,2915883.0000,3,0.817697,1,1.590000,1.746051,19.019225,1.748810,28.759414,0,1.5891032917139558
2004-10-26,sh.600261,9.1200,9.2700,8.9900,9.1500,8.9500,974545,8888809.0000,3,2.436362,1,2.230000,1.705805,20.134927,1.668480,5.193963,0,2.2346368715083997
2004-10-27,sh.600261,9.2300,9.3700,9.1500,9.3000,9.1500,1623605,14995243.0000,3,4.059012,1,1.640000,1.733769,20.465008,1.695832,5.279110,0,1.6393442622950838
2004-10-28,sh.600261,9.3000,9.3400,8.9500,9.0200,9.3000,907074,8318639.0000,3,2.267685,1,-3.010000,1.681569,19.848857,1.644775,5.120169,0,-3.010752688172058
2004-10-29,sh.600261,8.8600,9.0700,8.6100,8.9300,9.0200,543008,4849312.0000,3,1.357520,1,-1.000000,1.664791,19.650808,1.628364,5.069081,0,-0.9977827050997812
2004-11-01,sh.600261,8.8000,9.0500,8.8000,8.8500,8.9300,175773,1566172.0000,3,0.439433,1,-0.900000,1.649877,19.474765,1.613776,5.023670,0,-0.895856662933936
2004-11-02,sh.600261,8.8000,8.9400,8.7500,8.8900,8.8500,162532,1437067.0000,3,0.406330,1,0.450000,1.657334,19.562787,1.621070,5.046375,0,0.4519774011299438
2004-11-03,sh.600261,8.9000,9.2000,8.9000,9.1800,8.8900,391062,3553769.0000,3,0.977655,1,3.260000,1.711398,20.200943,1.673951,5.210993,0,3.2620922384701823
2004-11-04,sh.600261,9.2000,9.3500,8.9800,9.0800,9.1800,852992,7840384.0000,3,2.132480,1,-1.090000,1.692755,19.980889,1.655716,5.154228,0,-1.0893246187363759
2004-11-05,sh.600261,9.1600,9.3300,9.0900,9.2900,9.0800,611489,5638406.0000,3,1.528722,1,2.310000,1.731905,20.443002,1.694009,5.273434,0,2.312775330396466
2004-11-08,sh.600261,9.3600,9.3800,9.1600,9.2800,9.2900,377544,3486683.0000,3,0.943860,1,-0.110000,1.730040,20.420997,1.692185,5.267757,0,-0.10764262648008671
2004-11-09,sh.600261,9.2600,9.3000,9.1300,9.2600,9.2800,270429,2495855.0000,3,0.676073,1,-0.220000,1.726312,20.376986,1.688538,5.256405,0,-0.21551724137930384
2004-11-10,sh.600261,9.2500,9.6700,9.1800,9.5900,9.2600,1177896,11176285.0000,3,2.944740,1,3.560000,1.787833,21.103164,1.748713,5.443728,0,3.5637149028077797
2004-11-11,sh.600261,9.5900,9.6800,9.4000,9.4500,9.5900,1047583,9997899.0000,3,2.618958,1,-1.460000,1.761733,20.795088,1.723184,5.364257,0,-1.4598540145985495
2004-11-12,sh.600261,9.4500,9.5200,9.3600,9.4700,9.4500,390677,3683073.0000,3,0.976692,1,0.210000,1.765462,20.839099,1.726831,5.375610,0,0.2116402116402183
2004-11-15,sh.600261,9.5700,9.5700,9.4100,9.5200,9.4700,308750,2932522.0000,3,0.771875,1,0.530000,1.774783,20.949126,1.735949,5.403993,0,0.5279831045406524
2004-11-16,sh.600261,9.5800,9.6300,9.3500,9.4100,9.5200,478713,4538680.0000,3,1.196782,1,-1.160000,1.754276,20.707067,1.715891,5.341551,0,-1.1554621848739455
2004-11-17,sh.600261,9.3800,9.4700,9.3300,9.4500,9.4100,407335,3829526.0000,3,1.018337,1,0.430000,1.761733,20.795088,1.723184,5.364257,0,0.4250797024442088
2004-11-18,sh.600261,9.4600,9.5800,9.3700,9.5200,9.4500,306997,2906349.0000,3,0.767493,1,0.740000,1.774783,20.949126,1.735949,5.403993,0,0.7407407407407529
2004-11-19,sh.600261,9.5600,9.7200,9.5000,9.7100,9.5200,548107,5269710.0000,3,1.370267,1,2.000000,1.810204,21.367228,1.770595,5.511845,0,1.9957983193277462
2004-11-22,sh.600261,9.7500,9.8200,9.6700,9.7200,9.7100,493450,4817865.0000,3,1.233625,1,0.100000,1.812068,21.389234,1.772418,5.517522,0,0.1029866117404632
2004-11-23,sh.600261,9.7200,9.7500,9.6000,9.6600,9.7200,334154,3222910.0000,3,0.835385,1,-0.620000,1.800883,21.257202,1.761477,5.483463,0,-0.6172839506172867
2004-11-24,sh.600261,9.6200,9.6600,9.4200,9.4300,9.6600,412900,3936066.0000,3,1.032250,1,-2.380000,1.758004,20.751078,1.719537,5.352904,0,-2.3809523809523836
2004-11-25,sh.600261,9.4300,9.6500,9.3400,9.6100,9.4300,276431,2612832.0000,3,0.691078,1,1.910000,1.791561,21.147175,1.752360,5.455081,0,1.9088016967126142
2004-11-26,sh.600261,9.4800,9.6100,9.4800,9.5000,9.6100,78209,744414.0000,3,0.195523,1,-1.140000,1.771054,20.905115,1.732302,5.392640,0,-1.144640998959412
2004-11-29,sh.600261,9.4700,9.6000,9.3500,9.5500,9.5000,325177,3057087.0000,3,0.812942,1,0.530000,1.780376,21.015142,1.741419,5.421022,0,0.5263157894736858
2004-11-30,sh.600261,9.5500,9.5500,9.4000,9.5400,9.5500,150499,1425866.0000,3,0.376248,1,-0.100000,1.778511,20.993137,1.739596,5.415345,0,-0.10471204188483574
2004-12-01,sh.600261,9.6000,9.6000,9.4000,9.4800,9.5400,72819,687140.0000,3,0.182048,1,-0.630000,1.767326,20.861105,1.728655,5.381287,0,-0.6289308176100517
2004-12-02,sh.600261,9.4100,9.5400,9.4000,9.4800,9.4800,112240,1058012.0000,3,0.280600,1,0.000000,1.767326,20.861105,1.728655,5.381287,0,0.0
2004-12-03,sh.600261,9.5400,9.5700,9.4200,9.4600,9.4800,119800,1138329.0000,3,0.299500,1,-0.210000,1.763597,20.817094,1.725008,5.369934,0,-0.21097046413501852
2004-12-06,sh.600261,9.4900,9.4900,9.2800,9.4700,9.4600,410451,3843187.0000,3,1.026128,1,0.110000,1.765462,20.839099,1.726831,5.375610,0,0.10570824524311906
2004-12-07,sh.600261,9.5800,9.5800,9.3300,9.4300,9.4700,122861,1160559.0000,3,0.307152,1,-0.420000,1.758004,20.751078,1.719537,5.352904,0,-0.42238648363253084
2004-12-08,sh.600261,9.4500,9.4800,9.3000,9.4000,9.4300,98500,922863.0000,3,0.246250,1,-0.320000,1.752412,20.685062,1.714067,5.335875,0,-0.31813361611876534
2004-12-09,sh.600261,9.3300,9.5500,9.3300,9.4300,9.4000,252691,2397026.0000,3,0.631727,1,0.320000,1.758004,20.751078,1.719537,5.352904,0,0.31914893617019935
2004-12-10,sh.600261,9.3700,9.3800,9.1600,9.1800,9.4300,390471,3611333.0000,3,0.976178,1,-2.650000,1.711398,20.200943,1.673951,5.210993,0,-2.6511134676564185
2004-12-13,sh.600261,9.1400,9.1900,9.0600,9.1600,9.1800,122886,1120689.0000,3,0.307215,1,-0.220000,1.707669,20.156932,1.670304,5.199640,0,-0.2178649237472685
2004-12-14,sh.600261,9.1500,9.2500,9.1200,9.1600,9.1600,48500,444342.0000,3,0.121250,1,0.000000,1.707669,20.156932,1.670304,5.199640,0,0.0
2004-12-15,sh.600261,9.1500,9.2200,9.0000,9.1800,9.1600,165500,1506120.0000,3,0.413750,1,0.220000,1.711398,20.200943,1.673951,5.210993,0,0.21834061135370675
2004-12-16,sh.600261,9.2100,9.2100,9.0900,9.1700,9.1800,56520,516667.0000,3,0.141300,1,-0.110000,1.709534,20.178938,1.672127,5.205316,0,-0.10893246187363426
2004-12-17,sh.600261,9.0300,9.1600,8.9200,9.0700,9.1700,163900,1473094.0000,3,0.409750,1,-1.090000,1.690891,19.958884,1.653892,5.148552,0,-1.0905125408942173
2004-12-20,sh.600261,9.0300,9.1400,8.8800,8.9100,9.0700,48800,435540.0000,3,0.122000,1,-1.760000,1.661063,19.606798,1.624717,5.057728,0,-1.764057331863289
2004-12-21,sh.600261,8.8200,9.0200,8.8100,8.9400,8.9100,67600,604647.0000,3,0.169000,1,0.340000,1.666655,19.672814,1.630187,5.074758,0,0.33670033670032407
2004-12-22,sh.600261,9.0900,9.1800,8.9000,9.1800,8.9400,142684,1297994.0000,3,0.356710,1,2.680000,1.711398,20.200943,1.673951,5.210993,0,2.684563758389258
2004-12-23,sh.600261,9.1800,9.1800,9.0000,9.1200,9.1800,44711,405986.0000,3,0.111778,1,-0.650000,1.700212,20.068911,1.663010,5.176934,0,-0.6535947712418388
2004-12-24,sh.600261,9.1200,9.1200,9.0000,9.0800,9.1200,23700,215032.0000,3,0.059250,1,-0.440000,1.692755,19.980889,1.655716,5.154228,0,-0.43859649122806044
2004-12-27,sh.600261,9.1700,9.2000,9.1000,9.1500,9.0800,62200,570110.0000,3,0.155500,1,0.770000,1.705805,20.134927,1.668480,5.193963,0,0.7709251101321701
2004-12-28,sh.600261,9.1600,9.2500,9.0500,9.2300,9.1500,83049,763385.0000,3,0.207623,1,0.870000,1.720719,20.310970,1.683068,5.239375,0,0.8743169398907069
2004-12-29,sh.600261,9.1600,9.2900,9.1400,9.1800,9.2300,58500,538543.0000,3,0.146250,1,-0.540000,1.711398,20.200943,1.673951,5.210993,0,-0.5417118093174467
2004-12-30,sh.600261,9.1500,9.2500,9.0100,9.1800,9.1800,106053,969198.0000,3,0.265132,1,0.000000,1.711398,20.200943,1.673951,5.210993,0,0.0
2004-12-31,sh.600261,9.0800,9.2500,9.0600,9.1500,9.1800,46179,420719.0000,3,0.115448,1,-0.330000,1.705805,20.134927,1.668480,5.193963,0,-0.32679738562090277
2005-01-04,sh.600261,9.1500,9.1800,8.9500,9.0800,9.1500,94000,848805.0000,3,0.235000,1,-0.770000,1.692755,19.980889,1.655716,5.154228,0,-0.7650273224043769
2005-01-05,sh.600261,9.0800,9.1700,9.0100,9.1200,9.0800,82703,753332.0000,3,0.206757,1,0.440000,1.700212,20.068911,1.663010,5.176934,0,0.4405286343612147
2005-01-06,sh.600261,9.1200,9.2100,9.0500,9.1300,9.1200,110072,1003456.0000,3,0.275180,1,0.110000,1.702076,20.090916,1.664833,5.182610,0,0.10964912280704286
2005-01-07,sh.600261,9.1800,9.2000,9.0100,9.1100,9.1300,92600,841157.0000,3,0.231500,1,-0.220000,1.698348,20.046905,1.661186,5.171258,0,-0.21905805038336945
2005-01-10,sh.600261,9.0100,9.1500,8.9700,9.1500,9.1100,97600,885832.0000,3,0.244000,1,0.440000,1.705805,20.134927,1.668480,5.193963,0,0.4390779363337094
2005-01-11,sh.600261,9.1500,9.1600,9.0500,9.1200,9.1500,35400,322677.0000,3,0.088500,1,-0.330000,1.700212,20.068911,1.663010,5.176934,0,-0.3278688524590234
2005-01-12,sh.600261,9.1000,9.1600,9.0800,9.1500,9.1200,51650,471709.0000,3,0.129125,1,0.330000,1.705805,20.134927,1.668480,5.193963,0,0.328947368421062
2005-01-13,sh.600261,9.1500,9.5800,9.1500,9.2500,9.1500,110700,1024987.0000,3,0.276750,1,1.090000,1.724448,20.354981,1.686715,5.250728,0,1.0928961748633892
2005-01-14,sh.600261,9.2500,9.2700,9.1000,9.1000,9.2500,60501,556143.0000,3,0.151253,1,-1.620000,1.696484,20.024900,1.659363,5.165581,0,-1.6216216216216273
2005-01-17,sh.600261,9.0100,9.1600,8.9500,9.0100,9.1000,113000,1018543.0000,3,0.282500,1,-0.990000,1.679705,19.826852,1.642952,5.114493,0,-0.9890109890109855
2005-01-18,sh.600261,9.0500,9.1200,8.9600,9.0900,9.0100,111772,1012597.0000,3,0.279430,1,0.890000,1.694619,20.002895,1.657539,5.159905,0,0.8879023307436285
2005-01-19,sh.600261,9.1500,9.1500,9.0000,9.0400,9.0900,66600,604574.0000,3,0.166500,1,-0.550000,1.685298,19.892868,1.648422,5.131522,0,-0.5500550055005604
2005-01-20,sh.600261,8.9000,9.1000,8.8000,8.8800,9.0400,343100,3071485.0000,3,0.857750,1,-1.770000,1.655470,19.540782,1.619246,5.040699,0,-1.7699115044247593
2005-01-21,sh.600261,8.9000,8.9200,8.1500,8.8300,8.8800,344549,3016036.0000,3,0.861372,1,-0.560000,1.646148,19.430755,1.610129,5.012317,0,-0.563063063063074
2005-01-24,sh.600261,8.8800,9.1700,8.8300,8.9000,8.8300,135757,1212967.0000,3,0.339392,1,0.790000,1.659198,19.584792,1.622893,5.052052,0,0.7927519818799578
2005-01-25,sh.600261,8.8000,8.8800,8.6600,8.7500,8.9000,166672,1454913.0000,3,0.416680,1,-1.690000,1.631234,19.254712,1.595541,4.966905,0,-1.6853932584269704
2005-01-26,sh.600261,8.7900,8.7900,8.3500,8.5600,8.7500,277799,2365897.0000,3,0.694497,1,-2.170000,1.595813,18.836609,1.560895,4.859052,0,-2.1714285714285686
2005-01-27,sh.600261,8.4800,8.6000,8.4100,8.5600,8.5600,41319,350352.0000,3,0.103298,1,0.000000,1.595813,18.836609,1.560895,4.859052,0,0.0
2005-01-28,sh.600261,8.5000,8.5800,8.4200,8.5400,8.5600,30772,261442.0000,3,0.076930,1,-0.230000,1.592085,18.792598,1.557248,4.847699,0,-0.23364485981309802
2005-01-31,sh.600261,8.5000,8.6500,8.3500,8.4700,8.5400,78100,655813.0000,3,0.195250,1,-0.820000,1.579035,18.638561,1.544484,4.807964,0,-0.8196721311475197
2005-02-01,sh.600261,8.4500,8.4800,8.2800,8.3400,8.4700,105660,884071.0000,3,0.264150,1,-1.530000,1.554799,18.352491,1.520779,4.734170,0,-1.5348288075560879
2005-02-02,sh.600261,8.4000,8.7500,8.3500,8.7000,8.3400,195132,1682277.0000,3,0.487830,1,4.320000,1.621913,19.144685,1.586424,4.938523,0,4.316546762589923
2005-02-03,sh.600261,8.7000,8.8000,8.6200,8.6700,8.7000,293120,2558521.0000,3,0.732800,1,-0.340000,1.616320,19.078668,1.580953,4.921493,0,-0.34482758620688614
2005-02-04,sh.600261,8.6700,8.7500,8.5800,8.7000,8.6700,294669,2554279.0000,3,0.736673,1,0.350000,1.592382,18.479242,1.457926,4.760225,0,0.34602076124565784
2005-02-16,sh.600261,8.7700,8.8000,8.6600,8.6800,8.7000,210400,1832028.0000,3,0.526000,1,-0.230000,1.588721,18.436761,1.454574,4.749282,0,-0.22988505747125743
2005-02-17,sh.600261,8.6300,8.6800,8.5400,8.5900,8.6800,89900,771068.0000,3,0.224750,1,-1.040000,1.572249,18.245597,1.439492,4.700038,0,-1.0368663594470084
2005-02-18,sh.600261,8.6000,8.6800,8.5100,8.5600,8.5900,65698,561881.0000,3,0.164245,1,-0.350000,1.566758,18.181875,1.434465,4.683623,0,-0.34924330616995514
2005-02-21,sh.600261,8.6000,8.6500,8.5100,8.6500,8.5600,118530,1017725.0000,3,0.296325,1,1.050000,1.583230,18.373040,1.449547,4.732867,0,1.0514018691588856
2005-02-22,sh.600261,8.6700,8.8700,8.5600,8.8500,8.6500,332555,2912006.0000,3,0.831388,1,2.310000,1.619837,18.797850,1.483062,4.842298,0,2.3121387283236983
2005-02-23,sh.600261,8.8500,8.9000,8.7400,8.8700,8.8500,243407,2149388.0000,3,0.608518,1,0.230000,1.623498,18.840331,1.486414,4.853241,0,0.2259887005649608
2005-02-24,sh.600261,8.8900,9.0200,8.8300,8.9800,8.8700,278964,2489799.0000,3,0.697410,1,1.240000,1.643631,19.073977,1.504847,4.913427,0,1.2401352874859217
2005-02-25,sh.600261,8.9800,9.1500,8.8400,8.9500,8.9800,311251,2811587.0000,3,0.778127,1,-0.330000,1.638140,19.010255,1.499820,4.897013,0,-0.33407572383075124
2005-02-28,sh.600261,9.0100,9.0100,8.8100,8.9600,8.9500,247225,2200877.0000,3,0.618063,1,0.110000,1.639971,19.031496,1.501496,4.902484,0,0.11173184357544663
2005-03-01,sh.600261,9.0300,9.0300,8.8600,8.9000,8.9600,73401,653423.0000,3,0.183502,1,-0.670000,1.628989,18.904053,1.491441,4.869655,0,-0.6696428571428603
2005-03-02,sh.600261,8.9000,8.9200,8.8300,8.8600,8.9000,163176,1447371.0000,3,0.407940,1,-0.450000,1.621667,18.819091,1.484738,4.847769,0,-0.44943820224719877
2005-03-03,sh.600261,8.8600,8.8600,8.7200,8.8500,8.8600,159284,1396736.0000,3,0.398210,1,-0.110000,1.619837,18.797850,1.483062,4.842298,0,-0.11286681715575453
2005-03-04,sh.600261,8.8500,8.8900,8.7000,8.7900,8.8500,134970,1182801.0000,3,0.337425,1,-0.680000,1.608855,18.670407,1.473007,4.809468,0,-0.6779661016949157
2005-03-07,sh.600261,8.7900,8.7900,8.7900,8.7900,8.7900,0,0.0000,3,,0,0.000000,1.608855,18.670407,1.473007,4.809468,0,0.0
2005-03-08,sh.600261,8.7900,8.9900,8.7900,8.9800,8.7900,319150,2845094.0000,3,0.797875,1,2.160000,1.643631,19.073977,1.504847,4.913427,0,2.1615472127417767
2005-03-09,sh.600261,9.0600,9.0600,8.9100,8.9900,8.9800,252401,2259585.0000,3,0.631003,1,0.110000,1.645461,19.095217,1.506523,4.918899,0,0.11135857461024301
2005-03-10,sh.600261,8.9900,8.9900,8.7500,8.8800,8.9900,144370,1278739.0000,3,0.360925,1,-1.220000,1.625328,18.861572,1.488089,4.858712,0,-1.2235817575083408
2005-03-11,sh.600261,8.8800,9.0200,8.8000,9.0000,8.8800,312946,2801813.0000,3,0.782365,1,1.350000,1.647292,19.116458,1.508199,4.924370,0,1.3513513513513375
2005-03-14,sh.600261,9.0000,9.1300,8.7000,9.0000,9.0000,420166,3733856.0000,3,1.050415,1,0.000000,1.647292,19.116458,1.508199,4.924370,0,0.0
2005-03-15,sh.600261,8.8100,9.0300,8.7800,8.9100,9.0000,186051,1650644.0000,3,0.465127,1,-1.000000,1.630819,18.925293,1.493117,4.875127,0,-1.0000000000000009
2005-03-16,sh.600261,8.8000,8.9100,8.7800,8.8200,8.9100,110174,972918.0000,3,0.275435,1,-1.010000,1.614346,18.734129,1.478035,4.825883,0,-1.0101010101010055
2005-03-17,sh.600261,8.8200,8.8800,8.6900,8.7700,8.8200,237120,2078732.0000,3,0.592800,1,-0.570000,1.605194,18.627926,1.469656,4.798525,0,-0.5668934240362855
2005-03-18,sh.600261,8.8500,8.8500,8.5000,8.6100,8.7700,204125,1756403.0000,3,0.510312,1,-1.820000,1.575909,18.288078,1.442844,4.710981,0,-1.8244013683010318
2005-03-21,sh.600261,8.5600,8.5600,8.4000,8.4400,8.6100,133800,1130433.0000,3,0.334500,1,-1.970000,1.544794,17.926989,1.414355,4.617965,0,-1.9744483159117254
2005-03-22,sh.600261,8.4800,8.5000,8.2100,8.3000,8.4400,178784,1484738.0000,3,0.446960,1,-1.660000,1.519169,17.629622,1.390894,4.541364,0,-1.6587677725118377
2005-03-23,sh.600261,8.3800,8.4500,8.2700,8.3600,8.3000,133700,1119006.0000,3,0.334250,1,0.720000,1.530151,17.757065,1.400949,4.574193,0,0.7228915662650381
2005-03-24,sh.600261,8.3800,8.3900,8.2800,8.3700,8.3600,76597,638506.0000,3,0.191493,1,0.120000,1.531981,17.778306,1.402625,4.579664,0,0.11961722488038617
2005-03-25,sh.600261,8.4000,8.4200,8.3500,8.3700,8.3700,90000,754967.0000,3,0.225000,1,0.000000,1.531981,17.778306,1.402625,4.579664,0,0.0
2005-03-28,sh.600261,8.3900,8.4800,8.2600,8.4800,8.3700,152560,1281890.0000,3,0.381400,1,1.310000,1.552115,18.011951,1.421058,4.639851,0,1.31421744324971
2005-03-29,sh.600261,8.4900,8.5800,8.4400,8.4800,8.4800,105900,901148.0000,3,0.264750,1,0.000000,1.552115,18.011951,1.421058,4.639851,0,0.0
2005-03-30,sh.600261,8.4800,8.4800,8.3500,8.3700,8.4800,252500,2123746.0000,3,0.631250,1,-1.300000,1.531981,17.778306,1.402625,4.579664,0,-1.2971698113207641
2005-03-31,sh.600261,8.0000,8.0000,7.8800,7.8900,8.0200,108355,856705.0000,3,0.270888,1,-1.620000,1.444126,16.758761,1.322188,4.317031,0,-5.734767025089605
2005-04-01,sh.600261,7.9300,8.2000,7.8900,8.0300,7.8900,194200,1554991.0000,3,0.485500,1,1.770000,1.469750,17.056128,1.345648,4.393633,0,1.7743979721166037
2005-04-04,sh.600261,8.0000,8.0300,7.8000,7.9700,8.0300,100615,798092.0000,3,0.251537,1,-0.750000,1.458768,16.928685,1.335594,4.360804,0,-0.747198007471972
2005-04-05,sh.600261,7.9900,8.0300,7.9200,8.0000,7.9700,130300,1042410.0000,3,0.325750,1,0.380000,1.464259,16.992407,1.340621,4.377218,0,0.37641154328733606
2005-04-06,sh.600261,8.0600,8.1400,7.8500,8.1200,8.0000,115257,923265.0000,3,0.288142,1,1.500000,1.486223,17.247293,1.360730,4.442876,0,1.4999999999999902
2005-04-07,sh.600261,8.0700,8.3500,8.0700,8.1800,8.1200,228700,1880974.0000,3,0.571750,1,0.740000,1.497205,17.374736,1.370785,4.475705,0,0.7389162561576512
2005-04-08,sh.600261,8.1800,8.4400,8.1000,8.3800,8.1800,216630,1796432.0000,3,0.541575,1,2.440000,1.533812,17.799546,1.404301,4.585136,0,2.444987775061147
2005-04-11,sh.600261,8.4000,9.0200,8.3900,9.0100,8.3800,1483477,13145146.0000,3,3.708693,1,7.520000,1.649122,19.137698,1.509875,4.929842,0,7.5178997613364995
2005-04-12,sh.600261,8.8800,9.1500,8.8200,9.0000,9.0100,619070,5571197.0000,3,1.547675,1,-0.110000,1.647292,19.116458,1.508199,4.924370,0,-0.11098779134295356
2005-04-13,sh.600261,9.0500,9.0700,8.9000,9.0100,9.0000,271549,2443561.0000,3,0.678872,1,0.110000,1.649122,19.137698,1.509875,4.929842,0,0.11111111111110628
2005-04-14,sh.600261,8.9600,9.1400,8.9600,9.0400,9.0100,427395,3880924.0000,3,1.068488,1,0.330000,1.654613,19.201420,1.514902,4.946256,0,0.33296337402886067
2005-04-15,sh.600261,9.0000,9.0600,8.8600,9.0500,9.0400,323059,2914328.0000,3,0.807647,1,0.110000,1.656443,19.222660,1.516578,4.951728,0,0.11061946902657382
2005-04-18,sh.600261,9.0500,9.1500,9.0300,9.1100,9.0500,513342,4659081.0000,3,1.283355,1,0.660000,1.667425,19.350103,1.526632,4.984557,0,0.6629834254143541
2005-04-19,sh.600261,9.1000,9.1300,9.0100,9.0700,9.1100,249510,2265215.0000,3,0.623775,1,-0.440000,1.660104,19.265141,1.519929,4.962671,0,-0.4390779363336872
2005-04-20,sh.600261,9.0600,9.2600,9.0300,9.0900,9.0700,550737,5009107.0000,3,1.376842,1,0.220000,1.663765,19.307622,1.523281,4.973614,0,0.22050716648289725
2005-04-21,sh.600261,9.0800,9.3500,9.0700,9.2800,9.0900,520383,4781991.0000,3,1.300957,1,2.090000,1.698541,19.711192,1.555121,5.077573,0,2.0902090209020896
2005-04-22,sh.600261,9.2800,9.3800,9.1100,9.3100,9.2800,619240,5748484.0000,3,1.548100,1,0.320000,1.704032,19.774914,1.560148,5.093988,0,0.3232758620689724
2005-04-25,sh.600261,9.2600,9.8500,9.2500,9.8400,9.3100,1933293,18629705.0000,3,4.833233,1,5.690000,1.801039,20.900660,1.648964,5.383978,0,5.69280343716434
2005-04-26,sh.600261,9.8000,9.8800,9.6000,9.7400,9.8400,914207,8949736.0000,3,2.285517,1,-1.020000,1.782736,20.688255,1.632206,5.329263,0,-1.0162601626016232
2005-04-27,sh.600261,9.8000,10.0000,9.7500,9.8900,9.7400,641839,6341606.0000,3,1.604598,1,1.540000,1.879300,18.473609,1.528072,4.894253,0,1.5400410677618215
2005-04-28,sh.600261,9.9000,9.9900,9.7900,9.9800,9.8900,509664,5028591.0000,3,1.274160,1,0.910000,1.896402,18.641721,1.541977,4.938791,0,0.9100101112234471
2005-04-29,sh.600261,9.9900,10.0100,9.9000,9.9900,9.9800,326458,3251854.0000,3,0.816145,1,0.100000,1.898302,18.660400,1.543522,4.943740,0,0.10020040080160886
2005-05-09,sh.600261,9.9800,10.0700,9.7100,9.8500,9.9900,364339,3605881.0000,3,0.910847,1,-1.400000,1.871700,18.398893,1.521891,4.874458,0,-1.4014014014014031
2005-05-10,sh.600261,9.7500,9.8000,9.1500,9.2700,9.8500,1136126,10559248.0000,3,2.840315,1,-5.890000,1.761488,17.315506,1.432277,4.587435,0,-5.888324873096451
2005-05-11,sh.600261,9.2500,9.4500,9.2200,9.3600,9.2700,287797,2693077.0000,3,0.719492,1,0.970000,1.778590,17.483618,1.446183,4.631973,0,0.9708737864077666
2005-05-12,sh.600261,9.2400,9.3600,9.1500,9.3000,9.3600,178600,1655688.0000,3,0.446500,1,-0.640000,1.767189,17.371543,1.436913,4.602281,0,-0.6410256410256276
2005-05-13,sh.600261,9.2200,9.4000,9.2000,9.3800,9.3000,191700,1788424.0000,3,0.479250,1,0.860000,1.782390,17.520976,1.449273,4.641870,0,0.8602150537634357
2005-05-16,sh.600261,9.2300,9.3700,9.2000,9.2300,9.3800,99453,919341.0000,3,0.248633,1,-1.600000,1.753887,17.240790,1.426097,4.567640,0,-1.5991471215351827
2005-05-17,sh.600261,9.2500,9.5800,9.2500,9.5000,9.2300,117850,1115749.0000,3,0.294625,1,2.930000,1.805193,17.745125,1.467814,4.701254,0,2.9252437703141787
2005-05-18,sh.600261,9.4500,9.6900,9.4500,9.5300,9.5000,202940,1929366.0000,3,0.507350,1,0.320000,1.810893,17.801162,1.472449,4.716100,0,0.3157894736842026
2005-05-19,sh.600261,9.5300,9.6200,9.3000,9.4900,9.5300,68800,649154.0000,3,0.172000,1,-0.420000,1.803292,17.726446,1.466269,4.696306,0,-0.41972717733472775
2005-05-20,sh.600261,9.4900,9.5200,9.4200,9.4900,9.4900,86551,821644.0000,3,0.216378,1,0.000000,1.803292,17.726446,1.466269,4.696306,0,0.0
2005-05-23,sh.600261,9.4300,9.4500,9.3200,9.4000,9.4900,95800,900603.0000,3,0.239500,1,-0.950000,1.786191,17.558334,1.452363,4.651767,0,-0.9483667017913588
2005-05-24,sh.600261,9.3100,9.5500,9.3000,9.5100,9.4000,130600,1230031.0000,3,0.326500,1,1.170000,1.807093,17.763804,1.469359,4.706203,0,1.1702127659574346
2005-05-25,sh.600261,9.4000,9.6800,9.3600,9.6000,9.5100,118900,1137989.0000,3,0.297250,1,0.950000,1.824195,17.931916,1.483265,4.750741,0,0.9463722397476282
2005-05-26,sh.600261,9.5000,9.5800,9.0200,9.0900,9.6000,341200,3163007.0000,3,0.853000,1,-5.310000,1.727284,16.979283,1.404466,4.498358,0,-5.312499999999998
2005-05-27,sh.600261,9.0500,9.2000,9.0000,9.1400,9.0900,198960,1808262.0000,3,0.497400,1,0.550000,1.736785,17.072678,1.412192,4.523102,0,0.5500550055005604
2005-05-30,sh.600261,9.1000,9.2900,9.0500,9.2500,9.1400,78400,717965.0000,3,0.196000,1,1.200000,1.757687,17.278148,1.429187,4.577537,0,1.2035010940919078
2005-05-31,sh.600261,9.1300,9.2600,9.1300,9.1500,9.2500,57440,528109.0000,3,0.143600,1,-1.080000,1.738685,17.091357,1.413737,4.528050,0,-1.0810810810810811
2005-06-01,sh.600261,9.1500,9.1500,8.7400,9.1000,9.1500,161790,1449458.0000,3,0.404475,1,-0.550000,1.729184,16.997962,1.406011,4.503307,0,-0.5464480874317057
2005-06-02,sh.600261,9.0600,9.0600,8.7000,8.8800,9.1000,258030,2272819.0000,3,0.645075,1,-2.420000,1.687380,16.587022,1.372020,4.394436,0,-2.417582417582409
2005-06-03,sh.600261,8.7800,9.1000,8.5800,9.0700,8.8800,344539,3042041.0000,3,0.861348,1,2.140000,1.723484,16.941924,1.401376,4.488461,0,2.1396396396396344
2005-06-06,sh.600261,8.8100,9.3000,8.8100,9.2000,9.0700,210600,1924812.0000,3,0.526500,1,1.430000,1.748186,17.184752,1.421462,4.552794,0,1.4332965821389099
2005-06-07,sh.600261,9.1800,9.4800,9.1100,9.3900,9.2000,356900,3324072.0000,3,0.892250,1,2.070000,1.784290,17.539655,1.450818,4.646819,0,2.0652173913043637
2005-06-08,sh.600261,9.3900,10.1600,9.3900,10.1200,9.3900,1026773,10237842.0000,3,2.566933,1,7.770000,1.923005,18.903228,1.563608,5.008073,0,7.774227902023423
2005-06-09,sh.600261,10.1100,10.5600,10.0200,10.2000,10.1200,847387,8745216.0000,3,2.118467,1,0.790000,1.938207,19.052660,1.575969,5.047663,0,0.7905138339920903
2005-06-10,sh.600261,10.0800,10.3500,9.9100,9.9700,10.2000,429275,4326645.0000,3,1.073187,1,-2.250000,1.894502,18.623041,1.540432,4.933843,0,-2.2549019607843057
2005-06-13,sh.600261,10.0000,10.1000,9.8300,9.9700,9.9700,228700,2278434.0000,3,0.571750,1,0.000000,1.894502,18.623041,1.540432,4.933843,0,0.0
2005-06-14,sh.600261,9.9700,10.1500,9.6100,9.7200,9.9700,452940,4447685.0000,3,1.132350,1,-2.510000,1.846997,18.156065,1.501805,4.810126,0,-2.507522567703113
2005-06-15,sh.600261,9.6100,9.7900,9.5500,9.6000,9.7200,259200,2502023.0000,3,0.648000,1,-1.230000,1.824195,17.931916,1.483265,4.750741,0,-1.2345679012345734
2005-06-16,sh.600261,9.6000,9.7700,9.5500,9.7200,9.6000,691649,6662200.0000,3,1.729123,1,1.250000,1.846997,18.156065,1.501805,4.810126,0,1.2500000000000178
2005-06-17,sh.600261,9.7500,9.8500,9.6100,9.7700,9.7200,228418,2226153.0000,3,0.571045,1,0.510000,1.856498,18.249460,1.509531,4.834869,0,0.5144032921810648
2005-06-20,sh.600261,9.7800,10.5600,9.7800,10.5500,9.7700,1251621,12843521.0000,3,3.129052,1,7.980000,2.004714,19.706428,1.630046,5.220867,0,7.98362333674516
2005-06-21,sh.600261,10.6200,10.8600,10.3500,10.4100,10.5500,1519340,16148451.0000,3,3.798350,1,-1.330000,1.978111,19.444921,1.608415,5.151585,0,-1.3270142180094813
2005-06-22,sh.600261,10.3200,10.3800,10.1700,10.3700,10.4100,274806,2819425.0000,3,0.687015,1,-0.380000,1.970510,19.370205,1.602235,5.131790,0,-0.3842459173871382
2005-06-23,sh.600261,10.3700,10.4800,10.1500,10.2500,10.3700,236500,2431272.0000,3,0.591250,1,-1.160000,1.947708,19.146056,1.583694,5.072406,0,-1.1571841851494624
2005-06-24,sh.600261,10.2300,10.4200,10.0600,10.3800,10.2500,169990,1741672.0000,3,0.424975,1,1.270000,1.972410,19.388884,1.603780,5.136739,0,1.2682926829268304
2005-06-27,sh.600261,10.4800,10.7800,10.4000,10.6300,10.3800,560212,5936994.0000,3,1.400530,1,2.410000,2.019915,19.855861,1.642407,5.260456,0,2.4084778420038644
2005-06-28,sh.600261,10.5100,10.6800,10.3100,10.6000,10.6300,515590,5415004.0000,3,1.288975,1,-0.280000,2.014215,19.799823,1.637771,5.245610,0,-0.2822201317027373
2005-06-29,sh.600261,10.5600,10.5700,10.3600,10.3800,10.6000,137800,1441151.0000,3,0.344500,1,-2.080000,1.972410,19.388884,1.603780,5.136739,0,-2.075471698113196
2005-06-30,sh.600261,10.3000,10.3000,10.0100,10.0200,10.3800,479050,4846229.0000,3,1.197625,1,-3.470000,1.904003,18.716437,1.548157,4.958586,0,-3.4682080924855585
2005-07-01,sh.600261,9.9500,10.1500,9.8000,9.8800,10.0200,350377,3465123.0000,3,0.875942,1,-1.400000,1.877400,18.454930,1.526527,4.889305,0,-1.3972055888223478
2005-07-04,sh.600261,9.7800,10.0500,9.7300,10.0400,9.8800,241700,2387304.0000,3,0.604250,1,1.620000,1.907804,18.753795,1.551248,4.968484,0,1.6194331983805599
2005-07-05,sh.600261,10.1900,10.1900,9.8200,9.8800,10.0400,210910,2103334.0000,3,0.527275,1,-1.590000,1.877400,18.454930,1.526527,4.889305,0,-1.5936254980079556
2005-07-06,sh.600261,10.0000,10.0100,9.8200,9.9400,9.8800,75720,750762.0000,3,0.189300,1,0.610000,1.888801,18.567004,1.535797,4.918997,0,0.6072874493926905
2005-07-07,sh.600261,9.9800,10.2900,9.9200,10.2100,9.9400,511371,5195666.0000,3,1.278428,1,2.720000,1.940107,19.071339,1.577514,5.052611,0,2.716297786720334
2005-07-08,sh.600261,10.1500,10.1900,9.9000,9.9900,10.2100,197338,1972437.0000,3,0.493345,1,-2.150000,1.898302,18.660400,1.543522,4.943740,0,-2.1547502448579836
2005-07-11,sh.600261,9.9200,10.4800,9.9200,9.9900,9.9900,172882,1758199.0000,3,0.432205,1,0.000000,1.898302,18.660400,1.543522,4.943740,0,0.0
2005-07-12,sh.600261,9.9600,10.4500,9.9200,10.4400,9.9900,400558,4114518.0000,3,1.001395,1,4.500000,1.983812,19.500958,1.613050,5.166431,0,4.504504504504503
2005-07-13,sh.600261,10.4500,10.5000,10.2800,10.3700,10.4400,344249,3567833.0000,3,0.860623,1,-0.670000,1.970510,19.370205,1.602235,5.131790,0,-0.6704980842911934
2005-07-14,sh.600261,10.3200,10.4400,10.1600,10.1800,10.3700,184401,1893237.0000,3,0.461003,1,-1.830000,1.934406,19.015302,1.572879,5.037765,0,-1.8322082931533257
2005-07-15,sh.600261,10.2600,10.2600,9.3000,9.6300,10.1800,654207,6418575.0000,3,1.635517,1,-5.400000,1.829895,17.987953,1.487900,4.765587,0,-5.402750491159125
2005-07-18,sh.600261,9.5800,9.7500,9.5000,9.6400,9.6300,299800,2883007.0000,3,0.749500,1,0.100000,1.831795,18.006632,1.489445,4.770536,0,0.10384215991692258
2005-07-19,sh.600261,9.6300,9.6400,9.3600,9.5300,9.6400,456200,4313703.0000,3,1.140500,1,-1.140000,1.810893,17.801162,1.472449,4.716100,0,-1.141078838174281
2005-07-20,sh.600261,9.5100,9.6400,9.4200,9.6300,9.5300,183800,1756640.0000,3,0.459500,1,1.050000,1.829895,17.987953,1.487900,4.765587,0,1.0493179433368471
2005-07-21,sh.600261,9.6300,9.7000,9.4400,9.5800,9.6300,143499,1374448.0000,3,0.358747,1,-0.520000,1.820394,17.894557,1.480175,4.740844,0,-0.5192107995846351
2005-07-22,sh.600261,9.5000,9.6500,9.2600,9.5700,9.5800,804439,7605473.0000,3,2.011097,1,-0.100000,1.818494,17.875878,1.478629,4.735895,0,-0.10438413361169019
2005-07-25,sh.600261,9.5000,9.5000,9.2700,9.3500,9.5700,452956,4224667.0000,3,1.132390,1,-2.300000,1.776690,17.464939,1.444638,4.627024,0,-2.298850574712652
2005-07-26,sh.600261,9.2800,9.5200,9.1500,9.5200,9.3500,640508,6013384.0000,3,1.601270,1,1.820000,1.808993,17.782483,1.470904,4.711152,0,1.8181818181818077
2005-07-27,sh.600261,9.5200,9.8900,9.5200,9.8700,9.5200,556718,5444121.0000,3,1.391795,1,3.680000,1.875500,18.436251,1.524981,4.884356,0,3.676470588235281
2005-07-28,sh.600261,9.9000,9.9500,9.6400,9.7500,9.8700,597301,5850991.0000,3,1.493253,1,-1.220000,1.852698,18.212102,1.506441,4.824972,0,-1.2158054711246091
2005-07-29,sh.600261,9.7500,9.8500,9.6600,9.7500,9.7500,172280,1680328.0000,3,0.430700,1,0.000000,1.852698,18.212102,1.506441,4.824972,0,0.0
2005-08-01,sh.600261,9.8000,9.9000,9.7200,9.8500,9.7500,247923,2433482.0000,3,0.619807,1,1.025645,1.871700,18.398893,1.521891,4.874458,0,1.025641025641022
2005-08-02,sh.600261,9.8200,9.9300,9.7600,9.9000,9.8500,369114,3633517.0000,3,0.922785,1,0.507606,1.881201,18.492288,1.529617,4.899202,0,0.5076142131979822
2005-08-03,sh.600261,9.9100,10.0800,9.8500,9.8500,9.9000,471357,4696726.0000,3,1.178393,1,-0.505043,1.871700,18.398893,1.521891,4.874458,0,-0.5050505050505083
2005-08-04,sh.600261,9.8400,9.8800,9.6900,9.8800,9.8500,382680,3730652.0000,3,0.956700,1,0.304566,1.877400,18.454930,1.526527,4.889305,0,0.3045685279188026
2005-08-05,sh.600261,9.8800,10.2800,9.8500,10.2100,9.8800,563444,5718481.0000,3,1.408610,1,3.340080,1.940107,19.071339,1.577514,5.052611,0,3.34008097165992
2005-08-08,sh.600261,10.2000,10.5100,10.1300,10.4000,10.2100,740899,7640475.0000,3,1.852248,1,1.860917,1.976211,19.426242,1.606870,5.146636,0,1.86092066601371
2005-08-09,sh.600261,10.2900,10.4400,10.2200,10.3500,10.4000,271928,2807796.0000,3,0.679820,1,-0.480762,1.966710,19.332846,1.599145,5.121893,0,-0.48076923076924016
2005-08-10,sh.600261,10.3300,10.6200,10.2600,10.5900,10.3500,614542,6435492.0000,3,1.536355,1,2.318838,2.012315,19.781144,1.636226,5.240661,0,2.3188405797101463
2005-08-11,sh.600261,10.7000,11.1000,10.6000,11.0100,10.5900,1449688,15807351.0000,3,3.624220,1,3.966006,2.092123,20.565666,1.701119,5.448506,0,3.966005665722383
2005-08-12,sh.600261,11.0200,11.3900,10.9300,11.3100,11.0100,1256470,13918625.0000,3,3.141175,1,2.724797,2.149129,21.126038,1.747471,5.596967,0,2.7247956403269713
2005-08-15,sh.600261,11.2800,11.5000,11.1000,11.2800,11.3100,1001046,11376639.0000,3,2.502615,1,-0.265258,2.143429,21.070001,1.742836,5.582121,0,-0.2652519893899252
2005-08-16,sh.600261,11.3500,11.4400,11.0000,11.0000,11.2800,812641,9093773.0000,3,2.031602,1,-2.482267,2.020226,18.632651,1.557467,9.981608,0,-2.4822695035460973
2005-08-17,sh.600261,11.0000,11.4000,10.8300,11.3500,11.0000,609818,6747296.0000,3,1.524545,1,3.181822,2.084506,19.225508,1.607022,10.299204,0,3.1818181818181746
2005-08-18,sh.600261,11.4000,11.4500,11.1200,11.1500,11.3500,832360,9423417.0000,3,2.080900,1,-1.762121,2.047774,18.886733,1.578705,10.117720,0,-1.7621145374449254
2005-08-19,sh.600261,11.0300,11.3000,10.8100,11.0900,11.1500,581554,6446018.0000,3,1.453885,1,-0.538112,2.036755,18.785100,1.570210,10.063275,0,-0.5381165919282505
2005-08-22,sh.600261,10.8800,11.1600,10.5400,10.9900,11.0900,556960,6096227.0000,3,1.392400,1,-0.901717,2.018389,18.615712,1.556051,9.972533,0,-0.9017132551848439
2005-08-23,sh.600261,10.6000,11.0500,10.6000,11.0000,10.9900,175335,1920261.0000,3,0.438337,1,0.090994,2.020226,18.632651,1.557467,9.981608,0,0.09099181073703999
2005-08-24,sh.600261,11.0000,11.4800,11.0000,11.3600,11.0000,523980,5919471.0000,3,1.309950,1,3.272724,2.086342,19.242447,1.608438,10.308278,0,3.2727272727272716
2005-08-25,sh.600261,11.3700,11.4800,11.2800,11.4400,11.3600,435270,4965678.0000,3,1.088175,1,0.704225,2.101035,19.377957,1.619765,10.380872,0,0.7042253521126751
2005-08-26,sh.600261,11.5000,11.6000,11.3000,11.4700,11.4400,384925,4424026.0000,3,0.962313,1,0.262244,2.106544,19.428773,1.624013,10.408095,0,0.2622377622377714
2005-08-29,sh.600261,11.5000,11.5000,10.9800,11.0600,11.4700,276846,3086064.0000,3,0.692115,1,-3.574541,2.031245,18.734284,1.565962,10.036053,0,-3.574542284219706
2005-08-30,sh.600261,11.0600,11.3800,11.0600,11.1800,11.0600,185769,2089164.0000,3,0.464423,1,1.084990,2.053284,18.937549,1.582953,10.144943,0,1.0849909584086825
2005-08-31,sh.600261,11.1800,11.3000,11.0200,11.1400,11.1800,198932,2215533.0000,3,0.497330,1,-0.357781,2.045938,18.869794,1.577289,10.108646,0,-0.3577817531305816
2005-09-01,sh.600261,11.1800,11.9800,11.1000,11.9600,11.1400,999700,11789216.0000,3,2.499250,1,7.360858,2.196536,20.258773,1.693391,10.852730,0,7.360861759425497
2005-09-02,sh.600261,11.9700,12.1200,11.7800,12.0400,11.9600,520238,6232429.0000,3,1.300595,1,0.668896,2.211229,20.394283,1.704718,10.925323,0,0.6688963210702115
2005-09-05,sh.600261,12.0400,12.1000,11.7400,12.0300,12.0400,376730,4519048.0000,3,0.941825,1,-0.083058,2.209392,20.377345,1.703302,10.916249,0,-0.08305647840531893
2005-09-06,sh.600261,12.0000,12.0000,11.6500,11.8000,12.0300,315178,3733863.0000,3,0.787945,1,-1.911883,2.167151,19.987753,1.670737,10.707543,0,-1.9118869492934176
2005-09-07,sh.600261,11.7500,12.3600,11.7300,12.2700,11.8000,556828,6807742.0000,3,1.392070,1,3.983053,2.253470,20.783875,1.737283,11.134030,0,3.9830508474576254
2005-09-08,sh.600261,12.2700,12.4300,12.1100,12.2300,12.2700,389300,4776113.0000,3,0.973250,1,-0.326006,2.246124,20.716120,1.731620,11.097733,0,-0.32599837000814036
2005-09-09,sh.600261,12.2500,12.3300,11.8900,12.0900,12.2300,411414,4958237.0000,3,1.028535,1,-1.144721,2.220412,20.478977,1.711797,10.970694,0,-1.1447260834014816
2005-09-12,sh.600261,12.1200,12.2700,12.0000,12.2600,12.0900,202500,2449468.0000,3,0.506250,1,1.406121,2.251633,20.766936,1.735867,11.124955,0,1.4061207609594728
2005-09-13,sh.600261,12.2800,12.6500,12.1600,12.5400,12.2600,326495,4056441.0000,3,0.816237,1,2.283848,2.303057,21.241222,1.775512,11.379033,0,2.2838499184339334
2005-09-14,sh.600261,12.5500,13.0000,12.5500,12.7600,12.5400,379700,4846370.0000,3,0.949250,1,1.754388,2.343462,21.613875,1.806661,11.578665,0,1.7543859649122862
2005-09-15,sh.600261,12.7800,12.8500,12.6600,12.6700,12.7600,164299,2089217.0000,3,0.410748,1,-0.705330,2.326933,21.461426,1.793918,11.496997,0,-0.7053291536050166
2005-09-16,sh.600261,12.6700,12.8000,12.5600,12.7800,12.6700,153123,1937658.0000,3,0.382807,1,0.868190,2.347135,21.647753,1.809493,11.596813,0,0.8681925808997626
2005-09-19,sh.600261,12.7800,12.8000,12.5500,12.7900,12.7800,188885,2385949.0000,3,0.472212,1,0.078249,2.348972,21.664691,1.810909,11.605887,0,0.07824726134584292
2005-09-20,sh.600261,12.7600,12.7800,12.4500,12.5500,12.7900,444830,5581349.0000,3,1.112075,1,-1.876464,2.304894,21.258161,1.776928,11.388107,0,-1.8764659890539326
2005-09-21,sh.600261,12.4100,12.4600,12.1800,12.4000,12.5500,451434,5566206.0000,3,1.128585,1,-1.195224,2.277345,21.004079,1.755690,11.251994,0,-1.195219123505975
2005-09-22,sh.600261,12.2500,12.3700,12.1000,12.2900,12.4000,371481,4528264.0000,3,0.928703,1,-0.887094,2.257143,20.817753,1.740115,11.152178,0,-0.8870967741935631
2005-09-23,sh.600261,12.2900,12.3400,12.1800,12.2100,12.2900,232600,2846623.0000,3,0.581500,1,-0.650935,2.242451,20.682243,1.728788,11.079584,0,-0.6509357200976229
2005-09-26,sh.600261,12.2100,12.2100,12.2100,12.2100,12.2100,0,0.0000,3,,0,0.000000,2.242451,20.682243,1.728788,11.079584,0,0.0
2005-09-27,sh.600261,12.2100,12.2100,12.2100,12.2100,12.2100,0,0.0000,3,,0,0.000000,2.242451,20.682243,1.728788,11.079584,0,0.0
2005-09-28,sh.600261,12.2100,12.2100,12.2100,12.2100,12.2100,0,0.0000,3,,0,0.000000,2.242451,20.682243,1.728788,11.079584,0,0.0
2005-09-29,sh.600261,12.2100,12.2100,12.2100,12.2100,12.2100,0,0.0000,3,,0,0.000000,2.242451,20.682243,1.728788,11.079584,0,0.0
2005-09-30,sh.600261,12.2100,12.2100,12.2100,12.2100,12.2100,0,0.0000,3,,0,0.000000,2.242451,20.682243,1.728788,11.079584,0,0.0
2005-10-10,sh.600261,12.2100,12.2100,12.2100,12.2100,12.2100,0,0.0000,3,,0,0.000000,2.242451,20.682243,1.728788,11.079584,0,0.0
2005-10-11,sh.600261,12.2100,12.2100,12.2100,12.2100,12.2100,0,0.0000,3,,0,0.000000,2.242451,20.682243,1.728788,11.079584,0,0.0
2005-10-12,sh.600261,12.2100,12.2100,12.2100,12.2100,12.2100,0,0.0000,3,,0,0.000000,2.242451,20.682243,1.728788,11.079584,0,0.0
2005-10-13,sh.600261,13.4300,13.4300,12.8000,12.8600,12.2100,1447854,18801502.0000,3,3.619635,1,5.323502,2.361828,21.783263,1.820820,11.669407,0,5.323505323505318
2005-10-14,sh.600261,12.7600,13.1800,12.7600,13.0000,12.8600,373053,4864620.0000,3,0.932632,1,1.088650,2.387539,22.020406,1.840642,11.796445,0,1.0886469673405896
2005-10-17,sh.600261,13.0000,13.4000,12.9100,13.3700,13.0000,296624,3939342.0000,3,0.741560,1,2.846153,2.455493,22.647140,1.893030,12.132190,0,2.8461538461538316
2005-10-18,sh.600261,13.4000,13.8000,13.4000,13.6500,13.3700,289869,3954037.0000,3,0.724672,1,2.094239,2.506916,23.121426,1.932675,12.386268,0,2.0942408376963373
2005-10-19,sh.600261,13.6000,13.6600,13.3000,13.4100,13.6500,291521,3937668.0000,3,0.728803,1,-1.758240,2.462839,22.714895,1.898693,12.168487,0,-1.758241758241763
2005-10-20,sh.600261,13.4000,14.1800,13.4000,13.9900,13.4100,620296,8584433.0000,3,1.550740,1,4.325130,2.569360,23.697344,1.980814,12.694790,0,4.32513049962715
2005-10-21,sh.600261,14.1800,14.2900,13.6900,13.9000,13.9900,820528,11323188.0000,3,2.051320,1,-0.643318,2.459543,21.650339,1.736027,297.743289,0,-0.6433166547533897
2005-10-24,sh.600261,13.9000,13.9000,13.9000,13.9000,13.9000,0,0.0000,3,,0,0.000000,2.459543,21.650339,1.736027,297.743289,0,0.0
2005-10-25,sh.600261,13.9000,13.9000,13.9000,13.9000,13.9000,0,0.0000,3,,0,0.000000,2.459543,21.650339,1.736027,297.743289,0,0.0
2005-10-26,sh.600261,13.9000,13.9000,13.9000,13.9000,13.9000,0,0.0000,3,,0,0.000000,2.459543,21.650339,1.736027,297.743289,0,0.0
2005-10-27,sh.600261,13.9000,13.9000,13.9000,13.9000,13.9000,0,0.0000,3,,0,0.000000,2.459543,21.650339,1.736027,297.743289,0,0.0
2005-10-28,sh.600261,13.9000,13.9000,13.9000,13.9000,13.9000,0,0.0000,3,,0,0.000000,2.459543,21.650339,1.736027,297.743289,0,0.0
2005-10-31,sh.600261,13.9000,13.9000,13.9000,13.9000,13.9000,0,0.0000,3,,0,0.000000,2.459543,21.650339,1.736027,297.743289,0,0.0
2005-11-01,sh.600261,13.9000,13.9000,13.9000,13.9000,13.9000,0,0.0000,3,,0,0.000000,2.459543,21.650339,1.736027,297.743289,0,0.0
2005-11-02,sh.600261,13.9000,13.9000,13.9000,13.9000,13.9000,0,0.0000,3,,0,0.000000,2.459543,21.650339,1.736027,297.743289,0,0.0
2005-11-03,sh.600261,13.9000,13.9000,13.9000,13.9000,13.9000,0,0.0000,3,,0,0.000000,2.459543,21.650339,1.736027,297.743289,0,0.0
2005-11-04,sh.600261,13.9000,13.9000,13.9000,13.9000,13.9000,0,0.0000,3,,0,0.000000,2.459543,21.650339,1.736027,297.743289,0,0.0
2005-11-07,sh.600261,13.9000,13.9000,13.9000,13.9000,13.9000,0,0.0000,3,,0,0.000000,2.459543,21.650339,1.736027,297.743289,0,0.0
2005-11-08,sh.600261,13.9000,13.9000,13.9000,13.9000,13.9000,0,0.0000,3,,0,0.000000,2.459543,21.650339,1.736027,297.743289,0,0.0
2005-11-09,sh.600261,10.2900,11.0500,10.2800,10.4900,13.9000,3083810,32644445.0000,3,5.930404,1,-24.532370,1.856159,16.338997,1.310138,224.699792,0,-24.532374100719423
2005-11-10,sh.600261,10.3800,11.1200,10.3300,10.7500,10.4900,1948935,21085116.0000,3,3.747952,1,2.478553,1.902165,16.743967,1.342611,230.269091,0,2.4785510009532885
2005-11-11,sh.600261,10.7000,10.9000,10.3500,10.7100,10.7500,981078,10387574.0000,3,1.886688,1,-0.372093,1.895087,16.681664,1.337615,229.412275,0,-0.37209302325580396
2005-11-14,sh.600261,10.7100,10.7100,10.0000,10.1400,10.7100,1096664,11325732.0000,3,2.108969,1,-5.322126,1.794228,15.793844,1.266425,217.202659,0,-5.3221288515406195
2005-11-15,sh.600261,10.1000,10.1800,9.3500,9.5400,10.1400,1982274,19105684.0000,3,3.812065,1,-5.917163,1.688061,14.859297,1.191489,204.350430,0,-5.917159763313629
2005-11-16,sh.600261,9.4000,9.6700,9.2200,9.6600,9.5400,698854,6599943.0000,3,1.343950,1,1.257860,1.709294,15.046207,1.206476,206.920876,0,1.2578616352201255
2005-11-17,sh.600261,9.5400,9.6500,9.4000,9.5400,9.6600,399839,3816892.0000,3,0.768921,1,-1.242235,1.688061,14.859297,1.191489,204.350430,0,-1.242236024844734
2005-11-18,sh.600261,9.5000,9.9700,9.5000,9.7800,9.5400,909570,8921037.0000,3,1.749173,1,2.515721,1.730528,15.233116,1.221463,209.491322,0,2.515723270440251
2005-11-21,sh.600261,9.8000,9.8000,9.6900,9.7400,9.7800,536947,5230060.0000,3,1.032590,1,-0.408998,1.723450,15.170813,1.216468,208.634506,0,-0.4089979550102152
2005-11-22,sh.600261,9.7000,9.8600,9.4300,9.4900,9.7400,625940,6031687.0000,3,1.203731,1,-2.566735,1.679213,14.781418,1.185244,203.279411,0,-2.566735112936347
2005-11-23,sh.600261,9.4500,9.6500,9.3500,9.4800,9.4900,439944,4172624.0000,3,0.846046,1,-0.105376,1.677444,14.765842,1.183995,203.065207,0,-0.10537407797681642
2005-11-24,sh.600261,9.5000,9.9000,9.4600,9.8500,9.4800,781654,7662684.0000,3,1.503181,1,3.902963,1.742914,15.342146,1.230206,210.990748,0,3.9029535864978815
2005-11-25,sh.600261,9.8300,9.9700,9.7800,9.9000,9.8500,365870,3606119.0000,3,0.703596,1,0.507606,1.751761,15.420025,1.236451,212.061767,0,0.5076142131979822
2005-11-28,sh.600261,9.8000,9.8600,9.6500,9.7200,9.9000,351843,3414908.0000,3,0.676621,1,-1.818175,1.719911,15.139661,1.213970,208.206099,0,-1.8181818181818188
2005-11-29,sh.600261,9.7200,9.7500,9.6000,9.7200,9.7200,205980,1989999.0000,3,0.396115,1,0.000000,1.719911,15.139661,1.213970,208.206099,0,0.0
2005-11-30,sh.600261,9.7100,9.8500,9.6100,9.8200,9.7200,234931,2289313.0000,3,0.451790,1,1.028801,1.737605,15.295419,1.226459,210.348137,0,1.0288065843621297
2005-12-01,sh.600261,9.8400,9.8400,9.6600,9.6800,9.8200,179312,1742445.0000,3,0.344831,1,-1.425656,1.712833,15.077358,1.208974,207.349284,0,-1.4256619144602856
2005-12-02,sh.600261,9.6300,9.8000,9.6100,9.8000,9.6800,195866,1897772.0000,3,0.376665,1,1.239668,1.734066,15.264267,1.223961,209.919729,0,1.2396694214876103
2005-12-05,sh.600261,9.6300,9.7500,9.3800,9.4300,9.8000,415000,3938851.0000,3,0.798077,1,-3.775509,1.668597,14.687963,1.177751,201.994188,0,-3.7755102040816446
2005-12-06,sh.600261,9.3800,9.4300,9.1000,9.1700,9.4300,556034,5168901.0000,3,1.069296,1,-2.757160,1.622591,14.282993,1.145278,196.424889,0,-2.75715800636267
2005-12-07,sh.600261,9.1800,9.3700,9.1100,9.3600,9.1700,363480,3356435.0000,3,0.699000,1,2.071969,1.656210,14.578933,1.169008,200.494762,0,2.071973827699014
2005-12-08,sh.600261,9.3300,9.4000,9.1800,9.3800,9.3600,167846,1561297.0000,3,0.322781,1,0.213680,1.659749,14.610085,1.171506,200.923169,0,0.21367521367523512
2005-12-09,sh.600261,9.3600,9.6700,9.2700,9.6700,9.3800,437562,4161301.0000,3,0.841465,1,3.091684,1.711064,15.061782,1.207725,207.135080,0,3.0916844349680117
2005-12-12,sh.600261,9.6700,9.7000,9.5200,9.6500,9.6700,353629,3402398.0000,3,0.680056,1,-0.206830,1.707525,15.030631,1.205227,206.706672,0,-0.20682523267838704
2005-12-13,sh.600261,9.6500,9.7100,9.5400,9.6800,9.6500,380989,3660978.0000,3,0.732671,1,0.310888,1.712833,15.077358,1.208974,207.349284,0,0.31088082901553626
2005-12-14,sh.600261,9.6100,9.9100,9.6000,9.8500,9.6800,711827,7005382.0000,3,1.368898,1,1.756199,1.742914,15.342146,1.230206,210.990748,0,1.7561983471074294
2005-12-15,sh.600261,9.8600,10.0200,9.8100,9.8800,9.8500,512113,5077997.0000,3,0.984833,1,0.304566,1.748222,15.388874,1.233953,211.633360,0,0.3045685279188026
2005-12-16,sh.600261,9.8600,10.0600,9.8000,10.0300,9.8800,411869,4114700.0000,3,0.792056,1,1.518215,1.774764,15.622510,1.252687,214.846417,0,1.5182186234817596
2005-12-19,sh.600261,10.0300,10.0300,9.9000,9.9700,10.0300,232951,2321000.0000,3,0.447983,1,-0.598200,1.764147,15.529056,1.245193,213.561194,0,-0.598205383848438
2005-12-20,sh.600261,9.9700,10.0000,9.8300,9.8600,9.9700,140610,1392540.0000,3,0.270404,1,-1.103316,1.744683,15.357722,1.231455,211.204952,0,-1.1033099297893756
2005-12-21,sh.600261,9.8800,9.9000,9.4700,9.5600,9.8600,837632,8037795.0000,3,1.610831,1,-3.042589,1.691599,14.890449,1.193987,204.778838,0,-3.0425963488843744
2005-12-22,sh.600261,9.6000,9.7000,9.5000,9.6500,9.5600,310120,2984919.0000,3,0.596385,1,0.941414,1.707525,15.030631,1.205227,206.706672,0,0.9414225941422494
2005-12-23,sh.600261,9.7000,9.9300,9.6500,9.8700,9.6500,386492,3784760.0000,3,0.743254,1,2.279795,1.746453,15.373298,1.232704,211.419156,0,2.2797927461139844
2005-12-26,sh.600261,9.8900,10.2800,9.8800,10.1500,9.8700,1166494,11856304.0000,3,2.243258,1,2.836877,1.795997,15.809420,1.267674,217.416862,0,2.8368794326241176
2005-12-27,sh.600261,10.1600,10.2200,10.0400,10.2000,10.1500,339202,3442267.0000,3,0.652312,1,0.492613,1.804845,15.887299,1.273919,218.487881,0,0.49261083743841194
2005-12-28,sh.600261,10.1900,10.4500,10.1200,10.3300,10.2000,677203,6981605.0000,3,1.302313,1,1.274511,1.827848,16.089784,1.290155,221.272531,0,1.2745098039215863
2005-12-29,sh.600261,10.3500,10.7000,10.2500,10.6800,10.3300,947155,9971800.0000,3,1.821452,1,3.388194,1.889779,16.634936,1.333868,228.769664,0,3.388189738625358
2005-12-30,sh.600261,10.7000,11.2000,10.5700,10.8000,10.6800,1157962,12586507.0000,3,2.226850,1,1.123594,1.911012,16.821846,1.348855,231.340110,0,1.1235955056179803
2006-01-04,sh.600261,10.5200,10.9600,10.5200,10.7500,10.8000,525040,5678165.0000,3,1.009692,1,-0.462965,1.902165,16.743967,1.342611,230.269091,0,-0.462962962962965
2006-01-05,sh.600261,10.7900,10.9500,10.6500,10.7600,10.7500,443094,4767801.0000,3,0.852104,1,0.093025,1.903934,16.759543,1.343860,230.483294,0,0.09302325581395099
2006-01-06,sh.600261,10.7000,10.8400,10.5800,10.6400,10.7600,824635,8808698.0000,3,1.585837,1,-1.115241,1.882701,16.572633,1.328872,227.912849,0,-1.1152416356877248
2006-01-09,sh.600261,10.6800,11.2000,10.6100,11.0800,10.6400,1566523,17081859.0000,3,3.012544,1,4.135334,1.960557,17.257968,1.383826,237.337816,0,4.135338345864659
2006-01-10,sh.600261,11.1000,11.1000,10.7200,10.9000,11.0800,837286,9090143.0000,3,1.610165,1,-1.624551,1.928707,16.977604,1.361345,233.482148,0,-1.6245487364620947
2006-01-11,sh.600261,10.9000,10.9100,10.3900,10.5100,10.9000,1325917,14095934.0000,3,2.549840,1,-3.577976,1.859698,16.370148,1.312636,225.128199,0,-3.5779816513761498
2006-01-12,sh.600261,10.5000,11.0000,10.4500,10.8900,10.5100,1150845,12484150.0000,3,2.213163,1,3.615605,1.926937,16.962028,1.360096,233.267944,0,3.6156041864890742
2006-01-13,sh.600261,10.9500,11.2500,10.9000,11.0000,10.8900,1426232,15794699.0000,3,2.742754,1,1.010098,1.946401,17.133361,1.373834,235.624186,0,1.0101010101009944
2006-01-16,sh.600261,11.0400,11.2500,10.7600,10.7800,11.0000,1038910,11439207.0000,3,1.997904,1,-2.000002,1.907473,16.790694,1.346357,230.911702,0,-2.0000000000000018
2006-01-17,sh.600261,10.6000,10.8200,10.5700,10.6000,10.7800,800908,8518706.0000,3,1.540208,1,-1.669753,1.875623,16.510330,1.323877,227.056034,0,-1.6697588126159513
2006-01-18,sh.600261,10.7000,10.9000,10.5800,10.7500,10.6000,846058,9085449.0000,3,1.627035,1,1.415091,1.902165,16.743967,1.342611,230.269091,0,1.4150943396226356
2006-01-19,sh.600261,10.8000,11.1900,10.7500,11.1300,10.7500,1577417,17161927.0000,3,3.033494,1,3.534885,1.969404,17.335847,1.390070,238.408835,0,3.5348837209302486
2006-01-20,sh.600261,11.1500,11.4300,10.8700,11.2500,11.1300,2221045,24741442.0000,3,4.271240,1,1.078166,1.990637,17.522756,1.405058,240.979281,0,1.0781671159029615
2006-01-23,sh.600261,11.1800,11.2800,10.8800,10.9400,11.2500,1641468,18020795.0000,3,3.156669,1,-2.755559,1.935784,17.039907,1.366340,234.338963,0,-2.7555555555555555
2006-01-24,sh.600261,10.9000,11.0100,10.7300,10.8400,10.9400,1075416,11672754.0000,3,2.068108,1,-0.914072,1.918090,16.884149,1.353851,232.196925,0,-0.9140767824497242
2006-01-25,sh.600261,10.8500,10.9800,10.4000,10.5000,10.8400,2085494,22043641.0000,3,4.010565,1,-3.136533,1.857928,16.354572,1.311387,224.913996,0,-3.136531365313655
2006-02-06,sh.600261,10.5000,10.7000,10.4800,10.6600,10.5000,1210646,12808419.0000,3,2.328165,1,1.523808,1.886240,16.603785,1.331370,228.341256,0,1.5238095238095273
2006-02-07,sh.600261,10.6600,10.6600,10.1500,10.1900,10.6600,2101421,21796240.0000,3,4.041194,1,-4.409008,1.803075,15.871723,1.272670,218.273678,0,-4.409005628517826
2006-02-08,sh.600261,10.2000,10.4500,9.9300,10.2600,10.1900,2111799,21519071.0000,3,4.061152,1,0.686954,1.815461,15.980753,1.281413,219.773104,0,0.6869479882237517
2006-02-09,sh.600261,10.2400,10.4500,10.1300,10.1700,10.2600,1005802,10359131.0000,3,1.934235,1,-0.877194,1.799536,15.840571,1.270172,217.845270,0,-0.8771929824561431
2006-02-10,sh.600261,10.0800,10.3300,10.0800,10.3000,10.1700,655896,6718434.0000,3,1.261338,1,1.278270,1.822539,16.043057,1.286408,220.629919,0,1.2782694198623545
2006-02-13,sh.600261,10.3100,10.4200,10.1500,10.4100,10.3000,869902,8921448.0000,3,1.672888,1,1.067958,1.842003,16.214390,1.300147,222.986161,0,1.0679611650485477
2006-02-14,sh.600261,10.4300,10.5500,10.4000,10.5000,10.4100,840488,8817064.0000,3,1.616323,1,0.864555,1.857928,16.354572,1.311387,224.913996,0,0.8645533141210304
2006-02-15,sh.600261,10.5000,10.5300,10.3100,10.3600,10.5000,711408,7387977.0000,3,1.368092,1,-1.333337,1.833156,16.136511,1.293902,221.915142,0,-1.333333333333342
2006-02-16,sh.600261,10.3500,10.3500,9.8500,9.8700,10.3600,1045060,10499401.0000,3,2.009731,1,-4.729728,1.746453,15.373298,1.232704,211.419156,0,-4.729729729729737
2006-02-17,sh.600261,9.8700,10.0000,9.8000,9.8400,9.8700,692126,6840147.0000,3,1.331012,1,-0.303949,1.741144,15.326571,1.228957,210.776544,0,-0.3039513677811523
2006-02-20,sh.600261,9.8300,9.8300,9.6200,9.7500,9.8400,543500,5280697.0000,3,1.045192,1,-0.914636,1.725219,15.186389,1.217717,208.848710,0,-0.9146341463414642
2006-02-21,sh.600261,9.6500,10.1000,9.6500,10.0800,9.7500,820564,8119992.0000,3,1.578008,1,3.384615,1.783611,15.700389,1.258932,215.917436,0,3.384615384615386
2006-02-22,sh.600261,10.0700,10.3000,10.0000,10.0600,10.0800,583141,5912159.0000,3,1.121425,1,-0.198408,1.780072,15.669238,1.256434,215.489028,0,-0.1984126984126977
2006-02-23,sh.600261,10.0000,10.2000,9.9200,10.2000,10.0600,411358,4131849.0000,3,0.791073,1,1.391644,1.804845,15.887299,1.273919,218.487881,0,1.391650099403563
2006-02-24,sh.600261,10.1600,10.5500,10.1600,10.4000,10.2000,1448777,15138974.0000,3,2.786110,1,1.960783,1.840234,16.198814,1.298898,222.771957,0,1.9607843137255054
2006-02-27,sh.600261,10.4400,10.4800,10.3000,10.3000,10.4000,575390,5990608.0000,3,1.106519,1,-0.961533,1.822539,16.043057,1.286408,220.629919,0,-0.9615384615384581
2006-02-28,sh.600261,10.2300,10.3100,10.0200,10.1100,10.3000,853623,8616833.0000,3,1.641583,1,-1.844665,1.788920,15.747117,1.262678,216.560047,0,-1.8446601941747742
2006-03-01,sh.600261,10.1000,10.8000,10.0800,10.6700,10.1100,1893543,20014820.0000,3,3.641429,1,5.539074,1.888009,16.619361,1.332619,228.555460,0,5.539070227497533
2006-03-02,sh.600261,10.6500,10.9300,10.4600,10.5100,10.6700,1475433,15855590.0000,3,2.837371,1,-1.499530,1.859698,16.370148,1.312636,225.128199,0,-1.4995313964386137
2006-03-03,sh.600261,10.5100,10.8700,10.4300,10.8000,10.5100,1615641,17244127.0000,3,3.107002,1,2.759277,1.911012,16.821846,1.348855,231.340110,0,2.7592768791627087
2006-03-06,sh.600261,10.7500,10.9600,10.3900,10.7100,10.8000,2472431,26477897.0000,3,4.754675,1,-0.833335,1.895087,16.681664,1.337615,229.412275,0,-0.8333333333333304
2006-03-07,sh.600261,10.6400,10.6800,10.1200,10.5000,10.7100,1248518,12928413.0000,3,2.400996,1,-1.960785,1.857928,16.354572,1.311387,224.913996,0,-1.9607843137254943
2006-03-08,sh.600261,10.2800,10.5200,10.0000,10.4900,10.5000,1345078,13828771.0000,3,2.586688,1,-0.095240,1.826686,16.133400,1.180717,15.474350,0,-0.09523809523809268
2006-03-09,sh.600261,10.3300,10.6000,10.2400,10.5400,10.4900,1045226,10936586.0000,3,2.010050,1,0.476646,1.835393,16.210299,1.186344,15.548108,0,0.4766444232602307
2006-03-10,sh.600261,10.5000,10.5500,10.4100,10.4400,10.5400,652900,6845957.0000,3,1.255577,1,-0.948770,1.817979,16.056501,1.175089,15.400592,0,-0.9487666034155517
2006-03-13,sh.600261,10.5000,10.5400,10.2100,10.2800,10.4400,598500,6167031.0000,3,1.150962,1,-1.532566,1.790118,15.810425,1.157080,15.164568,0,-1.532567049808431
2006-03-14,sh.600261,10.2300,10.4000,10.1800,10.2900,10.2800,196570,2022567.0000,3,0.378019,1,0.097278,1.791859,15.825804,1.158205,15.179319,0,0.09727626459143934
2006-03-15,sh.600261,10.3000,10.6900,10.2800,10.6900,10.2900,1354811,14377439.0000,3,2.605406,1,3.887265,1.861513,16.440996,1.203228,15.769380,0,3.8872691933916403
2006-03-16,sh.600261,10.6900,10.8400,10.6000,10.7000,10.6900,703670,7536517.0000,3,1.353212,1,0.093548,1.863255,16.456376,1.204353,15.784132,0,0.093545369504211
2006-03-17,sh.600261,10.7100,11.0400,10.6500,10.9500,10.7000,1789846,19506327.0000,3,3.442012,1,2.336449,1.906789,16.840870,1.232493,16.152920,0,2.336448598130847
2006-03-20,sh.600261,11.0200,11.0600,10.8500,11.0000,10.9500,1154885,12682057.0000,3,2.220933,1,0.456623,1.915496,16.917769,1.238120,16.226678,0,0.4566210045662267
2006-03-21,sh.600261,11.0300,11.0500,10.8000,10.9700,11.0000,1386422,15136218.0000,3,2.666196,1,-0.272725,1.910272,16.871630,1.234744,16.182423,0,-0.27272727272726893
2006-03-22,sh.600261,11.0200,11.5000,10.9000,11.3500,10.9700,3460566,39181618.0000,3,6.654935,1,3.463994,1.976443,17.456062,1.277515,16.742981,0,3.463992707383756
2006-03-23,sh.600261,11.3500,11.3800,11.1400,11.2400,11.3500,1836984,20645382.0000,3,3.532662,1,-0.969168,1.957288,17.286884,1.265134,16.580714,0,-0.9691629955947079
2006-03-24,sh.600261,11.3000,11.3000,10.9500,11.0100,11.2400,2049844,22678015.0000,3,3.942008,1,-2.046259,1.917237,16.933149,1.239246,16.241429,0,-2.0462633451957313
2006-03-27,sh.600261,10.8500,11.0900,10.8000,10.9200,11.0100,913152,9943077.0000,3,1.756062,1,-0.817440,1.901565,16.794731,1.229116,16.108666,0,-0.8174386920980936
2006-03-28,sh.600261,10.9600,11.2800,10.9600,11.2100,10.9200,1081833,12101326.0000,3,2.080448,1,2.655677,1.952064,17.240745,1.261757,16.536460,0,2.6556776556776684
2006-03-29,sh.600261,11.2300,11.6500,11.1800,11.3000,11.2100,2441851,27884695.0000,3,4.695867,1,0.802856,1.967736,17.379163,1.271887,16.669223,0,0.802854594112401
2006-03-30,sh.600261,11.2500,11.5000,11.2200,11.3200,11.3000,1473694,16790788.0000,3,2.834027,1,0.176987,1.971219,17.409923,1.274138,16.698727,0,0.1769911504424737
2006-03-31,sh.600261,11.2500,11.5000,10.9900,11.4200,11.3200,1353661,15198044.0000,3,2.603194,1,0.883396,1.988633,17.563721,1.285394,16.846242,0,0.8833922261484162
2006-04-03,sh.600261,11.4200,12.2900,11.3600,12.2600,11.4200,4415592,52862900.0000,3,8.491523,1,7.355518,2.134907,18.855623,1.379941,18.085370,0,7.35551663747811
2006-04-04,sh.600261,12.2600,12.7300,12.1200,12.4300,12.2600,3073457,38137904.0000,3,5.910494,1,1.386624,2.164510,19.117079,1.399076,18.336146,0,1.3866231647634564
2006-04-05,sh.600261,12.5000,13.4300,12.3300,13.3200,12.4300,3046957,39222494.0000,3,5.859533,1,7.160091,2.319491,20.485881,1.499251,19.649032,0,7.160096540627525
2006-04-06,sh.600261,13.2000,13.4000,12.9000,12.9200,13.3200,2436987,31887069.0000,3,4.686513,1,-3.003000,2.249837,19.870689,1.454229,19.058971,0,-3.003003003003002
2006-04-07,sh.600261,12.9200,13.3500,12.7900,13.0100,12.9200,1563874,20361115.0000,3,3.007450,1,0.696596,2.265509,20.009107,1.464359,19.191734,0,0.6965944272445901
2006-04-10,sh.600261,13.0600,13.8800,13.0600,13.5800,13.0100,2689953,36595717.0000,3,5.172987,1,4.381243,2.364766,20.885755,1.528516,20.032571,0,4.38124519600307
2006-04-11,sh.600261,13.5800,14.0900,13.1100,13.9500,13.5800,2523603,34859948.0000,3,4.853083,1,2.724594,2.429197,21.454808,1.570162,20.578378,0,2.72459499263622
2006-04-12,sh.600261,13.9500,14.1000,13.7000,13.8500,13.9500,1178833,16374940.0000,3,2.266987,1,-0.716842,2.411783,21.301010,1.558906,20.430862,0,-0.7168458781361964
2006-04-13,sh.600261,13.6800,13.9600,13.0200,13.3200,13.8500,1862124,25190066.0000,3,3.581008,1,-3.826720,2.319491,20.485881,1.499251,19.649032,0,-3.826714801444042
2006-04-14,sh.600261,13.3000,13.6400,13.2100,13.5900,13.3200,677021,9100100.0000,3,1.301963,1,2.027030,2.366508,20.901135,1.529641,20.047323,0,2.0270270270270174
2006-04-17,sh.600261,13.5900,14.4600,13.4500,14.1900,13.5900,1919745,27206097.0000,3,3.691817,1,4.415007,2.470989,21.823923,1.597175,20.932414,0,4.415011037527594
2006-04-18,sh.600261,14.1900,14.2000,13.7000,14.1900,14.1900,1355657,18921289.0000,3,2.607033,1,0.000000,2.470989,21.823923,1.597175,20.932414,0,0.0
2006-04-19,sh.600261,14.1500,14.2000,13.6000,14.0500,14.1900,1062756,14820600.0000,3,2.043762,1,-0.986606,2.446610,21.608605,1.581417,20.725893,0,-0.986610288935863
2006-04-20,sh.600261,14.0300,14.6100,13.6800,14.5000,14.0500,2213112,31169701.0000,3,4.255985,1,3.202846,2.524971,22.300696,1.632068,21.389712,0,3.2028469750889688
2006-04-21,sh.600261,14.4800,15.0700,14.2000,14.9400,14.5000,1919617,28524136.0000,3,3.691571,1,3.034480,2.601591,22.977407,1.681593,22.038779,0,3.0344827586206824
2006-04-24,sh.600261,14.9800,15.1000,14.4600,14.6900,14.9400,1421437,20902262.0000,3,2.733533,1,-1.673360,2.558057,22.592912,1.653453,21.669991,0,-1.6733601070950455
2006-04-25,sh.600261,14.5000,14.8500,14.2500,14.4100,14.6900,1044912,15110272.0000,3,2.009446,1,-1.906057,2.377237,20.454491,1.469444,44.568436,0,-1.9060585432266852
2006-04-26,sh.600261,14.3200,15.2000,14.3200,14.9600,14.4100,1168801,17351894.0000,3,2.247694,1,3.816795,2.467971,21.235197,1.525530,46.269522,0,3.8167938931297662
2006-04-27,sh.600261,14.8700,14.9900,14.1100,14.5700,14.9600,988101,14277626.0000,3,1.900194,1,-2.606954,2.403632,20.681606,1.485760,45.063298,0,-2.606951871657759
2006-04-28,sh.600261,14.3000,15.0800,14.1000,14.9800,14.5700,1216198,17916093.0000,3,2.338842,1,2.814000,2.471270,21.263586,1.527569,46.331379,0,2.8140013726835944
2006-05-08,sh.600261,14.9800,15.7500,14.8000,15.6900,14.9800,1344413,20593298.0000,3,2.585410,1,4.739653,2.588400,22.271407,1.599971,48.527326,0,4.739652870493982
2006-05-09,sh.600261,15.6900,16.1000,15.5100,15.9100,15.6900,1384019,21852845.0000,3,2.661575,1,1.402169,2.624694,22.583689,1.622405,49.207760,0,1.4021669853409913
2006-05-10,sh.600261,15.8900,16.0500,15.2000,15.6900,15.9100,1538633,24071762.0000,3,2.958910,1,-1.382780,2.588400,22.271407,1.599971,48.527326,0,-1.3827781269641792
2006-05-11,sh.600261,15.5000,16.1000,15.4000,15.4400,15.6900,1215009,19023694.0000,3,2.336556,1,-1.593372,2.547157,21.916540,1.574477,47.754105,0,-1.5933715742511123
2006-05-12,sh.600261,15.4400,15.4400,15.4400,15.4400,15.4400,0,0.0000,3,,0,0.000000,2.547157,21.916540,1.574477,47.754105,0,0.0
2006-05-15,sh.600261,15.9100,16.4800,15.2000,15.6800,15.4400,3869329,60813081.0000,3,7.441017,1,1.554409,2.586750,22.257212,1.598951,48.496397,0,1.5544041450777257
2006-05-16,sh.600261,15.5800,15.5800,14.1100,14.1100,15.6800,3074841,44973200.0000,3,5.913156,1,-10.012760,2.327745,20.028652,1.438852,43.640572,0,-10.012755102040815
2006-05-17,sh.600261,14.1100,14.2900,13.1900,13.7900,14.1100,4123672,56447733.0000,3,7.930138,1,-2.267893,2.274954,19.574423,1.406220,42.650849,0,-2.26789510985117
2006-05-18,sh.600261,13.6000,14.2800,13.4400,14.2500,13.7900,1372356,19069387.0000,3,2.639146,1,3.335751,2.350841,20.227377,1.453128,44.073575,0,3.3357505438723845
2006-05-19,sh.600261,14.3000,15.3000,14.1000,15.1000,14.2500,1588365,23522746.0000,3,3.054548,1,5.964915,2.491067,21.433922,1.539806,46.702525,0,5.964912280701751
2006-05-22,sh.600261,15.2000,15.3800,14.5800,14.8500,15.1000,1554975,23224473.0000,3,2.990337,1,-1.655629,2.449824,21.079056,1.514312,45.929305,0,-1.655629139072845
2006-05-23,sh.600261,14.6000,14.6500,13.6800,13.6800,14.8500,1201285,16900832.0000,3,2.310163,1,-7.878788,2.256808,19.418282,1.395003,42.310632,0,-7.878787878787874
2006-05-24,sh.600261,13.5800,14.0800,13.4000,14.0300,13.6800,958058,13206284.0000,3,1.842419,1,2.558475,2.314547,19.915095,1.430694,43.393141,0,2.558479532163749
2006-05-25,sh.600261,14.0500,14.2000,13.9100,14.1600,14.0300,517154,7270253.0000,3,0.994527,1,0.926587,2.335994,20.099625,1.443950,43.795216,0,0.9265858873841903
2006-05-26,sh.600261,14.1600,14.2300,13.8000,14.1200,14.1600,719573,10090843.0000,3,1.383794,1,-0.282486,2.329395,20.042846,1.439872,43.671500,0,-0.28248587570621764
2006-05-29,sh.600261,14.1100,15.0200,14.1000,14.9900,14.1200,2237645,32678433.0000,3,4.303163,1,6.161472,2.472920,21.277781,1.528589,46.362308,0,6.161473087818714
2006-05-30,sh.600261,15.0100,15.1000,14.4200,14.8100,14.9900,1469110,21615308.0000,3,2.825212,1,-1.200796,2.443225,21.022277,1.510234,45.805589,0,-1.200800533689128
2006-05-31,sh.600261,14.6600,15.0900,14.5100,14.9900,14.8100,1266523,18832309.0000,3,2.435621,1,1.215391,2.472920,21.277781,1.528589,46.362308,0,1.2153950033760852
2006-06-01,sh.600261,15.0800,15.5800,14.7800,15.3600,14.9900,1891163,28764349.0000,3,3.636852,1,2.468311,2.533959,21.802983,1.566319,47.506675,0,2.4683122081387454
2006-06-02,sh.600261,15.4000,15.8000,15.1600,15.2200,15.3600,817521,12536314.0000,3,1.572156,1,-0.911454,2.510863,21.604258,1.552043,47.073671,0,-0.9114583333333259
2006-06-05,sh.600261,15.1600,15.3500,14.5000,15.0600,15.2200,959983,14317733.0000,3,1.846121,1,-1.051247,2.484468,21.377144,1.535727,46.578810,0,-1.0512483574244391
2006-06-06,sh.600261,14.9600,15.4000,14.8100,14.9200,15.0600,898120,13576610.0000,3,1.727154,1,-0.929617,2.461372,21.178419,1.521451,46.145806,0,-0.9296148738379806
2006-06-07,sh.600261,12.3800,12.5800,11.3600,11.3700,12.3100,648070,7624755.0000,3,1.038574,1,-7.636073,2.250869,19.367181,1.391332,42.199288,0,-23.793565683646122
2006-06-08,sh.600261,11.2500,11.3500,10.7500,11.2900,11.3700,772866,8588448.0000,3,1.238567,1,-0.703605,2.235031,19.230912,1.381542,41.902372,0,-0.7036059806508344
2006-06-09,sh.600261,11.2900,11.2900,10.9900,11.1000,11.2900,899707,10034605.0000,3,1.441838,1,-1.682902,2.197418,18.907274,1.358292,41.197194,0,-1.6829052258635957
2006-06-12,sh.600261,11.0000,11.4000,10.9000,11.3200,11.1000,794147,8858107.0000,3,1.272671,1,1.981976,2.240970,19.282013,1.385214,42.013715,0,1.981981981981984
2006-06-13,sh.600261,11.2500,11.4900,10.9800,11.0900,11.3200,350950,3910795.0000,3,0.562420,1,-2.031798,2.195438,18.890241,1.357069,41.160080,0,-2.031802120141346
2006-06-14,sh.600261,11.0500,11.8900,11.0000,11.8700,11.0900,1027375,11920995.0000,3,1.646434,1,7.033361,2.349851,20.218860,1.452516,44.055018,0,7.033363390441827
2006-06-15,sh.600261,11.8800,12.4900,11.8000,12.3300,11.8700,1216458,14872410.0000,3,1.949452,1,3.875316,2.440916,21.002405,1.508806,45.762289,0,3.875315922493683
2006-06-16,sh.600261,12.3000,12.6300,12.1500,12.5600,12.3300,1195047,14986756.0000,3,1.915139,1,1.865373,2.486448,21.394177,1.536951,46.615925,0,1.8653690186536842
2006-06-19,sh.600261,12.4000,12.7600,12.2500,12.5600,12.5600,618818,7795437.0000,3,0.991696,1,0.000000,2.486448,21.394177,1.536951,46.615925,0,0.0
2006-06-20,sh.600261,12.6000,12.6900,12.2100,12.5600,12.5600,456488,5676497.0000,3,0.731551,1,0.000000,2.486448,21.394177,1.536951,46.615925,0,0.0
2006-06-21,sh.600261,12.3500,13.5500,12.2100,13.3300,12.5600,2340207,30753945.0000,3,3.750332,1,6.130569,2.638881,22.705763,1.631175,49.473748,0,6.130573248407645
2006-06-22,sh.600261,13.4200,13.5600,13.2000,13.3800,13.3300,1082319,14502892.0000,3,1.734486,1,0.375095,2.648779,22.790931,1.637293,49.659321,0,0.3750937734433579
2006-06-23,sh.600261,13.3800,13.8000,13.2800,13.7500,13.3800,801538,10864323.0000,3,1.284516,1,2.765321,2.722027,23.421173,1.682569,51.032561,0,2.7653213751868355
2006-06-26,sh.600261,13.7300,13.9100,13.5100,13.7900,13.7500,757510,10379295.0000,3,1.213958,1,0.290909,2.729945,23.489308,1.687464,51.181019,0,0.290909090909075
2006-06-27,sh.600261,13.8000,13.8800,13.1300,13.3100,13.7900,1197502,16054160.0000,3,1.919074,1,-3.480780,2.634922,22.671696,1.628727,49.399519,0,-3.4807831762146413
2006-06-28,sh.600261,13.3000,13.6300,13.2000,13.5800,13.3100,548126,7391514.0000,3,0.878407,1,2.028546,2.688372,23.131602,1.661767,50.401613,0,2.0285499624342673
2006-06-29,sh.600261,13.7000,14.1500,13.5800,13.9600,13.5800,879860,12243483.0000,3,1.410032,1,2.798234,2.763599,23.778878,1.708267,51.811967,0,2.798232695139924
2006-06-30,sh.600261,13.9600,14.0000,13.5600,13.5800,13.9600,765516,10507955.0000,3,1.226788,1,-2.722064,2.688372,23.131602,1.661767,50.401613,0,-2.7220630372492893
2006-07-03,sh.600261,13.6000,13.9700,13.6000,13.8400,13.5800,842100,11655061.0000,3,1.349519,1,1.914582,2.739844,23.574476,1.693583,51.366592,0,1.9145802650957222
2006-07-04,sh.600261,13.8300,14.0000,13.6600,13.7800,13.8400,868995,11927677.0000,3,1.392620,1,-0.433529,2.727966,23.472274,1.686240,51.143904,0,-0.43352601156069204
2006-07-05,sh.600261,13.7700,13.7700,13.3800,13.4900,13.7800,898382,12159950.0000,3,1.439715,1,-2.104499,2.670556,22.978300,1.650754,50.067581,0,-2.1044992743105895
2006-07-06,sh.600261,13.5000,13.9800,13.5000,13.7600,13.4900,661386,9116149.0000,3,1.059913,1,2.001486,2.724006,23.438207,1.683793,51.069675,0,2.0014825796886626
2006-07-07,sh.600261,13.6000,14.2000,13.6000,14.1000,13.7600,1327247,18565738.0000,3,2.126998,1,2.470931,2.791315,24.017349,1.725398,52.331571,0,2.470930232558133
2006-07-10,sh.600261,14.2000,14.2000,13.7800,13.9200,14.1000,351091,4898256.0000,3,0.562646,1,-1.276598,2.755681,23.710744,1.703372,51.663509,0,-1.276595744680853
2006-07-11,sh.600261,13.9200,14.1000,13.8500,14.0500,13.9200,467876,6543666.0000,3,0.749801,1,0.933909,2.781416,23.932181,1.719280,52.145998,0,0.9339080459770166
2006-07-12,sh.600261,14.0000,14.0000,12.6800,13.8400,14.0500,780368,10643509.0000,3,1.250590,1,-1.494662,2.739844,23.574476,1.693583,51.366592,0,-1.4946619217081958
2006-07-13,sh.600261,13.8900,14.1800,12.9100,12.9100,13.8400,1165626,15651905.0000,3,1.867990,1,-6.719656,2.555736,21.990353,1.579780,47.914935,0,-6.719653179190754
2006-07-14,sh.600261,12.6200,13.0000,12.2900,12.3000,12.9100,1569136,19782895.0000,3,2.514641,1,-4.725017,2.434977,20.951304,1.505135,45.650945,0,-4.725019364833461
2006-07-17,sh.600261,12.3900,12.7500,11.9000,12.4800,12.3000,2161793,26020458.0000,3,3.464412,1,1.463409,2.470610,21.257909,1.527161,46.319008,0,1.4634146341463428
2006-07-18,sh.600261,12.2900,12.4800,12.0300,12.3300,12.4800,608739,7469802.0000,3,0.975543,1,-1.201920,2.440916,21.002405,1.508806,45.762289,0,-1.2019230769230838
2006-07-19,sh.600261,12.1900,12.2000,11.9400,11.9800,12.3300,432866,5204186.0000,3,0.693696,1,-2.838608,2.371628,20.406230,1.465977,44.463278,0,-2.838605028386043
2006-07-20,sh.600261,11.9800,12.1800,11.9600,12.1200,11.9800,285226,3430053.0000,3,0.457093,1,1.168617,2.399343,20.644700,1.483108,44.982883,0,1.1686143572620988
2006-07-21,sh.600261,12.1000,12.1500,11.8200,12.1500,12.1200,263665,3179929.0000,3,0.422540,1,0.247523,2.405282,20.695800,1.486780,45.094226,0,0.24752475247524774
2006-07-24,sh.600261,12.0100,12.4000,11.9500,12.4000,12.1500,408974,5018457.0000,3,0.655407,1,2.057613,2.454773,21.121640,1.517372,46.022091,0,2.0576131687242816
2006-07-25,sh.600261,12.4000,12.6500,12.3000,12.6000,12.4000,737559,9214628.0000,3,1.181986,1,1.612910,2.494366,21.462312,1.541845,46.764383,0,1.6129032258064502
2006-07-26,sh.600261,12.6000,12.6000,12.4200,12.5500,12.6000,602957,7547360.0000,3,0.966277,1,-0.396827,2.484468,21.377144,1.535727,46.578810,0,-0.3968253968253843
2006-07-27,sh.600261,12.5500,12.5500,11.3400,12.1500,12.5500,1277150,15452533.0000,3,2.046715,1,-3.187256,2.405282,20.695800,1.486780,45.094226,0,-3.1872509960159334
2006-07-28,sh.600261,12.1500,12.2400,11.8500,12.0000,12.1500,614081,7363418.0000,3,0.984104,1,-1.234565,2.375587,20.440297,1.468424,44.537507,0,-1.2345679012345734
2006-07-31,sh.600261,12.0000,12.0300,11.5800,11.6600,12.0000,328367,3847129.0000,3,0.526229,1,-2.833334,2.308279,19.861155,1.426819,43.275611,0,-2.833333333333332
2006-08-01,sh.600261,11.7800,11.7800,11.5000,11.7500,11.6600,217090,2520593.0000,3,0.347901,1,0.771871,2.326095,20.014457,1.437832,43.609643,0,0.7718696397941649
2006-08-02,sh.600261,11.7600,11.7600,11.5200,11.6500,11.7500,164537,1910850.0000,3,0.263681,1,-0.851067,2.306299,19.844121,1.425595,43.238497,0,-0.8510638297872353
2006-08-03,sh.600261,11.7600,11.9000,11.6500,11.8600,11.6500,251030,2947662.0000,3,0.402292,1,1.802575,2.347872,20.201827,1.451293,44.017903,0,1.8025751072961338
2006-08-04,sh.600261,11.8900,11.9600,11.5000,11.8000,11.8600,214022,2522778.0000,3,0.342984,1,-0.505898,2.335994,20.099625,1.443950,43.795216,0,-0.5059021922428242
2006-08-07,sh.600261,11.6000,11.7000,11.2600,11.3900,11.8000,347420,3982078.0000,3,0.556763,1,-3.474575,2.254828,19.401248,1.393779,42.273518,0,-3.474576271186447
2006-08-08,sh.600261,11.3000,11.5200,11.2800,11.4200,11.3900,805268,9138444.0000,3,1.290494,1,0.263387,2.260767,19.452349,1.397450,42.384861,0,0.26338893766462146
2006-08-09,sh.600261,11.4200,11.4500,11.0800,11.2500,11.4200,438831,4912248.0000,3,0.703255,1,-1.488617,2.227113,19.162778,1.376648,41.753913,0,-1.488616462346759
2006-08-10,sh.600261,11.2500,11.8800,11.0200,11.5000,11.2500,613597,7101644.0000,3,0.983329,1,2.222222,2.276604,19.588618,1.407240,42.681778,0,2.2222222222222143
2006-08-11,sh.600261,11.6000,11.7500,11.3800,11.7000,11.5000,398966,4628454.0000,3,0.639369,1,1.739129,2.316197,19.929289,1.431714,43.424070,0,1.7391304347825987
2006-08-14,sh.600261,11.6000,11.7500,11.2200,11.2900,11.7000,242608,2780923.0000,3,0.388795,1,-3.504272,2.235031,19.230912,1.381542,41.902372,0,-3.504273504273503
2006-08-15,sh.600261,11.2900,11.2900,11.2900,11.2900,11.2900,0,0.0000,3,,0,0.000000,2.235031,19.230912,1.381542,41.902372,0,0.0
2006-08-16,sh.600261,11.4800,11.9600,11.4000,11.9600,11.2900,720159,8521855.0000,3,1.154101,1,5.934456,2.367668,20.372162,1.463529,44.389049,0,5.934455270150596
2006-08-17,sh.600261,11.9700,12.2000,11.7800,11.9000,11.9600,518418,6188025.0000,3,0.830798,1,-0.501676,2.335208,19.250923,1.272467,-83.146088,0,-0.5016722408026753
2006-08-18,sh.600261,11.8200,12.1700,11.7500,11.8200,11.9000,254470,3026497.0000,3,0.407804,1,-0.672268,2.319509,19.121505,1.263913,-82.587123,0,-0.6722689075630228
2006-08-21,sh.600261,11.5600,11.8600,11.5000,11.8600,11.8200,855731,10008147.0000,3,1.371364,1,0.338409,2.327358,19.186214,1.268190,-82.866606,0,0.33840947546530664
2006-08-22,sh.600261,11.8600,12.4600,11.8000,12.3100,11.8600,1270715,15535827.0000,3,2.036402,1,3.794273,2.415664,19.914190,1.316309,-86.010785,0,3.794266441821259
2006-08-23,sh.600261,12.2900,12.4900,12.1900,12.4600,12.3100,826202,10254152.0000,3,1.324042,1,1.218518,2.445100,20.156849,1.332348,-87.058845,0,1.2185215272136452
2006-08-24,sh.600261,12.4500,12.5500,12.2000,12.4900,12.4600,706464,8757094.0000,3,1.132154,1,0.240768,2.450987,20.205381,1.335556,-87.268457,0,0.24077046548955927
2006-08-25,sh.600261,12.5100,12.6600,12.3300,12.3700,12.4900,456931,5684224.0000,3,0.732261,1,-0.960768,2.427439,20.011254,1.322725,-86.430009,0,-0.960768614891927
2006-08-28,sh.600261,12.3700,12.5800,12.2500,12.5200,12.3700,2155118,26778411.0000,3,3.453715,1,1.212616,2.456874,20.253912,1.338764,-87.478069,0,1.2126111560226471
2006-08-29,sh.600261,12.5200,12.9800,12.4000,12.6600,12.5200,1909078,24304036.0000,3,3.059420,1,1.118206,2.484347,20.480394,1.353734,-88.456259,0,1.1182108626198062
2006-08-30,sh.600261,12.6500,12.6800,12.4400,12.5100,12.6600,579077,7261669.0000,3,0.928008,1,-1.184831,2.454912,20.237735,1.337695,-87.408199,0,-1.1848341232227555
2006-08-31,sh.600261,12.5200,12.6200,12.4000,12.6000,12.5100,632041,7892561.0000,3,1.012886,1,0.719426,2.472573,20.383330,1.347318,-88.037035,0,0.7194244604316502
2006-09-01,sh.600261,12.6600,12.9400,12.6000,12.6700,12.6000,1706028,21781574.0000,3,2.734019,1,0.555553,2.486309,20.496571,1.354804,-88.526129,0,0.5555555555555536
2006-09-04,sh.600261,12.7500,13.2000,12.7000,13.1000,12.6700,1686319,21980324.0000,3,2.702434,1,3.393846,2.570691,21.192193,1.400783,-91.530568,0,3.3938437253354437
2006-09-05,sh.600261,13.0200,13.4800,12.9200,13.0600,13.1000,570002,7445381.0000,3,0.913465,1,-0.305343,2.562841,21.127484,1.396506,-91.251085,0,-0.3053435114503733
2006-09-06,sh.600261,13.0600,13.0600,12.7800,12.9500,13.0600,594882,7674727.0000,3,0.953337,1,-0.842271,2.541255,20.949534,1.384744,-90.482508,0,-0.8422664624808673
2006-09-07,sh.600261,13.0100,13.0100,12.6000,12.6600,12.9500,754831,9593669.0000,3,1.209665,1,-2.239382,2.484347,20.480394,1.353734,-88.456259,0,-2.239382239382237
2006-09-08,sh.600261,12.7000,12.9000,12.5900,12.7100,12.6600,344236,4390471.0000,3,0.551660,1,0.394946,2.494159,20.561280,1.359081,-88.805612,0,0.3949447077409296
2006-09-11,sh.600261,12.6900,12.9500,12.5200,12.8900,12.7100,723514,9251952.0000,3,1.159478,1,1.416210,2.529481,20.852470,1.378328,-90.063284,0,1.4162077104642012
2006-09-12,sh.600261,13.0200,13.4000,12.6500,13.0100,12.8900,1379703,18094841.0000,3,2.211062,1,0.930953,2.553030,21.046597,1.391160,-90.901732,0,0.9309542280837801
2006-09-13,sh.600261,13.1500,13.3200,12.8100,12.8500,13.0100,886700,11560618.0000,3,1.420994,1,-1.229822,2.521632,20.787761,1.374051,-89.783801,0,-1.2298232129131503
2006-09-14,sh.600261,13.0000,13.0000,12.5200,12.6600,12.8500,656674,8346572.0000,3,1.052362,1,-1.478603,2.484347,20.480394,1.353734,-88.456259,0,-1.478599221789878
2006-09-15,sh.600261,12.5300,12.9800,12.5300,12.8000,12.6600,413246,5298408.0000,3,0.662253,1,1.105848,2.511820,20.706875,1.368704,-89.434448,0,1.1058451816745807
2006-09-18,sh.600261,12.8500,13.1000,12.8000,12.8800,12.8000,461598,5968852.0000,3,0.739740,1,0.624999,2.527519,20.836293,1.377259,-89.993413,0,0.6250000000000089
2006-09-19,sh.600261,12.9000,13.0500,12.8100,12.9500,12.8800,1184856,15340457.0000,3,1.898808,1,0.543476,2.541255,20.949534,1.384744,-90.482508,0,0.5434782608695565
2006-09-20,sh.600261,13.0000,13.0000,12.6800,12.6900,12.9500,970703,12376925.0000,3,1.555614,1,-2.007724,2.490234,20.528925,1.356942,-88.665871,0,-2.0077220077220015
2006-09-21,sh.600261,12.7100,12.9000,12.5900,12.7000,12.6900,563796,7146664.0000,3,0.903519,1,0.078804,2.492196,20.545103,1.358011,-88.735741,0,0.07880220646176994
2006-09-22,sh.600261,12.7000,12.7200,12.3000,12.3100,12.7000,904420,11258074.0000,3,1.449391,1,-3.070862,2.415664,19.914190,1.316309,-86.010785,0,-3.070866141732276
2006-09-25,sh.600261,12.3000,12.3900,12.1000,12.2700,12.3100,935875,11487475.0000,3,1.499800,1,-0.324939,2.407815,19.849481,1.312032,-85.731303,0,-0.32493907392364685
2006-09-26,sh.600261,12.3000,12.5000,12.2500,12.3000,12.2700,433547,5337100.0000,3,0.694787,1,0.244497,2.413702,19.898013,1.315239,-85.940915,0,0.24449877750611915
2006-09-27,sh.600261,12.4600,12.8800,12.3000,12.6900,12.3000,619409,7812669.0000,3,0.992643,1,3.170727,2.490234,20.528925,1.356942,-88.665871,0,3.170731707317054
2006-09-28,sh.600261,12.6800,12.8000,12.5300,12.6900,12.6900,521533,6616679.0000,3,0.835790,1,0.000000,2.490234,20.528925,1.356942,-88.665871,0,0.0
2006-09-29,sh.600261,12.7900,12.9400,12.7000,12.8200,12.6900,1020496,13085557.0000,3,1.635410,1,1.024430,2.515745,20.739230,1.370843,-89.574189,0,1.0244286840031647
2006-10-09,sh.600261,12.9100,13.0800,12.9100,13.0100,12.8200,1354919,17579307.0000,3,2.171345,1,1.482063,2.553030,21.046597,1.391160,-90.901732,0,1.4820592823712841
2006-10-10,sh.600261,13.0900,13.1200,12.9200,13.0000,13.0100,1292782,16812411.0000,3,2.071766,1,-0.076866,2.551067,21.030420,1.390090,-90.831861,0,-0.0768639508070712
2006-10-11,sh.600261,13.0100,13.1000,12.8100,13.0100,13.0000,1105970,14386802.0000,3,1.772388,1,0.076925,2.553030,21.046597,1.391160,-90.901732,0,0.07692307692308553
2006-10-12,sh.600261,13.0100,13.0900,12.8300,12.8600,13.0100,767300,9922477.0000,3,1.229647,1,-1.152964,2.523594,20.803939,1.375120,-89.853672,0,-1.1529592621060791
2006-10-13,sh.600261,12.8000,13.3700,12.8000,13.3000,12.8600,1787293,23650292.0000,3,2.864252,1,3.421466,2.609938,21.515737,1.422169,-92.927981,0,3.4214618973561484
2006-10-16,sh.600261,13.3600,13.4000,12.9800,13.0500,13.3000,545818,7158412.0000,3,0.874708,1,-1.879699,2.560879,21.111306,1.395437,-91.181215,0,-1.8796992481203034
2006-10-17,sh.600261,13.0500,13.6900,13.0000,13.6300,13.0500,1940829,26187955.0000,3,3.110303,1,4.444444,2.674696,22.049587,1.457456,-95.233713,0,4.444444444444451
2006-10-18,sh.600261,13.5000,13.6500,13.1500,13.5500,13.6300,1910585,25659929.0000,3,3.061835,1,-0.586940,2.658997,21.920169,1.448902,-94.674748,0,-0.5869405722670584
2006-10-19,sh.600261,13.5400,13.6500,13.3100,13.5400,13.5500,1126073,15197040.0000,3,1.804604,1,-0.073802,2.657035,21.903991,1.447833,-94.604877,0,-0.07380073800739018
2006-10-20,sh.600261,13.5000,13.5500,13.0600,13.1500,13.5400,3122360,41512175.0000,3,5.003782,1,-2.880357,2.580503,21.273079,1.406130,-91.879921,0,-2.8803545051698576
2006-10-23,sh.600261,13.0400,13.0800,12.5800,12.7500,13.1500,2264767,28890327.0000,3,3.629434,1,-3.041822,2.426652,20.135368,1.249423,-25.627730,0,-3.041825095057038
2006-10-24,sh.600261,12.5300,12.9500,12.5300,12.8200,12.7500,1253508,16026569.0000,3,2.008827,1,0.549017,2.439975,20.245915,1.256283,-25.768432,0,0.5490196078431486
2006-10-25,sh.600261,12.8000,12.9100,12.8000,12.8200,12.8200,917355,11782286.0000,3,1.470120,1,0.000000,2.439975,20.245915,1.256283,-25.768432,0,0.0
2006-10-26,sh.600261,12.6800,12.8500,12.5800,12.7600,12.8200,673240,8524212.0000,3,1.078910,1,-0.468014,2.428555,20.151160,1.250403,-25.647831,0,-0.46801872074883066
2006-10-27,sh.600261,12.5000,12.9500,12.2900,12.3000,12.7600,1483438,18481585.0000,3,2.377304,1,-3.605016,2.341005,19.424708,1.205326,-24.723222,0,-3.6050156739811823
2006-10-30,sh.600261,12.1200,12.2600,11.7800,11.9900,12.3000,1041480,12486005.0000,3,1.669038,1,-2.520329,2.282005,18.935142,1.174948,-24.100117,0,-2.5203252032520385
2006-10-31,sh.600261,11.9500,12.3900,11.3900,11.9900,11.9900,799727,9597197.0000,3,1.281614,1,0.000000,2.282005,18.935142,1.174948,-24.100117,0,0.0
2006-11-01,sh.600261,12.0000,12.0100,11.7500,11.9200,11.9900,1908949,22680836.0000,3,3.059213,1,-0.583817,2.268682,18.824595,1.168088,-23.959415,0,-0.5838198498749003
2006-11-02,sh.600261,11.9000,11.9500,11.7000,11.7800,11.9200,1154440,13647345.0000,3,1.850064,1,-1.174500,2.242036,18.603501,1.154369,-23.678013,0,-1.1744966442953086
2006-11-03,sh.600261,11.9400,12.1500,11.7000,12.1100,11.7800,1882100,22499615.0000,3,3.016186,1,2.801358,2.304844,19.124651,1.186707,-24.341319,0,2.8013582342954146
2006-11-06,sh.600261,12.0000,12.1000,11.9300,12.0400,12.1100,350210,4211619.0000,3,0.561234,1,-0.578032,2.291521,19.014104,1.179847,-24.200618,0,-0.5780346820809301
2006-11-07,sh.600261,12.0600,12.1200,11.7600,11.8200,12.0400,850609,10094732.0000,3,1.363155,1,-1.827245,2.249649,18.666671,1.158289,-23.758414,0,-1.8272425249169388
2006-11-08,sh.600261,11.9100,12.0900,11.7200,11.9500,11.8200,391384,4654744.0000,3,0.627218,1,1.099832,2.274391,18.871972,1.171028,-24.019716,0,1.0998307952622577
2006-11-09,sh.600261,11.8000,12.0000,11.8000,11.9700,11.9500,205595,2456418.0000,3,0.329479,1,0.167368,2.278198,18.903557,1.172988,-24.059916,0,0.16736401673640433
2006-11-10,sh.600261,11.9000,12.0400,11.7000,11.7000,11.9700,509762,6019807.0000,3,0.816926,1,-2.255643,2.226810,18.477161,1.146529,-23.517211,0,-2.2556390977443774
2006-11-13,sh.600261,11.7500,11.7500,11.1100,11.2200,11.7000,1010814,11420386.0000,3,1.619894,1,-4.102560,2.135454,17.719124,1.099492,-22.552403,0,-4.102564102564088
2006-11-14,sh.600261,11.2500,11.4500,11.0900,11.3900,11.2200,419956,4706617.0000,3,0.673006,1,1.515152,2.167809,17.987595,1.116151,-22.894106,0,1.5151515151515138
2006-11-15,sh.600261,11.3800,11.6600,11.2800,11.4000,11.3900,516893,5905594.0000,3,0.828354,1,0.087790,2.169712,18.003388,1.117131,-22.914206,0,0.08779631255486642
2006-11-16,sh.600261,11.4200,11.5000,11.1000,11.2000,11.4000,975539,10971641.0000,3,1.563364,1,-1.754384,2.131647,17.687539,1.097532,-22.512202,0,-1.7543859649122862
2006-11-17,sh.600261,11.2000,11.4700,11.2000,11.3900,11.2000,351136,3989833.0000,3,0.562718,1,1.696433,2.167809,17.987595,1.116151,-22.894106,0,1.6964285714285765
2006-11-20,sh.600261,11.3600,11.6700,11.2900,11.6300,11.3900,506580,5780777.0000,3,0.811827,1,2.107110,2.213487,18.366614,1.139670,-23.376510,0,2.1071115013169495
2006-11-21,sh.600261,11.5500,11.6700,11.3900,11.6200,11.6300,730690,8432196.0000,3,1.170978,1,-0.085986,2.211584,18.350822,1.138690,-23.356410,0,-0.08598452278590907
2006-11-22,sh.600261,11.5800,11.7800,11.5800,11.6800,11.6200,849144,9899634.0000,3,1.360808,1,0.516355,2.223004,18.445576,1.144570,-23.477011,0,0.5163511187607606
2006-11-23,sh.600261,11.6900,11.7800,11.5200,11.7000,11.6800,490387,5699666.0000,3,0.785877,1,0.171229,2.226810,18.477161,1.146529,-23.517211,0,0.1712328767123239
2006-11-24,sh.600261,11.7000,11.7000,11.5300,11.5600,11.7000,703960,8151671.0000,3,1.128141,1,-1.196576,2.200164,18.256067,1.132810,-23.235809,0,-1.1965811965811812
2006-11-27,sh.600261,11.5600,11.7800,11.4600,11.7700,11.5600,958226,11146944.0000,3,1.535619,1,1.816609,2.240133,18.587708,1.153389,-23.657913,0,1.8166089965397925
2006-11-28,sh.600261,11.9700,12.2500,11.8800,12.2200,11.7700,1875854,22770840.0000,3,3.006176,1,3.823278,2.325779,19.298368,1.197486,-24.562421,0,3.823279524214107
2006-11-29,sh.600261,12.0800,12.3000,11.9200,12.2700,12.2200,1069817,13025500.0000,3,1.714450,1,0.409167,2.335296,19.377331,1.202386,-24.662922,0,0.40916530278232166
2006-11-30,sh.600261,12.2900,12.4500,12.0900,12.3800,12.2700,1698177,20848897.0000,3,2.721437,1,0.896493,2.356232,19.551047,1.213165,-24.884024,0,0.8964955175224221
2006-12-01,sh.600261,12.3000,12.3800,12.1000,12.1700,12.3800,1394964,17026508.0000,3,2.235519,1,-1.696285,2.316263,19.219406,1.192587,-24.461920,0,-1.6962843295638241
2006-12-04,sh.600261,12.2000,12.4000,12.1500,12.3800,12.1700,1710455,21039392.0000,3,2.741114,1,1.725555,2.356232,19.551047,1.213165,-24.884024,0,1.725554642563698
2006-12-05,sh.600261,12.4000,12.7600,12.3600,12.4600,12.3800,1575117,19768566.0000,3,2.524226,1,0.646203,2.371458,19.677387,1.221005,-25.044825,0,0.646203554119551
2006-12-06,sh.600261,12.3800,12.3800,11.7900,11.9100,12.4600,1442218,17328597.0000,3,2.311247,1,-4.414127,2.266778,18.808803,1.167108,-23.939315,0,-4.414125200642061
2006-12-07,sh.600261,11.9000,11.9800,11.7700,11.7700,11.9100,1083560,12870572.0000,3,1.736474,1,-1.175478,2.240133,18.587708,1.153389,-23.657913,0,-1.1754827875734675
2006-12-08,sh.600261,11.7100,11.7100,11.4000,11.4100,11.7700,858169,9907465.0000,3,1.375271,1,-3.058629,2.171616,18.019180,1.118111,-22.934306,0,-3.0586236193712812
2006-12-11,sh.600261,11.3500,11.5200,11.2900,11.5100,11.4100,1723220,19588048.0000,3,2.761571,1,0.876428,2.190648,18.177105,1.127911,-23.135308,0,0.876424189307623
2006-12-12,sh.600261,11.5300,11.6800,11.4700,11.5800,11.5100,792944,9160459.0000,3,1.270744,1,0.608164,2.203971,18.287652,1.134770,-23.276009,0,0.6081668114682914
2006-12-13,sh.600261,11.6500,11.6500,11.4200,11.5500,11.5800,836763,9633026.0000,3,1.340966,1,-0.259065,2.198261,18.240274,1.131830,-23.215709,0,-0.2590673575129432
2006-12-14,sh.600261,11.5800,11.8300,11.4600,11.7300,11.5500,922202,10764136.0000,3,1.477888,1,1.558436,2.232520,18.524539,1.149469,-23.577512,0,1.558441558441559
2006-12-15,sh.600261,11.7300,12.2500,11.6000,12.0900,11.7300,2787011,33037028.0000,3,4.466364,1,3.069059,2.301037,19.093067,1.184747,-24.301118,0,3.069053708439884
2006-12-18,sh.600261,12.1600,13.2600,12.0500,13.1100,12.0900,7178556,90769390.0000,3,11.504096,1,8.436720,2.495169,20.703896,1.284701,-26.351337,0,8.436724565756816
2006-12-19,sh.600261,13.0000,13.3000,12.7700,13.2500,13.1100,3556077,46200988.0000,3,5.698841,1,1.067890,2.521815,20.924990,1.298420,-26.632739,0,1.067887109077037
2006-12-20,sh.600261,13.1000,13.6000,13.0000,13.3700,13.2500,3368454,44905909.0000,3,5.398163,1,0.905659,2.544654,21.114500,1.310179,-26.873942,0,0.9056603773584859
2006-12-21,sh.600261,13.3100,13.7000,13.1000,13.2800,13.3700,1960921,26403541.0000,3,3.142502,1,-0.673150,2.527525,20.972368,1.301360,-26.693040,0,-0.6731488406881092
2006-12-22,sh.600261,13.1000,13.5000,13.1000,13.3200,13.2800,1511092,20138249.0000,3,2.421622,1,0.301204,2.535138,21.035537,1.305280,-26.773441,0,0.3012048192771122
2006-12-25,sh.600261,13.4000,13.8000,13.3300,13.4000,13.3200,1363752,18475019.0000,3,2.185500,1,0.600600,2.550364,21.161877,1.313119,-26.934242,0,0.6006006006006093
2006-12-26,sh.600261,13.5000,13.8500,12.9600,13.0400,13.4000,1517088,20244103.0000,3,2.431231,1,-2.686565,2.481846,20.593349,1.277841,-26.210636,0,-2.68656716417911
2006-12-27,sh.600261,13.0000,13.1900,12.7000,12.7700,13.0400,1086840,13936144.0000,3,1.741731,1,-2.070548,2.430459,20.166953,1.251383,-25.667931,0,-2.0705521472392574
2006-12-28,sh.600261,12.7200,12.9000,12.3800,12.5400,12.7700,938844,11752112.0000,3,1.504558,1,-1.801100,2.386684,19.803727,1.228844,-25.205627,0,-1.8010963194988294
2006-12-29,sh.600261,12.4700,12.9700,12.4700,12.7000,12.5400,912646,11630582.0000,3,1.462574,1,1.275916,2.417136,20.056406,1.244523,-25.527230,0,1.2759170653907415
2007-01-04,sh.600261,12.7500,13.2000,12.7000,12.7500,12.7000,837344,10860384.0000,3,1.341897,1,0.393702,2.426652,20.135368,1.249423,-25.627730,0,0.3937007874015741
2007-01-05,sh.600261,12.6100,13.6000,12.6100,13.4100,12.7500,1492374,19737441.0000,3,2.391625,1,5.176469,2.552267,21.177669,1.314099,-26.954342,0,5.1764705882352935
2007-01-08,sh.600261,13.4100,13.9500,13.2800,13.9500,13.4100,1972334,27058874.0000,3,3.160792,1,4.026845,2.655043,22.030461,1.367016,-28.039752,0,4.026845637583887
2007-01-09,sh.600261,14.0100,14.3800,13.8700,14.3300,13.9500,2264454,32155762.0000,3,3.628933,1,2.724015,2.727367,22.630574,1.404254,-28.803559,0,2.7240143369175795
2007-01-10,sh.600261,14.3800,14.6800,14.1600,14.5700,14.3300,1899911,27306137.0000,3,3.044729,1,1.674806,2.773045,23.009593,1.427772,-29.285963,0,1.6748080949057886
2007-01-11,sh.600261,14.5900,15.0600,14.3500,15.0000,14.5700,2030978,30148425.0000,3,3.254772,1,2.951272,2.854885,23.688668,1.469910,-30.150271,0,2.951269732326689
2007-01-12,sh.600261,15.0000,16.5000,15.0000,15.7800,15.0000,4324624,69384361.0000,3,6.930487,1,5.199998,3.003339,24.920479,1.546345,-31.718085,0,5.200000000000005
2007-01-15,sh.600261,15.7600,16.3000,15.6700,16.0900,15.7800,2000904,31920255.0000,3,3.206577,1,1.964515,3.062340,25.410045,1.576723,-32.341191,0,1.9645120405576755
2007-01-16,sh.600261,16.1000,16.1000,15.3000,15.5600,16.0900,4206201,65300447.0000,3,6.740707,1,-3.293970,2.961467,24.573045,1.524786,-31.275881,0,-3.293971410814167
2007-01-17,sh.600261,15.5300,16.3900,15.5300,16.2100,15.5600,3590696,57592583.0000,3,5.754321,1,4.177369,3.085179,25.599554,1.588482,-32.582393,0,4.1773778920308535
2007-01-18,sh.600261,16.2200,16.4800,15.6600,16.1900,16.2100,1559978,25126034.0000,3,2.499965,1,-0.123372,3.081372,25.567969,1.586522,-32.542193,0,-0.12338062924120985
2007-01-19,sh.600261,16.3000,16.5800,16.0900,16.5700,16.1900,1956199,32113410.0000,3,3.134934,1,2.347122,3.153696,26.168082,1.623760,-33.305999,0,2.3471278567016585
2007-01-22,sh.600261,16.9300,18.2300,16.7200,18.2200,16.5700,1961780,34488520.0000,3,3.143878,1,9.957753,3.467733,28.773836,1.785450,-36.622529,0,9.957754978877475
2007-01-23,sh.600261,18.1000,18.1500,17.0000,17.8200,18.2200,2121339,37655469.0000,3,3.399582,1,-2.195388,3.391603,28.142138,1.746253,-35.818522,0,-2.1953896816684915
2007-01-24,sh.600261,17.3800,17.9500,17.3500,17.4600,17.8200,1064786,18715020.0000,3,1.706388,1,-2.020205,3.323086,27.573610,1.710975,-35.094916,0,-2.020202020202022
2007-01-25,sh.600261,17.4600,17.4600,15.7100,15.7500,17.4600,2555968,41629373.0000,3,4.096103,1,-9.793810,2.997629,24.873102,1.543405,-31.657785,0,-9.7938144329897
2007-01-26,sh.600261,15.6900,15.9900,15.2900,15.5000,15.7500,3233789,50392977.0000,3,5.182354,1,-1.587302,2.950048,24.478290,1.518907,-31.155280,0,-1.5873015873015928
2007-01-29,sh.600261,15.7600,16.1200,15.0000,16.0800,15.5000,7636352,117306891.0000,3,12.237744,1,3.741935,3.060436,25.394252,1.575743,-32.321091,0,3.7419354838709618
2007-01-30,sh.600261,15.9000,15.9000,15.1300,15.4000,16.0800,5361134,82649794.0000,3,8.591561,1,-4.228858,2.931015,24.320366,1.509107,-30.954278,0,-4.228855721393021
2007-01-31,sh.600261,15.2600,15.4900,14.4000,14.4900,15.4000,3187825,47649029.0000,3,5.108694,1,-5.909090,2.757819,22.883253,1.419933,-29.125162,0,-5.909090909090908
2007-02-01,sh.600261,14.3000,14.3900,13.6000,14.0600,14.4900,6208639,86715694.0000,3,9.949742,1,-2.967559,2.675979,22.204178,1.377795,-28.260854,0,-2.9675638371290503
2007-02-02,sh.600261,14.1800,14.5500,13.8000,14.1300,14.0600,2702730,38549283.0000,3,4.331298,1,0.497864,2.689301,22.314725,1.384655,-28.401555,0,0.4978662873399653
2007-02-05,sh.600261,14.1000,14.8400,14.1000,14.8000,14.1300,2868761,41909757.0000,3,4.597373,1,4.741685,2.816820,23.372819,1.450311,-29.748267,0,4.741684359518761
2007-02-06,sh.600261,14.8200,15.2500,14.4800,15.2200,14.8000,5312941,79440125.0000,3,8.514329,1,2.837838,2.896756,24.036102,1.491468,-30.592475,0,2.837837837837842
2007-02-07,sh.600261,15.4800,15.6000,14.6900,15.3900,15.2200,9084265,136825516.0000,3,14.558117,1,1.116952,2.929112,24.304574,1.508127,-30.934178,0,1.1169513797634645
2007-02-08,sh.600261,15.2500,15.5000,15.0500,15.1600,15.3900,2714877,41343413.0000,3,4.350764,1,-1.494480,2.885337,23.941347,1.485589,-30.471874,0,-1.4944769330734298
2007-02-09,sh.600261,15.1600,15.4300,15.0300,15.2500,15.1600,2119212,32318760.0000,3,3.396173,1,0.593669,2.902466,24.083479,1.494408,-30.652776,0,0.593667546174137
2007-02-12,sh.600261,15.2300,15.6800,15.1600,15.4400,15.2500,2845893,43991219.0000,3,4.560726,1,1.245899,2.938628,24.383536,1.513027,-31.034679,0,1.2459016393442601
2007-02-13,sh.600261,15.4700,15.8500,15.3000,15.4000,15.4400,2073339,32166504.0000,3,3.322659,1,-0.259067,2.931015,24.320366,1.509107,-30.954278,0,-0.2590673575129432
2007-02-14,sh.600261,15.4000,15.9100,15.3100,15.7200,15.4000,3868654,60249633.0000,3,6.199766,1,2.077926,2.991919,24.825724,1.540465,-31.597484,0,2.0779220779220786
2007-02-15,sh.600261,15.7000,16.3600,15.7000,16.2200,15.7200,2878782,46332128.0000,3,4.613433,1,3.180655,3.087082,25.615347,1.589462,-32.602493,0,3.1806615776081237
2007-02-16,sh.600261,16.3600,16.8500,16.3600,16.4500,16.2200,2354767,39243457.0000,3,3.773665,1,1.418011,3.130857,25.978573,1.612001,-33.064797,0,1.4180024660912505
2007-02-26,sh.600261,16.6000,16.7100,16.1000,16.6900,16.4500,2790968,45927556.0000,3,4.472705,1,1.458965,3.176535,26.357591,1.635519,-33.547202,0,1.458966565349562
2007-02-27,sh.600261,16.7300,16.8000,15.0200,15.0200,16.6900,4966016,78681596.0000,3,7.958359,1,-10.005990,2.858691,23.720253,1.471869,-30.190471,0,-10.00599161174357
2007-02-28,sh.600261,14.9400,15.2000,14.6200,15.0900,15.0200,3495944,52098139.0000,3,5.602474,1,0.466043,2.872014,23.830800,1.478729,-30.331173,0,0.46604527296938425
2007-03-01,sh.600261,15.0500,15.0800,14.6300,14.6600,15.0900,1629249,23995771.0000,3,2.610976,1,-2.849571,2.790174,23.151725,1.436592,-29.466865,0,-2.8495692511597115
2007-03-02,sh.600261,14.7500,15.2800,14.6800,15.0500,14.6600,1433503,21529326.0000,3,2.297280,1,2.660302,2.864401,23.767630,1.474809,-30.250772,0,2.660300136425642
2007-03-05,sh.600261,15.0500,15.3000,14.8000,15.2700,15.0500,2110321,31923597.0000,3,3.381925,1,1.461796,2.906273,24.115064,1.496368,-30.692976,0,1.4617940199335377
2007-03-06,sh.600261,15.2700,15.8200,15.2000,15.7500,15.2700,2441846,38158391.0000,3,3.913215,1,3.143415,2.997629,24.873102,1.543405,-31.657785,0,3.143418467583503
2007-03-07,sh.600261,15.7800,15.9400,15.6100,15.8000,15.7500,1903104,29981033.0000,3,3.049846,1,0.317462,3.007145,24.952064,1.548305,-31.758286,0,0.31746031746031633
2007-03-08,sh.600261,15.8800,16.1000,15.8200,15.9400,15.8000,1645605,26281048.0000,3,2.637188,1,0.886072,3.033791,25.173158,1.562024,-32.039688,0,0.8860759493670711
2007-03-09,sh.600261,15.9700,16.0700,15.6800,15.7200,15.9400,1719149,27177171.0000,3,2.755046,1,-1.380171,2.991919,24.825724,1.540465,-31.597484,0,-1.3801756587201952
2007-03-12,sh.600261,15.7900,17.2800,15.7000,17.0700,15.7200,5159413,85751971.0000,3,8.268290,1,8.587783,3.248859,26.957704,1.672757,-34.311008,0,8.587786259541975
2007-03-13,sh.600261,17.0700,17.7900,17.0000,17.2200,17.0700,3857053,67189092.0000,3,6.181175,1,0.878732,3.277408,27.194591,1.687456,-34.612511,0,0.878734622144095
2007-03-14,sh.600261,17.0000,18.1800,16.4000,17.7300,17.2200,4537012,79685354.0000,3,7.270853,1,2.961674,3.374474,28.000006,1.737433,-35.637620,0,2.961672473867605
2007-03-15,sh.600261,17.8200,19.0000,17.8100,18.6000,17.7300,3871099,71900821.0000,3,6.203684,1,4.906942,3.540057,29.373949,1.822688,-37.386336,0,4.906937394247035
2007-03-16,sh.600261,18.6600,19.1000,17.9000,18.7000,18.6000,4081610,75928455.0000,3,6.541042,1,0.537636,3.559090,29.531873,1.832487,-37.587338,0,0.5376344086021501
2007-03-19,sh.600261,18.0600,19.6600,18.0000,19.2800,18.7000,3582850,68729881.0000,3,5.741747,1,3.101604,3.669478,30.447835,1.889324,-38.753148,0,3.1016042780748654
2007-03-20,sh.600261,19.3500,19.5700,19.0500,19.3900,19.2800,1914604,36782655.0000,3,3.068276,1,0.570533,3.690414,30.621552,1.900103,-38.974250,0,0.5705394190871349
2007-03-21,sh.600261,19.3100,19.4000,18.0500,18.8100,19.3900,3583498,67019098.0000,3,5.742785,1,-2.991232,3.580025,29.705590,1.843267,-37.808440,0,-2.991232594120685
2007-03-22,sh.600261,19.0000,19.5500,18.0500,18.7100,18.8100,2389198,44928981.0000,3,3.828843,1,-0.531634,3.560993,29.547665,1.833467,-37.607438,0,-0.5316321105794719
2007-03-23,sh.600261,18.7100,18.9100,18.1100,18.8200,18.7100,2465040,45477095.0000,3,3.950385,1,0.587924,3.581929,29.721382,1.844247,-37.828540,0,0.5879208979155504
2007-03-26,sh.600261,18.9000,19.2500,18.3600,18.9500,18.8200,2412969,45416666.0000,3,3.866937,1,0.690760,3.606671,29.926684,1.856986,-38.089842,0,0.6907545164718254
2007-03-27,sh.600261,19.4900,19.8100,19.0300,19.6300,18.9500,3475489,67373414.0000,3,5.569694,1,3.588382,3.736092,31.000570,1.923622,-39.456655,0,3.5883905013192496
2007-03-28,sh.600261,19.5800,19.7000,18.2000,18.9100,19.6300,3997126,75919573.0000,3,6.405651,1,-3.667852,3.599058,29.863514,1.853066,-38.009442,0,-3.667855323484459
2007-03-29,sh.600261,18.8900,18.8900,18.1000,18.1800,18.9100,3168839,58336304.0000,3,5.078268,1,-3.860389,3.460120,28.710666,1.781530,-36.542129,0,-3.860391327340029
2007-03-30,sh.600261,18.2500,18.4900,18.1800,18.4800,18.1800,1368273,25094920.0000,3,2.192745,1,1.650161,3.517218,29.184439,1.810929,-37.145134,0,1.650165016501659
2007-04-02,sh.600261,18.5100,19.3200,18.3800,19.2000,18.4800,2159760,41060181.0000,3,3.461154,1,3.896111,3.654252,30.321495,1.881484,-38.592347,0,3.8961038961038863
2007-04-03,sh.600261,19.4000,19.7600,19.2200,19.4900,19.2000,2374493,46290808.0000,3,3.805277,1,1.510411,3.709447,30.779476,1.909903,-39.175252,0,1.5104166666666696
2007-04-04,sh.600261,19.4900,20.0500,19.2500,19.9800,19.4900,2705591,53432568.0000,3,4.335883,1,2.514109,3.802706,31.553306,1.957920,-40.160161,0,2.5141097998973905
2007-04-05,sh.600261,20.2200,20.5800,19.8000,20.2900,19.9800,1648369,33488670.0000,3,2.641617,1,1.551558,3.861707,32.042872,1.988298,-40.783267,0,1.5515515515515554
2007-04-06,sh.600261,20.1500,20.7800,20.0000,20.2800,20.2900,2807160,56929734.0000,3,4.498654,1,-0.049286,3.859804,32.027079,1.987318,-40.763166,0,-0.04928536224739766
2007-04-09,sh.600261,20.4000,20.5000,20.0300,20.1500,20.2800,1914661,38606174.0000,3,3.068367,1,-0.641031,3.835062,31.821778,1.974579,-40.501864,0,-0.6410256410256499
2007-04-10,sh.600261,20.2100,20.6700,19.5000,20.1300,20.1500,2149376,43051337.0000,3,3.444513,1,-0.099258,3.831255,31.790193,1.972619,-40.461664,0,-0.09925558312654514
2007-04-11,sh.600261,20.2100,20.3300,19.5900,20.0000,20.1300,2845673,56312219.0000,3,4.560373,1,-0.645798,3.806513,31.584891,1.959879,-40.200361,0,-0.6458022851465461
2007-04-12,sh.600261,20.0000,20.9800,19.8400,20.9000,20.0000,2827373,57767891.0000,3,4.531046,1,4.499998,3.977806,33.006211,2.048074,-42.009378,0,4.499999999999993
2007-04-13,sh.600261,20.9800,21.4000,20.3600,20.4900,20.9000,2758297,57710267.0000,3,4.420348,1,-1.961722,3.899773,32.358721,2.007896,-41.185270,0,-1.9617224880382755
2007-04-16,sh.600261,20.4900,20.4900,20.4900,20.4900,20.4900,0,0.0000,3,,0,0.000000,3.899773,32.358721,2.007896,-41.185270,0,0.0
2007-04-17,sh.600261,21.1900,21.2500,19.8900,20.2500,20.4900,4433626,90703919.0000,3,7.105170,1,-1.171302,3.854094,31.979702,1.984378,-40.702866,0,-1.17130307467056
2007-04-18,sh.600261,20.3000,20.3500,19.7800,20.0000,20.2500,6607099,131918848.0000,3,10.588300,1,-1.234568,3.806513,31.584891,1.959879,-40.200361,0,-1.2345679012345734
2007-04-19,sh.600261,20.0200,20.2400,18.1000,18.9500,20.0000,5279889,102489641.0000,3,8.461361,1,-5.249996,3.606671,29.926684,1.856986,-38.089842,0,-5.249999999999999
2007-04-20,sh.600261,19.0300,19.8500,19.0300,19.7800,18.9500,4248429,82411330.0000,3,6.808380,1,4.379947,3.764641,31.237457,1.938321,-39.758157,0,4.379947229551462
2007-04-23,sh.600261,19.8700,19.9900,19.4100,19.9800,19.7800,7917613,156076404.0000,3,12.688482,1,1.011117,3.515231,27.525920,1.693170,-219.174612,0,1.0111223458038276
2007-04-24,sh.600261,20.0100,20.4500,19.8000,19.9800,19.9800,6547056,131836512.0000,3,10.492077,1,0.000000,3.515231,27.525920,1.693170,-219.174612,0,0.0
2007-04-25,sh.600261,19.8800,19.8800,18.9000,19.4000,19.9800,4386694,85003637.0000,3,7.029958,1,-2.902903,3.413187,26.726869,1.644019,-212.812185,0,-2.902902902902915
2007-04-26,sh.600261,19.2600,19.7500,19.0500,19.4000,19.4000,2844198,55511165.0000,3,4.558010,1,0.000000,3.413187,26.726869,1.644019,-212.812185,0,0.0
2007-04-27,sh.600261,19.4000,19.6500,19.2200,19.5600,19.4000,2844623,55154253.0000,3,4.558691,1,0.824742,3.441337,26.947297,1.657578,-214.567337,0,0.8247422680412342
2007-04-30,sh.600261,19.6000,20.3300,19.5800,20.0800,19.5600,5169328,103082380.0000,3,8.284179,1,2.658489,3.532825,27.663687,1.701644,-220.271582,0,2.658486707566454
2007-05-08,sh.600261,20.3300,21.0900,20.2500,21.0000,20.0800,6857133,142049378.0000,3,10.988995,1,4.581674,3.694687,28.931147,1.779608,-230.363706,0,4.5816733067729265
2007-05-09,sh.600261,21.1900,21.1900,19.7000,20.3400,21.0000,4328294,88506581.0000,3,6.936369,1,-3.142856,3.578569,28.021882,1.723677,-223.123704,0,-3.1428571428571472
2007-05-10,sh.600261,20.3200,20.3200,19.8000,20.0300,20.3400,4111095,82037435.0000,3,6.588293,1,-1.524088,3.524028,27.594803,1.697407,-219.723097,0,-1.524090462143557
2007-05-11,sh.600261,19.8000,19.8000,19.2000,19.4900,20.0300,3256054,63530273.0000,3,5.218035,1,-2.695961,3.429022,26.850860,1.651646,-213.799458,0,-2.6959560659011617
2007-05-14,sh.600261,19.2500,19.9600,19.0200,19.9400,19.4900,3238918,63676288.0000,3,5.190574,1,2.308880,3.508194,27.470813,1.689780,-218.735824,0,2.3088763468445572
2007-05-15,sh.600261,19.9000,19.9000,18.9100,19.0300,19.9400,2835038,54872268.0000,3,4.543330,1,-4.563690,3.348090,26.217130,1.612664,-208.753396,0,-4.563691073219656
2007-05-16,sh.600261,19.0300,19.4800,18.7900,19.4200,19.0300,2293597,43829899.0000,3,3.675636,1,2.049392,3.416706,26.754423,1.645714,-213.031579,0,2.0493956910141886
2007-05-17,sh.600261,19.5400,20.5000,19.5000,20.3500,19.4200,3134332,62126778.0000,3,5.022968,1,4.788879,3.580328,28.035659,1.724525,-223.233401,0,4.788877445932016
2007-05-18,sh.600261,20.4800,20.4800,19.8800,20.0400,20.3500,3156810,63625988.0000,3,5.058990,1,-1.523339,3.525787,27.608580,1.698254,-219.832794,0,-1.523341523341537
2007-05-21,sh.600261,19.4000,20.6000,19.2400,20.5200,20.0400,4045418,81750082.0000,3,6.483042,1,2.395207,3.610237,28.269864,1.738931,-225.098250,0,2.39520958083832
2007-05-22,sh.600261,21.5000,22.5700,21.5000,22.5700,20.5200,8754281,194304416.0000,3,14.029296,1,9.990250,3.970909,31.094095,1.912655,-247.586135,0,9.990253411306039
2007-05-23,sh.600261,23.1700,23.3000,22.2500,22.7400,22.5700,7226944,164061795.0000,3,11.581641,1,0.753213,4.000819,31.328299,1.927061,-249.450984,0,0.7532122286220577
2007-05-24,sh.600261,22.9900,23.0000,21.6500,22.1600,22.7400,4894273,108445535.0000,3,7.843386,1,-2.550571,3.898775,30.529248,1.877910,-243.088558,0,-2.5505716798592704
2007-05-25,sh.600261,22.0000,22.5200,21.7800,22.2400,22.1600,4918067,109504030.0000,3,7.881518,1,0.361011,3.912850,30.639462,1.884689,-243.966134,0,0.3610108303248927
2007-05-28,sh.600261,17.5000,17.5000,17.1000,17.2600,17.0300,3241403,55887360.0000,3,3.995812,1,1.350555,3.947685,30.912242,1.901469,-246.138135,0,-22.392086330935236
2007-05-29,sh.600261,17.2900,17.5000,17.0200,17.4400,17.2600,7520856,129848203.0000,3,9.271272,1,1.042875,3.988855,31.234617,1.921299,-248.705045,0,1.0428736964078755
2007-05-30,sh.600261,16.4800,18.1800,16.2000,16.7100,17.4400,10920302,188598106.0000,3,13.461911,1,-4.185788,3.821890,29.927205,1.840877,-238.294799,0,-4.185779816513769
2007-05-31,sh.600261,16.8000,17.5000,15.0500,17.1400,16.7100,7348304,121892164.0000,3,9.058560,1,2.573311,3.920239,30.697325,1.888249,-244.426862,0,2.5733093955715214
2007-06-01,sh.600261,17.2000,17.3500,15.5000,15.6900,17.1400,5709633,94882804.0000,3,7.038502,1,-8.459743,3.588597,28.100410,1.728508,-223.748977,0,-8.459743290548428
2007-06-04,sh.600261,15.7900,16.1800,14.2000,14.4900,15.6900,6898386,103112970.0000,3,8.503928,1,-7.648183,3.314135,25.951239,1.596308,-206.636244,0,-7.648183556405352
2007-06-05,sh.600261,14.0500,15.5200,14.0000,15.4900,14.4900,5278509,77583216.0000,3,6.507038,1,6.901311,3.542853,27.742215,1.706474,-220.896854,0,6.901311249137332
2007-06-06,sh.600261,15.5800,16.2000,15.5100,16.0600,15.4900,4782065,76030938.0000,3,5.895051,1,3.679791,3.673223,28.763071,1.769269,-229.025402,0,3.6797934151065137
2007-06-07,sh.600261,16.1500,16.7800,16.1500,16.6900,16.0600,4494658,74222170.0000,3,5.540752,1,3.922796,3.817316,29.891385,1.838674,-238.009587,0,3.922789539227911
2007-06-08,sh.600261,16.8000,17.8100,16.5300,17.4300,16.6900,7076849,122519786.0000,3,8.723926,1,4.433791,3.986568,31.216707,1.920197,-248.562439,0,4.433792690233673
2007-06-11,sh.600261,17.5200,18.3000,17.5000,18.2700,17.4300,7878282,141062245.0000,3,9.711886,1,4.819278,4.178691,32.721127,2.012737,-260.541351,0,4.819277108433728
2007-06-12,sh.600261,18.3000,18.4800,17.8000,18.4100,18.2700,7106764,128975965.0000,3,8.760804,1,0.766280,4.210712,32.971864,2.028160,-262.537837,0,0.766283524904221
2007-06-13,sh.600261,18.4300,18.7500,18.1900,18.3100,18.4100,7488508,138242645.0000,3,9.231395,1,-0.543185,4.187840,32.792766,2.017143,-261.111776,0,-0.5431830526887671
2007-06-14,sh.600261,18.2800,18.2800,17.8000,17.8000,18.3100,4084075,73174486.0000,3,5.034609,1,-2.785365,4.071194,31.879369,1.960958,-253.838864,0,-2.785363189513912
2007-06-15,sh.600261,17.6000,18.2000,17.5000,18.1000,17.8000,4311426,77082712.0000,3,5.314874,1,1.685400,4.139809,32.416661,1.994008,-258.117048,0,1.6853932584269593
2007-06-18,sh.600261,18.4000,19.5800,18.1500,19.3300,18.1000,7826513,148279533.0000,3,9.648068,1,6.795578,4.421133,34.619561,2.129513,-275.657598,0,6.7955801104972124
2007-06-19,sh.600261,19.3000,20.4800,18.8100,20.0300,19.3300,6061704,118965964.0000,3,7.472515,1,3.621318,4.581236,35.873244,2.206629,-285.640025,0,3.6213140196585725
2007-06-20,sh.600261,19.5100,20.3600,18.5100,18.8500,20.0300,4765407,93728684.0000,3,5.874516,1,-5.891164,4.311348,33.759893,2.076633,-268.812505,0,-5.891163255117327
2007-06-21,sh.600261,18.5100,18.9500,18.0000,18.4000,18.8500,3397735,62769711.0000,3,4.188529,1,-2.387272,4.208425,32.953954,2.027058,-262.395231,0,-2.3872679045092937
2007-06-22,sh.600261,18.4000,18.4900,16.8000,17.5100,18.4000,3240882,57142406.0000,3,3.995170,1,-4.836954,4.004865,31.359986,1.929010,-249.703287,0,-4.836956521739111
2007-06-25,sh.600261,17.5100,17.8000,16.7000,16.9400,17.5100,3007441,51642841.0000,3,3.707398,1,-3.255281,3.874495,30.339129,1.866215,-241.574739,0,-3.2552826956025127
2007-06-26,sh.600261,16.5000,17.6000,16.5000,17.5500,16.9400,1707025,29022847.0000,3,2.104321,1,3.600937,4.014014,31.431625,1.933417,-250.273712,0,3.6009445100354087
2007-06-27,sh.600261,17.4800,17.7900,17.1000,17.5800,17.5500,3114434,54144948.0000,3,3.839292,1,0.170944,4.020875,31.485354,1.936722,-250.701530,0,0.17094017094014813
2007-06-28,sh.600261,17.5000,17.6500,16.7000,16.9800,17.5800,2623325,44971286.0000,3,3.233882,1,-3.412972,3.883644,30.410768,1.870622,-242.145164,0,-3.4129692832764347
2007-06-29,sh.600261,16.5600,17.0500,15.7000,16.4200,16.9800,2652403,43911605.0000,3,3.269728,1,-3.297995,3.755562,29.407822,1.808929,-234.159222,0,-3.297997644287387
2007-07-02,sh.600261,16.3000,17.0500,16.3000,17.0000,16.4200,2222197,37453553.0000,3,2.739395,1,3.532277,3.888219,30.446588,1.872825,-242.430376,0,3.5322777101096214
2007-07-03,sh.600261,16.9000,17.5600,16.9000,17.5100,17.0000,1523657,26212374.0000,3,1.878275,1,3.000001,4.004865,31.359986,1.929010,-249.703287,0,3.0000000000000027
2007-07-04,sh.600261,17.6100,17.8900,17.2000,17.5700,17.5100,2026399,35509414.0000,3,2.498026,1,0.342658,4.018588,31.467444,1.935620,-250.558924,0,0.34266133637921303
2007-07-05,sh.600261,17.6000,17.9500,16.0500,16.8100,17.5700,1955279,33531754.0000,3,2.410354,1,-4.325556,3.844762,30.106303,1.851894,-239.720860,0,-4.325554923164498
2007-07-06,sh.600261,16.3200,17.5300,16.2500,17.5000,16.8100,2375620,40545075.0000,3,2.928526,1,4.104703,4.002578,31.342076,1.927909,-249.560681,0,4.104699583581217
2007-07-09,sh.600261,17.3100,18.2900,17.3100,17.9900,17.5000,2194255,39205390.0000,3,2.704949,1,2.799999,4.114650,32.219654,1.981890,-256.548380,0,2.7999999999999803
2007-07-10,sh.600261,17.9000,17.9000,16.9800,17.0000,17.9900,1279180,22179936.0000,3,1.576898,1,-5.503056,3.888219,30.446588,1.872825,-242.430376,0,-5.503057254030008
2007-07-11,sh.600261,16.8000,17.1800,16.6100,16.8500,17.0000,691918,11664360.0000,3,0.852956,1,-0.882351,3.853911,30.177942,1.856300,-240.291285,0,-0.8823529411764675
2007-07-12,sh.600261,17.0000,17.0000,16.6000,16.8000,16.8500,859614,14388350.0000,3,1.059682,1,-0.296743,3.842475,30.088393,1.850792,-239.578254,0,-0.29673590504450953
2007-07-13,sh.600261,16.9300,16.9300,16.4500,16.5700,16.8000,509182,8428688.0000,3,0.627690,1,-1.369045,3.789870,29.676468,1.825454,-236.298314,0,-1.3690476190476253
2007-07-16,sh.600261,16.5100,16.8500,16.1000,16.5000,16.5700,476662,7869543.0000,3,0.587601,1,-0.422448,3.773859,29.551100,1.817742,-235.300071,0,-0.4224502112251116
2007-07-17,sh.600261,16.3000,16.8500,16.3000,16.7000,16.5000,742405,12347444.0000,3,0.915194,1,1.212126,3.819603,29.909295,1.839776,-238.152193,0,1.2121212121211977
2007-07-18,sh.600261,16.6500,16.8200,16.5000,16.5700,16.7000,359503,5998609.0000,3,0.443174,1,-0.778450,3.789870,29.676468,1.825454,-236.298314,0,-0.7784431137724535
2007-07-19,sh.600261,16.7000,16.9700,16.2000,16.6700,16.5700,666997,11053606.0000,3,0.822235,1,0.603503,3.812741,29.855566,1.836471,-237.724375,0,0.6035003017501595
2007-07-20,sh.600261,16.5600,17.1500,16.5600,17.1300,16.6700,948586,16121898.0000,3,1.169361,1,2.759443,3.917952,30.679415,1.887147,-244.284255,0,2.7594481103779156
2007-07-23,sh.600261,17.0000,18.0000,17.0000,17.8200,17.1300,1857421,32784070.0000,3,2.289720,1,4.028024,4.075768,31.915188,1.963162,-254.124077,0,4.028021015761829
2007-07-24,sh.600261,17.8200,18.2500,17.5200,17.5600,17.8200,1571520,28036823.0000,3,1.937278,1,-1.459036,4.016301,31.449534,1.934518,-250.416318,0,-1.4590347923681302
2007-07-25,sh.600261,17.3900,18.0000,17.3200,17.9300,17.5600,1657183,29381636.0000,3,2.042878,1,2.107066,4.100927,32.112195,1.975280,-255.692744,0,2.1070615034168627
2007-07-26,sh.600261,18.1800,18.5000,17.8600,18.4400,17.9300,2648920,48075702.0000,3,3.265434,1,2.844396,4.217574,33.025593,2.031465,-262.965655,0,2.844394868934752
2007-07-27,sh.600261,18.2800,19.3600,18.2000,18.9900,18.4400,3439803,65156974.0000,3,4.240388,1,2.982642,4.343369,34.010630,2.092056,-270.808991,0,2.9826464208242864
2007-07-30,sh.600261,18.9900,19.3200,18.7800,18.9600,18.9900,2353108,44766255.0000,3,2.900774,1,-0.157981,4.336507,33.956900,2.088751,-270.381172,0,-0.15797788309634964
2007-07-31,sh.600261,18.9600,19.0500,18.5000,18.9800,18.9600,1916970,35951624.0000,3,2.363129,1,0.105488,4.341082,33.992720,2.090955,-270.666385,0,0.10548523206750371
2007-08-01,sh.600261,19.0000,19.6800,18.0200,18.0600,18.9800,2498886,47401700.0000,3,3.080481,1,-4.847208,4.130660,32.345022,1.989602,-257.546623,0,-4.847207586933622
2007-08-02,sh.600261,17.9000,18.4800,17.7000,18.4000,18.0600,1696809,30839959.0000,3,2.091727,1,1.882614,4.208425,32.953954,2.027058,-262.395231,0,1.882613510520481
2007-08-03,sh.600261,18.4600,18.5600,18.1100,18.4700,18.4000,1474374,27083407.0000,3,1.817522,1,0.380433,4.224435,33.079322,2.034770,-263.393473,0,0.38043478260869623
2007-08-06,sh.600261,18.5000,18.8600,18.3000,18.5000,18.4700,1486818,27561277.0000,3,1.832862,1,0.162429,4.231297,33.133052,2.038075,-263.821292,0,0.16242555495398214
2007-08-07,sh.600261,19.2100,20.3500,19.2100,20.3500,18.5000,10335685,208258891.0000,3,12.741229,1,10.000000,4.654426,36.446357,2.241882,-290.203421,0,10.000000000000009
2007-08-08,sh.600261,20.1500,21.4000,19.5000,20.3500,20.3500,6712546,138499661.0000,3,8.274835,1,0.000000,4.654426,36.446357,2.241882,-290.203421,0,0.0
2007-08-09,sh.600261,20.2100,22.3900,20.1100,22.3900,20.3500,7311382,156346771.0000,3,9.013045,1,10.024560,5.121013,40.099947,2.466621,-319.295066,0,10.024570024570023
2007-08-10,sh.600261,22.7000,22.7000,21.5200,22.2600,22.3900,4382110,96973815.0000,3,5.402009,1,-0.580613,5.091279,39.867120,2.452300,-317.441187,0,-0.5806163465832959
2007-08-13,sh.600261,21.8800,21.8800,20.6000,20.9100,22.2600,3472795,73894945.0000,3,4.281059,1,-6.064692,4.782509,37.449303,2.303575,-298.189363,0,-6.064690026954189
2007-08-14,sh.600261,20.8500,22.4500,20.2000,21.9000,20.9100,2479190,53292189.0000,3,3.056201,1,4.734576,5.008940,39.222369,2.412640,-312.307367,0,4.734576757532283
2007-08-15,sh.600261,21.8800,22.3900,21.1100,21.5000,21.9000,2004825,43758877.0000,3,2.471431,1,-1.826482,4.917453,38.505979,2.368573,-306.603123,0,-1.826484018264829
2007-08-16,sh.600261,21.3000,21.3000,20.2800,20.3600,21.5000,3275598,67179348.0000,3,4.037966,1,-5.302323,4.656714,36.464266,2.242984,-290.346027,0,-5.302325581395351
2007-08-17,sh.600261,20.4400,20.7500,20.1000,20.1400,20.3600,1224879,25040516.0000,3,1.509959,1,-1.080556,4.606395,36.070252,2.218747,-287.208693,0,-1.080550098231825
2007-08-20,sh.600261,20.6700,21.4200,20.6500,20.7800,20.1400,2529456,52900968.0000,3,3.118166,1,3.177763,4.752775,37.216476,2.289254,-296.335483,0,3.1777557100297837
2007-08-21,sh.600261,20.7000,20.7900,20.0000,20.5900,20.7800,2599033,53151324.0000,3,3.203936,1,-0.914343,4.642621,36.945802,2.276797,95.139189,0,-0.9143407122232938
2007-08-22,sh.600261,20.1400,21.0800,20.0100,20.9600,20.5900,2694082,55800290.0000,3,3.321107,1,1.796984,4.726048,37.609714,2.317711,96.848830,0,1.7969888295289005
2007-08-23,sh.600261,20.9200,21.2900,20.6800,20.7900,20.9600,3258253,68200672.0000,3,4.016584,1,-0.811060,4.687717,37.304673,2.298913,96.063319,0,-0.8110687022900853
2007-08-24,sh.600261,21.0000,21.5600,20.6900,21.4600,20.7900,3426175,72962248.0000,3,4.223589,1,3.222694,4.838788,38.506892,2.373000,99.159155,0,3.222703222703238
2007-08-27,sh.600261,21.5000,21.8600,20.5800,21.2100,21.4600,2624390,55476473.0000,3,3.235195,1,-1.164958,4.782418,38.058303,2.345355,98.003992,0,-1.164958061509791
2007-08-28,sh.600261,21.0800,21.0800,20.0000,20.4800,21.2100,2052070,41744840.0000,3,2.529672,1,-3.441771,4.617818,36.748422,2.264634,94.630918,0,-3.441772748703442
2007-08-29,sh.600261,20.2800,20.6800,19.8000,20.1500,20.4800,2253801,45305408.0000,3,2.778354,1,-1.611328,4.543410,36.156285,2.228143,93.106103,0,-1.611328125000011
2007-08-30,sh.600261,20.0500,21.3000,20.0500,21.0900,20.1500,2969012,61606175.0000,3,3.660025,1,4.665015,4.755361,37.842980,2.332086,97.449514,0,4.665012406947899
2007-08-31,sh.600261,21.0700,21.5700,20.6000,21.4100,21.0900,3543439,75203630.0000,3,4.368145,1,1.517305,4.827514,38.417174,2.367471,98.928122,0,1.5173067804646667
2007-09-03,sh.600261,21.9900,22.1700,21.0000,21.3500,21.4100,4303195,93294202.0000,3,5.304728,1,-0.280240,4.813985,38.309513,2.360836,98.650883,0,-0.28024287716019725
2007-09-04,sh.600261,21.4800,21.5800,20.3800,20.4900,21.3500,2566542,52996372.0000,3,3.163883,1,-4.028106,4.620073,36.766366,2.265739,94.677124,0,-4.0281030444965005
2007-09-05,sh.600261,20.4800,20.7900,19.9000,20.2900,20.4900,2463879,49909573.0000,3,3.037326,1,-0.976080,4.574977,36.407495,2.243624,93.752994,0,-0.9760858955588092
2007-09-06,sh.600261,20.4100,20.7200,20.1800,20.6900,20.2900,2725258,55517415.0000,3,3.359539,1,1.971412,4.665169,37.125237,2.287855,95.601254,0,1.9714144898965058
2007-09-07,sh.600261,20.5500,20.7000,19.6800,19.7100,20.6900,4575742,91443478.0000,3,5.640708,1,-4.736595,4.444199,35.366768,2.179489,91.073017,0,-4.736587723537944
2007-09-10,sh.600261,19.5500,20.0000,18.9800,19.9200,19.7100,1956465,37941938.0000,3,2.411816,1,1.065454,4.491550,35.743583,2.202710,92.043353,0,1.0654490106544845
2007-09-11,sh.600261,20.0000,20.0000,17.9800,18.0300,19.9200,2071406,39606981.0000,3,2.553508,1,-9.487948,4.065394,32.352249,1.993718,83.310324,0,-9.487951807228923
2007-09-12,sh.600261,18.0400,18.7300,18.0100,18.5300,18.0300,1867173,34215687.0000,3,2.301742,1,2.773156,4.178133,33.249427,2.049007,85.620650,0,2.773155851358844
2007-09-13,sh.600261,18.3500,18.7900,18.0200,18.4100,18.5300,1482623,27083544.0000,3,1.827691,1,-0.647603,4.151076,33.034104,2.035737,85.066172,0,-0.6475984889368624
2007-09-14,sh.600261,18.4500,18.6800,18.0000,18.4500,18.4100,2013310,36608188.0000,3,2.481891,1,0.217278,4.160095,33.105879,2.040161,85.250998,0,0.21727322107549796
2007-09-17,sh.600261,18.5800,18.6500,18.4000,18.5500,18.4500,2352139,43605149.0000,3,2.899580,1,0.541997,4.182643,33.285314,2.051218,85.713063,0,0.5420054200542035
2007-09-18,sh.600261,18.5500,19.9000,18.5500,19.2500,18.5500,3780598,73446225.0000,3,4.660500,1,3.773589,4.340478,34.541364,2.128623,88.947518,0,3.7735849056603765
2007-09-19,sh.600261,19.6400,20.1000,19.0000,19.4100,19.2500,3858823,75255757.0000,3,4.756932,1,0.831168,4.376555,34.828461,2.146315,89.686822,0,0.831168831168827
2007-09-20,sh.600261,19.6000,19.8000,18.5000,18.8800,19.4100,1579530,30163715.0000,3,1.947152,1,-2.730555,4.257051,33.877452,2.087709,87.237877,0,-2.7305512622359696
2007-09-21,sh.600261,18.9800,19.0000,18.0500,18.3000,18.8800,1728275,31782751.0000,3,2.130517,1,-3.072034,4.126273,32.836725,2.023574,84.557900,0,-3.072033898305071
2007-09-24,sh.600261,18.3200,18.3200,17.7500,18.0900,18.3000,1292380,23320483.0000,3,1.593171,1,-1.147536,4.078922,32.459910,2.000353,83.587563,0,-1.1475409836065653
2007-09-25,sh.600261,18.1800,18.2000,17.5900,17.9600,18.0900,2010174,35745865.0000,3,2.478025,1,-0.718635,4.049610,32.226644,1.985977,82.986879,0,-0.7186290768380288
2007-09-26,sh.600261,17.8800,18.8000,17.7200,18.6200,17.9600,3080375,56078222.0000,3,3.797306,1,3.674843,4.198426,33.410919,2.058959,86.036508,0,3.674832962138086
2007-09-27,sh.600261,18.7700,18.9000,17.9700,18.1300,18.6200,1690260,31003873.0000,3,2.083654,1,-2.631588,4.087941,32.531684,2.004776,83.772389,0,-2.6315789473684292
2007-09-28,sh.600261,18.1300,18.5800,18.1300,18.4300,18.1300,1983079,36520289.0000,3,2.444624,1,1.654722,4.155585,33.069991,2.037949,85.158585,0,1.6547159404302292
2007-10-08,sh.600261,18.6000,18.7000,18.1600,18.1800,18.4300,1267722,23250423.0000,3,1.562774,1,-1.356484,4.099215,32.621402,2.010305,84.003422,0,-1.3564839934888773
2007-10-09,sh.600261,18.2000,18.7000,18.2000,18.5900,18.1800,1210028,22366955.0000,3,1.491652,1,2.255225,4.191662,33.357089,2.055641,85.897889,0,2.255225522552262
2007-10-10,sh.600261,18.8800,18.8800,18.3000,18.4800,18.5900,1039705,19223224.0000,3,1.281688,1,-0.591719,4.166859,33.159709,2.043478,85.389617,0,-0.5917159763313529
2007-10-11,sh.600261,18.5000,18.6500,18.0600,18.1200,18.4800,1479620,26910791.0000,3,1.823989,1,-1.948045,4.085687,32.513741,2.003670,83.726183,0,-1.9480519480519431
2007-10-12,sh.600261,18.1000,18.1000,16.6000,17.3200,18.1200,1920791,33561434.0000,3,2.367839,1,-4.415017,3.905303,31.078256,1.915208,80.029663,0,-4.415011037527594
2007-10-15,sh.600261,17.3200,17.3200,17.3200,17.3200,17.3200,0,0.0000,3,,0,0.000000,3.905303,31.078256,1.915208,80.029663,0,0.0
2007-10-16,sh.600261,17.7000,18.5600,17.0300,18.4600,17.3200,1546209,27395146.0000,3,1.906076,1,6.581983,4.162350,33.123822,2.041266,85.297204,0,6.58198614318708
2007-10-17,sh.600261,18.2800,18.2800,17.6100,17.8500,18.4600,798577,14315396.0000,3,0.984439,1,-3.304435,4.024807,32.029265,1.973814,82.478607,0,-3.304442036836397
2007-10-18,sh.600261,17.9100,17.9100,17.1600,17.2500,17.8500,1079377,18730198.0000,3,1.330593,1,-3.361346,3.889520,30.952651,1.907467,79.706217,0,-3.3613445378151363
2007-10-19,sh.600261,17.2500,17.8000,17.0000,17.1600,17.2500,1365176,23917465.0000,3,1.682909,1,-0.521740,3.869226,30.791159,1.897515,79.290359,0,-0.521739130434784
2007-10-22,sh.600261,17.0800,17.2000,16.7700,17.0600,17.1600,712995,12104358.0000,3,0.878939,1,-0.582753,3.846679,30.611723,1.886457,78.828294,0,-0.5827505827505908
2007-10-23,sh.600261,17.1800,17.2900,16.1800,16.4500,17.0600,979512,16174162.0000,3,1.207485,1,-3.575608,3.709136,29.517165,1.819005,76.009697,0,-3.5756154747948354
2007-10-24,sh.600261,16.4500,16.8000,16.2200,16.5600,16.4500,790585,13092423.0000,3,0.974587,1,0.668685,3.733939,29.714545,1.831169,76.517969,0,0.6686930091185372
2007-10-25,sh.600261,16.5000,16.7900,15.0000,15.0300,16.5600,1684268,26126546.0000,3,2.076267,1,-9.239129,3.388955,26.969179,1.661984,69.448374,0,-9.239130434782606
2007-10-26,sh.600261,15.0000,15.4300,14.7800,15.2300,15.0300,770133,11635294.0000,3,0.949375,1,1.330671,3.316326,26.683305,1.646172,22.630338,0,1.330671989354637
2007-10-29,sh.600261,15.5000,15.5800,14.9500,15.4900,15.2300,574350,8737437.0000,3,0.708025,1,1.707158,3.372941,27.138831,1.674275,23.016673,0,1.7071569271175369
2007-10-30,sh.600261,15.5000,15.6000,15.1000,15.5400,15.4900,964207,14748850.0000,3,1.188618,1,0.322790,3.383828,27.226432,1.679679,23.090969,0,0.32278889606196515
2007-10-31,sh.600261,15.6400,16.4400,15.5500,16.4300,15.5400,1836222,29543653.0000,3,2.263587,1,5.727158,3.577625,28.785732,1.775877,24.413424,0,5.727155727155742
2007-11-01,sh.600261,16.5500,16.5500,15.9100,16.1700,16.4300,1877339,30221967.0000,3,2.314274,1,-1.582472,3.521010,28.330206,1.747774,24.027089,0,-1.5824710894704719
2007-11-02,sh.600261,16.0000,16.0000,15.4800,15.4800,16.1700,774774,12138864.0000,3,0.955096,1,-4.267165,3.370763,27.121311,1.673194,23.001814,0,-4.267161410018561
2007-11-05,sh.600261,15.3100,15.4800,15.1200,15.4500,15.4800,771290,11788676.0000,3,0.950801,1,-0.193797,3.364231,27.068750,1.669951,22.957237,0,-0.19379844961241455
2007-11-06,sh.600261,15.3800,15.7000,15.3800,15.5600,15.4500,721802,11250501.0000,3,0.889795,1,0.711978,3.388183,27.261473,1.681841,23.120687,0,0.7119741100323651
2007-11-07,sh.600261,15.6800,15.7900,15.0500,15.3200,15.5600,638078,9746426.0000,3,0.786585,1,-1.542421,3.335923,26.840987,1.655900,22.764069,0,-1.5424164524421635
2007-11-08,sh.600261,15.3300,15.4000,14.5000,14.6400,15.3200,1132730,16888971.0000,3,1.396363,1,-4.438638,3.187854,25.649612,1.582400,21.753654,0,-4.43864229765013
2007-11-09,sh.600261,14.5900,14.8800,13.6400,14.1600,14.6400,1186053,16756845.0000,3,1.462097,1,-3.278692,3.083334,24.808641,1.530518,21.040419,0,-3.2786885245901676
2007-11-12,sh.600261,13.9000,14.1300,13.4100,13.9400,14.1600,1208117,16649582.0000,3,1.489296,1,-1.553674,3.035429,24.423196,1.506739,20.713520,0,-1.5536723163841804
2007-11-13,sh.600261,14.1800,14.6300,14.0100,14.4500,13.9400,1392639,19989733.0000,3,1.716764,1,3.658538,3.146481,25.316728,1.561864,21.471332,0,3.658536585365857
2007-11-14,sh.600261,14.5800,14.7800,14.4000,14.7200,14.4500,674458,9855397.0000,3,0.831432,1,1.868515,3.205274,25.789774,1.591047,21.872526,0,1.86851211072665
2007-11-15,sh.600261,14.7800,14.7800,14.3000,14.3000,14.7200,594950,8609199.0000,3,0.733420,1,-2.853261,3.113819,25.053924,1.545651,21.248446,0,-2.8532608695652217
2007-11-16,sh.600261,14.1600,14.5000,14.0200,14.3900,14.3000,366803,5229292.0000,3,0.452173,1,0.629372,3.133416,25.211606,1.555379,21.382178,0,0.6293706293706292
2007-11-19,sh.600261,14.4000,15.1900,14.4000,15.0600,14.3900,1053095,15782948.0000,3,1.298194,1,4.656012,3.279308,26.385461,1.627797,22.377734,0,4.656011118832515
2007-11-20,sh.600261,15.0600,15.3000,14.7000,15.2400,15.0600,1055433,15897690.0000,3,1.301076,1,1.195215,3.318503,26.700825,1.647253,22.645197,0,1.195219123505975
2007-11-21,sh.600261,15.2700,15.2700,14.8900,14.8900,15.2400,759518,11404624.0000,3,0.936289,1,-2.296584,3.242291,26.087617,1.609422,22.125130,0,-2.296587926509186
2007-11-22,sh.600261,14.8200,14.8200,14.3600,14.3700,14.8900,604376,8810436.0000,3,0.745039,1,-3.492280,3.129061,25.176566,1.553217,21.352459,0,-3.492276695768981
2007-11-23,sh.600261,14.1700,14.8000,14.0300,14.7200,14.3700,296928,4288563.0000,3,0.366036,1,2.435632,3.205274,25.789774,1.591047,21.872526,0,2.435629784272808
2007-11-26,sh.600261,14.8900,15.2700,14.4900,14.5200,14.7200,513691,7653111.0000,3,0.633248,1,-1.358694,3.161724,25.439369,1.569430,21.575345,0,-1.3586956521739246
2007-11-27,sh.600261,14.2000,14.7800,14.2000,14.5800,14.5200,276282,4032672.0000,3,0.340584,1,0.413220,3.174789,25.544490,1.575915,21.664500,0,0.4132231404958775
2007-11-28,sh.600261,14.7800,15.1500,14.5800,14.7600,14.5800,653667,9700491.0000,3,0.805803,1,1.234570,3.213983,25.859855,1.595371,21.931962,0,1.2345679012345734
2007-11-29,sh.600261,15.0000,15.2000,14.8100,15.1600,14.7600,1095286,16507545.0000,3,1.350205,1,2.710024,3.301083,26.560664,1.638606,22.526325,0,2.7100271002709952
2007-11-30,sh.600261,15.2000,15.2200,14.7800,14.8700,15.1600,535004,7983949.0000,3,0.659522,1,-1.912929,3.237936,26.052577,1.607261,22.095412,0,-1.912928759894461
2007-12-03,sh.600261,15.0800,15.1400,14.8800,15.0300,14.8700,428909,6441638.0000,3,0.528734,1,1.075991,3.272776,26.332901,1.624555,22.333157,0,1.0759919300605159
2007-12-04,sh.600261,15.0500,15.2400,14.8000,14.8400,15.0300,645235,9675410.0000,3,0.795408,1,-1.264136,3.231403,26.000016,1.604018,22.050835,0,-1.264138389886893
2007-12-05,sh.600261,14.8500,15.2200,14.8100,15.1700,14.8400,661583,9962255.0000,3,0.815561,1,2.223719,3.303261,26.578184,1.639687,22.541184,0,2.2237196765498624
2007-12-06,sh.600261,15.1700,15.4600,15.1000,15.2400,15.1700,833593,12738317.0000,3,1.027605,1,0.461435,3.318503,26.700825,1.647253,22.645197,0,0.46143704680290387
2007-12-07,sh.600261,15.3900,15.8200,15.3900,15.7700,15.2400,1699883,26606078.0000,3,2.095517,1,3.477695,3.433911,27.629397,1.704539,23.432727,0,3.477690288713897
2007-12-10,sh.600261,15.5900,16.1500,15.5800,16.1500,15.7700,1549431,24737993.0000,3,1.910048,1,2.409633,3.516655,28.295166,1.745613,23.997371,0,2.409638554216853
2007-12-11,sh.600261,16.1600,16.3500,15.9500,16.2000,16.1500,1475858,23816923.0000,3,1.819352,1,0.309605,3.527543,28.382767,1.751017,24.071666,0,0.3095975232198178
2007-12-12,sh.600261,16.1800,17.1700,16.1500,17.0300,16.2000,3202022,53651458.0000,3,3.947266,1,5.123456,3.708275,29.836946,1.840730,25.304968,0,5.123456790123471
2007-12-13,sh.600261,17.1000,17.4700,16.4000,16.4000,17.0300,2057389,34999751.0000,3,2.536229,1,-3.699360,3.571093,28.733172,1.772634,24.368847,0,-3.69935408103349
2007-12-14,sh.600261,16.2000,16.6900,15.7800,16.6700,16.4000,2091066,33660105.0000,3,2.577744,1,1.646344,3.629885,29.206218,1.801818,24.770042,0,1.6463414634146467
2007-12-17,sh.600261,16.6800,17.0900,16.4800,16.9100,16.6700,1100560,18647716.0000,3,1.356706,1,1.439711,3.682145,29.626703,1.827759,25.126659,0,1.4397120575884825
2007-12-18,sh.600261,16.8400,17.3600,16.5100,17.1300,16.9100,1375316,23528053.0000,3,1.695409,1,1.301001,3.730050,30.012148,1.851538,25.453558,0,1.3010053222944906
2007-12-19,sh.600261,17.1500,17.2900,16.8800,17.2500,17.1300,1283507,21957010.0000,3,1.582232,1,0.700530,3.756180,30.222391,1.864509,25.631867,0,0.700525394045548
2007-12-20,sh.600261,17.2300,17.3500,17.0200,17.1900,17.2500,677310,11639667.0000,3,0.834948,1,-0.347823,3.743115,30.117270,1.858024,25.542712,0,-0.3478260869565153
2007-12-21,sh.600261,17.1700,17.2700,16.9000,17.2200,17.1900,1228812,20990978.0000,3,1.514808,1,0.174513,3.749647,30.169830,1.861266,25.587290,0,0.17452006980800405
2007-12-24,sh.600261,17.3200,17.8400,17.3000,17.3400,17.2200,2238511,39450870.0000,3,2.759506,1,0.696869,3.775777,30.380073,1.874237,25.765598,0,0.6968641114982743
2007-12-25,sh.600261,17.4000,17.5500,17.1000,17.3900,17.3400,1190641,20637020.0000,3,1.467753,1,0.288346,3.786665,30.467674,1.879641,25.839893,0,0.28835063437140374
2007-12-26,sh.600261,17.5800,17.5800,16.9500,17.4400,17.3900,2507899,43094194.0000,3,3.091591,1,0.287528,3.797552,30.555275,1.885045,25.914189,0,0.2875215641173101
2007-12-27,sh.600261,17.5000,18.1500,17.4400,17.9900,17.4400,2909091,51793749.0000,3,3.586158,1,3.153665,3.917315,31.518888,1.944493,26.731437,0,3.1536697247706247
2007-12-28,sh.600261,17.8000,18.0500,17.6500,17.9900,17.9900,1814603,32430015.0000,3,2.236937,1,0.000000,3.917315,31.518888,1.944493,26.731437,0,0.0
2008-01-02,sh.600261,17.9900,17.9900,17.9900,17.9900,17.9900,0,0.0000,3,,0,0.000000,3.917315,31.518888,1.944493,26.731437,0,0.0
2008-01-03,sh.600261,18.1700,19.0000,18.1700,18.7900,17.9900,2964911,55248138.0000,3,3.654969,1,4.446921,4.091514,32.920506,2.030963,27.920161,0,4.446914952751535
2008-01-04,sh.600261,18.6800,18.8000,18.3200,18.6100,18.7900,1324162,24500475.0000,3,1.632350,1,-0.957958,4.052319,32.605142,2.011508,27.652698,0,-0.9579563597658325
2008-01-07,sh.600261,18.6000,18.6000,18.1600,18.5000,18.6100,2367205,43441387.0000,3,2.918152,1,-0.591083,4.028367,32.412419,1.999618,27.489248,0,-0.591080064481464
2008-01-08,sh.600261,18.5100,18.8600,17.7900,17.9800,18.5000,2002012,36537782.0000,3,2.467964,1,-2.810813,3.915137,31.501368,1.943413,26.716578,0,-2.8108108108108043
2008-01-09,sh.600261,17.8000,18.4500,17.7200,18.4400,17.9800,2083417,37911064.0000,3,2.568315,1,2.558404,4.015302,32.307298,1.993133,27.400094,0,2.5583982202447286
2008-01-10,sh.600261,18.5000,18.9400,18.4000,18.8500,18.4400,2770489,51682389.0000,3,3.415297,1,2.223427,4.104579,33.025627,2.037449,28.009315,0,2.2234273318872066
2008-01-11,sh.600261,18.8500,19.1400,18.5600,18.8500,18.8500,1841060,34707856.0000,3,2.269551,1,0.000000,4.104579,33.025627,2.037449,28.009315,0,0.0
2008-01-14,sh.600261,18.7200,19.5700,18.7200,19.5500,18.8500,2525729,48743847.0000,3,3.113571,1,3.713522,4.257004,34.252043,2.113110,29.049449,0,3.7135278514588865
2008-01-15,sh.600261,19.5600,19.7000,19.0000,19.3000,19.5500,1754953,33865719.0000,3,2.163404,1,-1.278772,4.202566,33.814037,2.086088,28.677973,0,-1.2787723785166238
2008-01-16,sh.600261,19.2000,19.4800,18.8000,19.0500,19.3000,2259408,42940350.0000,3,2.785266,1,-1.295337,4.148129,33.376032,2.059066,28.306496,0,-1.2953367875647714
2008-01-17,sh.600261,19.0000,19.5000,17.8000,18.6000,19.0500,1988329,37392080.0000,3,2.451096,1,-2.362199,4.050142,32.587622,2.010427,27.637839,0,-2.3622047244094446
2008-01-18,sh.600261,18.7500,19.2800,18.4000,19.0300,18.6000,1249980,23603760.0000,3,1.540902,1,2.311830,4.143774,33.340991,2.056904,28.276778,0,2.311827956989254
2008-01-21,sh.600261,19.4300,19.4800,18.0000,18.0800,19.0300,1528688,28997651.0000,3,1.884477,1,-4.992122,3.936912,31.676570,1.954221,26.865168,0,-4.992117708880728
2008-01-22,sh.600261,18.5000,19.8900,18.1000,19.8400,18.0800,16938367,328153187.0000,3,20.880630,1,9.734514,4.320151,34.760130,2.144455,29.480361,0,9.734513274336297
2008-01-23,sh.600261,20.0500,21.8200,20.0500,21.8200,19.8400,17442182,366154601.0000,3,21.501704,1,9.979836,4.751295,38.229135,2.358468,32.422454,0,9.979838709677423
2008-01-24,sh.600261,22.4800,23.9900,22.0000,23.0300,21.8200,13436571,309431287.0000,3,16.563820,1,5.545376,5.014772,40.349082,2.489254,34.220399,0,5.545371219065087
2008-01-25,sh.600261,23.1000,24.2000,21.9000,22.2400,23.0300,10498062,241361047.0000,3,12.941398,1,-3.430312,4.842750,38.964984,2.403865,33.046534,0,-3.430308293530193
2008-01-28,sh.600261,22.2700,23.2500,21.0200,22.0100,22.2400,11086054,247448762.0000,3,13.666240,1,-1.034171,4.792668,38.562019,2.379005,32.704776,0,-1.0341726618704916
2008-01-29,sh.600261,22.2500,22.7800,20.5000,21.7900,22.0100,5453963,116224707.0000,3,6.723327,1,-0.999543,4.744763,38.176574,2.355226,32.377877,0,-0.9995456610631615
2008-01-30,sh.600261,22.0000,22.2000,20.8000,21.0400,21.7900,4423897,94991449.0000,3,5.453522,1,-3.441946,4.581451,36.862557,2.274160,31.263448,0,-3.4419458467186748
2008-01-31,sh.600261,21.0000,21.0000,18.9400,18.9400,21.0400,5356675,105853881.0000,3,6.603396,1,-9.980990,4.124177,33.183309,2.047177,28.143047,0,-9.980988593155882
2008-02-01,sh.600261,18.5500,19.4800,17.1800,19.4400,18.9400,4848685,88043410.0000,3,5.977176,1,2.639915,4.233051,34.059321,2.101220,28.885999,0,2.6399155227032622
2008-02-04,sh.600261,19.8000,20.9500,19.8000,20.7600,19.4400,5400429,110222237.0000,3,6.657334,1,6.790122,4.520481,36.371991,2.243896,30.847394,0,6.790123456790131
2008-02-05,sh.600261,20.4800,20.5500,19.4800,19.9100,20.7600,3035591,60844548.0000,3,3.742099,1,-4.094414,4.335394,34.882771,2.152021,29.584375,0,-4.094412331406561
2008-02-13,sh.600261,19.7400,20.0900,19.0500,19.3700,19.9100,2010126,39505142.0000,3,2.477966,1,-2.712200,4.217809,33.936679,2.093654,28.781986,0,-2.7122049221496747
2008-02-14,sh.600261,19.3900,21.2000,19.3900,20.3900,19.3700,2627710,53753322.0000,3,3.239287,1,5.265867,4.439914,35.723742,2.203903,30.297609,0,5.265875064532777
2008-02-15,sh.600261,20.0000,20.1600,19.4600,19.9700,20.3900,1960747,38627838.0000,3,2.417094,1,-2.059834,4.348459,34.987893,2.158507,29.673529,0,-2.0598332515939233
2008-02-18,sh.600261,20.2500,20.9600,20.1600,20.5500,19.9700,2485225,51103918.0000,3,3.063640,1,2.904356,4.474753,36.004066,2.221197,30.535354,0,2.9043565348022105
2008-02-19,sh.600261,20.6000,21.4500,20.3200,21.3300,20.5500,2748992,57940784.0000,3,3.388797,1,3.795624,4.644598,37.370643,2.305506,31.694360,0,3.795620437956182
2008-02-20,sh.600261,21.3500,21.5000,20.7000,20.9600,21.3300,2661345,55989477.0000,3,3.280751,1,-1.734650,4.564031,36.722395,2.265513,31.144575,0,-1.7346460384434992
2008-02-21,sh.600261,20.7800,21.6400,20.3300,21.1000,20.9600,3122167,65792620.0000,3,3.848825,1,0.667945,4.594516,36.967678,2.280645,31.352602,0,0.6679389312977069
2008-02-22,sh.600261,20.9000,21.0000,19.5200,19.6400,21.1000,2524508,50875643.0000,3,3.112066,1,-6.919436,4.276601,34.409725,2.122838,29.183180,0,-6.9194312796208575
2008-02-25,sh.600261,19.9700,19.9800,18.4000,18.5700,19.6400,1704704,32536979.0000,3,2.101460,1,-5.448064,4.043609,32.535061,2.007184,27.593262,0,-5.44806517311609
2008-02-26,sh.600261,19.2000,19.3900,18.2600,19.2000,18.5700,1600268,30210926.0000,3,1.972717,1,3.392575,4.180792,33.638835,2.075279,28.529382,0,3.392568659127626
2008-02-27,sh.600261,19.2000,19.7400,19.1600,19.5000,19.2000,929001,18098443.0000,3,1.145218,1,1.562496,4.246116,34.164442,2.107706,28.975154,0,1.5625
2008-02-28,sh.600261,19.7000,19.8800,19.1300,19.3800,19.5000,1238978,24063810.0000,3,1.527340,1,-0.615389,4.219986,33.954199,2.094735,28.796845,0,-0.6153846153846176
2008-02-29,sh.600261,19.4200,20.0000,19.3200,19.9900,19.3800,1762596,34677016.0000,3,2.172825,1,3.147578,4.352814,35.022933,2.160668,29.703247,0,3.147574819401444
2008-03-03,sh.600261,19.9900,19.9900,19.9900,19.9900,19.9900,0,0.0000,3,,0,0.000000,4.352814,35.022933,2.160668,29.703247,0,0.0
2008-03-04,sh.600261,20.0500,21.8900,20.0500,20.8400,19.9900,5927052,124020787.0000,3,7.306524,1,4.252128,4.377012,35.502330,2.294617,-86.348366,0,4.252126063031514
2008-03-05,sh.600261,20.7900,21.3300,20.1700,21.3000,20.8400,4223152,87735992.0000,3,5.206055,1,2.207289,4.473625,36.285971,2.345266,-88.254328,0,2.207293666026877
2008-03-06,sh.600261,21.4800,21.8500,20.8500,20.9100,21.3000,3794695,80814117.0000,3,4.677878,1,-1.830983,4.391714,35.621580,2.302324,-86.638403,0,-1.8309859154929553
2008-03-07,sh.600261,20.7000,20.7000,19.8400,19.9900,20.9100,2005882,40537980.0000,3,2.472734,1,-4.399809,4.198487,34.054299,2.201026,-82.826479,0,-4.3998087039693985
2008-03-10,sh.600261,19.9900,19.9900,19.0000,19.0800,19.9900,2209888,42639309.0000,3,2.724221,1,-4.552275,4.007360,32.504053,2.100829,-79.055989,0,-4.5522761380690335
2008-03-11,sh.600261,18.6000,19.5000,18.2000,19.4900,19.0800,2104314,39316552.0000,3,2.594075,1,2.148846,4.093472,33.202515,2.145973,-80.754782,0,2.148846960167705
2008-03-12,sh.600261,19.7100,19.8500,18.0000,18.7100,19.4900,1852573,35914783.0000,3,2.283744,1,-4.002056,3.929649,31.873733,2.060090,-77.522933,0,-4.002052334530514
2008-03-13,sh.600261,18.3600,18.9500,18.0100,18.2100,18.7100,1717501,31610775.0000,3,2.117235,1,-2.672368,3.824635,31.021950,2.005037,-75.451235,0,-2.6723677177979743
2008-03-14,sh.600261,18.2500,18.6200,17.3100,17.7800,18.2100,2141757,38095095.0000,3,2.640233,1,-2.361331,3.734322,30.289416,1.957691,-73.669575,0,-2.3613399231191656
2008-03-17,sh.600261,17.5500,17.6000,16.0000,16.0000,17.7800,3399486,56543345.0000,3,4.190688,1,-10.011250,3.360470,27.257068,1.761702,-66.294331,0,-10.011248593925771
2008-03-18,sh.600261,15.7800,16.2000,14.4100,14.6500,16.0000,3288392,49665616.0000,3,4.053738,1,-8.437502,3.076930,24.957252,1.613058,-60.700747,0,-8.437499999999998
2008-03-19,sh.600261,15.0100,15.9600,14.8500,15.7000,14.6500,3104331,47862659.0000,3,3.826838,1,7.167237,3.297461,26.745998,1.728670,-65.051312,0,7.167235494880542
2008-03-20,sh.600261,15.6000,17.1100,14.9100,16.6100,15.7000,2371095,37879589.0000,3,2.922947,1,5.796184,3.488588,28.296243,1.828867,-68.821802,0,5.796178343949054
2008-03-21,sh.600261,16.6300,17.2000,16.4200,16.9500,16.6100,4058302,68274666.0000,3,5.002838,1,2.046961,3.559998,28.875456,1.866303,-70.230557,0,2.046959662853709
2008-03-24,sh.600261,17.0100,17.6000,16.9800,17.0200,16.9500,3357885,58147380.0000,3,4.139405,1,0.412977,3.574700,28.994706,1.874010,-70.520594,0,0.41297935103246086
2008-03-25,sh.600261,17.0200,17.0200,17.0200,17.0200,17.0200,0,0.0000,3,,0,0.000000,3.574700,28.994706,1.874010,-70.520594,0,0.0
2008-03-26,sh.600261,17.0200,17.0200,17.0200,17.0200,17.0200,0,0.0000,3,,0,0.000000,3.574700,28.994706,1.874010,-70.520594,0,0.0
2008-03-27,sh.600261,17.1000,18.2000,16.5100,17.1700,17.0200,3648733,63743507.0000,3,4.497945,1,0.881314,3.606204,29.250241,1.890526,-71.142104,0,0.8813160987074076
2008-03-28,sh.600261,17.1800,17.9800,15.5600,17.8800,17.1700,3430790,58908200.0000,3,4.229278,1,4.135114,3.755325,30.459773,1.968702,-74.083915,0,4.135119394292364
2008-03-31,sh.600261,17.2000,17.7800,16.7000,17.2100,17.8800,1506112,26011815.0000,3,1.856647,1,-3.747204,3.614605,29.318383,1.894930,-71.307839,0,-3.7472035794183345
2008-04-01,sh.600261,16.9500,17.4200,16.0000,16.2500,17.2100,1997946,33006552.0000,3,2.462951,1,-5.578147,3.412977,27.682959,1.789228,-67.330180,0,-5.5781522370714764
2008-04-02,sh.600261,16.5200,16.9500,15.5200,15.8000,16.2500,1509646,24186744.0000,3,1.861003,1,-2.769230,3.318464,26.916354,1.739681,-65.465652,0,-2.7692307692307683
2008-04-03,sh.600261,15.8300,16.5000,15.0300,16.4400,15.8000,1381283,21810222.0000,3,1.702765,1,4.050635,3.452883,28.006637,1.810149,-68.117425,0,4.0506329113924044
2008-04-07,sh.600261,16.4400,16.4400,16.4400,16.4400,16.4400,0,0.0000,3,,0,0.000000,3.452883,28.006637,1.810149,-68.117425,0,0.0
2008-04-08,sh.600261,18.0800,18.0800,18.0800,18.0800,16.4400,387222,7000974.0000,3,0.477345,1,9.975665,3.797331,30.800486,1.990723,-74.912594,0,9.975669099756669
2008-04-09,sh.600261,19.2000,19.2000,17.3800,17.4000,18.0800,7166145,131954187.0000,3,8.834005,1,-3.761064,3.654511,29.642061,1.915851,-72.095085,0,-3.761061946902655
2008-04-10,sh.600261,16.7400,17.5500,16.4500,17.5100,17.4000,2578982,43864964.0000,3,3.179218,1,0.632187,3.677614,29.829453,1.927962,-72.550858,0,0.6321839080460023
2008-04-11,sh.600261,17.8800,17.8800,17.1100,17.2200,17.5100,2124435,37272374.0000,3,2.618879,1,-1.656202,3.616705,29.335419,1.896032,-71.349273,0,-1.6561964591662037
2008-04-14,sh.600261,16.9800,16.9800,15.5500,15.5700,17.2200,1646708,26672492.0000,3,2.029965,1,-9.581880,3.270157,26.524534,1.714356,-64.512671,0,-9.581881533101033
2008-04-15,sh.600261,15.5000,16.4000,14.4500,16.3900,15.5700,2055858,31420119.0000,3,2.534342,1,5.266536,3.442381,27.921459,1.804643,-67.910255,0,5.266538214515104
2008-04-16,sh.600261,16.5000,16.5000,15.6000,16.0000,16.3900,1561371,24828313.0000,3,1.924767,1,-2.379496,3.360470,27.257068,1.761702,-66.294331,0,-2.379499694935938
2008-04-17,sh.600261,16.2300,16.2300,15.2500,15.4400,16.0000,819285,12919751.0000,3,1.009967,1,-3.500003,3.242853,26.303070,1.700042,-63.974029,0,-3.500000000000003
2008-04-18,sh.600261,15.4600,16.1900,14.9900,15.5300,15.4400,1468520,23004860.0000,3,1.810306,1,0.582903,3.261756,26.456391,1.709952,-64.346935,0,0.5829015544041471
2008-04-21,sh.600261,16.6500,17.0100,15.6100,16.0300,15.5300,2046409,33429275.0000,3,2.522694,1,3.219581,3.366771,27.308175,1.765005,-66.418633,0,3.2195750160978864
2008-04-22,sh.600261,11.8000,12.1800,11.2100,11.7100,12.2200,659334,7750664.0000,3,0.625222,1,-4.173488,3.197277,25.933396,1.676149,-63.074912,0,-26.94946974422957
2008-04-23,sh.600261,11.7100,12.4000,11.4200,12.2900,11.7100,1935988,23538841.0000,3,1.835825,1,4.953031,3.355639,27.217886,1.759169,-66.199033,0,4.953031596925683
2008-04-24,sh.600261,13.4600,13.5200,12.8900,13.5200,12.2900,5508098,73150778.0000,3,5.223124,1,10.008140,3.691476,29.941889,1.935229,-72.824322,0,10.008136696501225
2008-04-25,sh.600261,13.4000,14.0800,13.2000,13.6100,13.5200,3795037,51522414.0000,3,3.598692,1,0.665675,3.716049,30.141206,1.948112,-73.309100,0,0.6656804733727872
2008-04-28,sh.600261,13.5500,13.5500,12.8200,13.0700,13.6100,2421635,31801814.0000,3,2.296346,1,-3.967671,3.568609,28.945302,1.870817,-70.400436,0,-3.967670830271852
2008-04-29,sh.600261,12.7900,13.1800,12.5800,12.9400,13.0700,2330564,30018075.0000,3,2.209987,1,-0.994645,3.472934,29.645206,1.825439,56.198012,0,-0.9946442234123998
2008-04-30,sh.600261,12.8500,13.3300,12.7000,13.3200,12.9400,4634928,60346415.0000,3,4.395130,1,2.936632,3.574921,30.515776,1.879046,57.848341,0,2.9366306027820865
2008-05-05,sh.600261,13.5100,13.6000,13.1800,13.5200,13.3200,4432808,59413269.0000,3,4.203467,1,1.501507,3.628598,30.973971,1.907260,58.716934,0,1.501501501501501
2008-05-06,sh.600261,13.5300,14.2000,13.4000,13.9400,13.5200,6051287,84622200.0000,3,5.738210,1,3.106502,3.741321,31.936180,1.966509,60.540981,0,3.106508875739644
2008-05-07,sh.600261,13.8700,14.0600,13.4900,13.5900,13.9400,4367807,59894012.0000,3,4.141829,1,-2.510756,3.647386,31.134340,1.917134,59.020942,0,-2.5107604017216567
2008-05-08,sh.600261,13.4000,14.2100,13.3000,14.2000,13.5900,5052116,70295238.0000,3,4.790734,1,4.488592,3.811102,32.531834,2.003187,61.670153,0,4.488594554819714
2008-05-09,sh.600261,14.7800,14.9900,14.2800,14.5000,14.2000,9563089,140656708.0000,3,9.068321,1,2.112678,3.891618,33.219126,2.045508,62.973043,0,2.1126760563380254
2008-05-12,sh.600261,14.0600,14.4500,13.7400,14.2000,14.5000,3667235,51823570.0000,3,3.477502,1,-2.068967,3.811102,32.531834,2.003187,61.670153,0,-2.0689655172413834
2008-05-13,sh.600261,13.6100,14.0200,13.2500,13.3100,14.2000,3898883,52921879.0000,3,3.697166,1,-6.267601,3.572237,30.492867,1.877635,57.804911,0,-6.267605633802809
2008-05-14,sh.600261,13.6800,14.2000,13.6800,13.9500,13.3100,3216462,44960795.0000,3,3.050051,1,4.808410,3.744005,31.959090,1.967919,60.584411,0,4.808414725770094
2008-05-15,sh.600261,14.1900,14.2600,13.5900,13.6900,13.9500,2802669,38980796.0000,3,2.657667,1,-1.863801,3.674224,31.363437,1.931241,59.455239,0,-1.8637992831541217
2008-05-16,sh.600261,13.6900,13.9800,13.2200,13.4800,13.6900,2110739,28385555.0000,3,2.001535,1,-1.533967,3.617863,30.882332,1.901617,58.543215,0,-1.5339663988312546
2008-05-19,sh.600261,13.6800,13.6800,13.0000,13.3200,13.4800,1417700,18834619.0000,3,1.344352,1,-1.186942,3.574921,30.515776,1.879046,57.848341,0,-1.1869436201780381
2008-05-20,sh.600261,13.2200,13.4800,12.1800,12.5200,13.3200,1882681,24417388.0000,3,1.785276,1,-6.006001,3.360211,28.682997,1.766190,54.373966,0,-6.0060060060060145
2008-05-21,sh.600261,12.0200,12.8000,11.9000,12.7100,12.5200,2218737,27043107.0000,3,2.103946,1,1.517568,3.411205,29.118282,1.792993,55.199130,0,1.5175718849840258
2008-05-22,sh.600261,12.9000,12.9000,12.1900,12.2100,12.7100,1862843,23399278.0000,3,1.766465,1,-3.933910,3.277011,27.972795,1.722459,53.027645,0,-3.933910306845001
2008-05-23,sh.600261,12.2500,12.3500,11.6000,11.7100,12.2100,2435270,28767420.0000,3,2.309276,1,-4.095004,3.142817,26.827308,1.651924,50.856161,0,-4.095004095004096
2008-05-26,sh.600261,11.7100,11.9400,11.5000,11.5100,11.7100,1607237,18808962.0000,3,1.524083,1,-1.707940,3.089140,26.369113,1.623710,49.987568,0,-1.707941929974388
2008-05-27,sh.600261,11.5000,11.7900,11.3200,11.5000,11.5100,1126764,12976336.0000,3,1.068468,1,-0.086883,3.086456,26.346203,1.622299,49.944138,0,-0.08688097306689402
2008-05-28,sh.600261,11.7000,12.3900,11.5000,12.2200,11.5000,2047786,24547171.0000,3,1.941839,1,6.260872,3.279695,27.995705,1.723869,53.071075,0,6.260869565217386
2008-05-29,sh.600261,12.2900,12.8400,11.9100,12.1200,12.2200,2219698,27345579.0000,3,2.104857,1,-0.818334,3.252856,27.766607,1.709762,52.636778,0,-0.8183306055646544
2008-05-30,sh.600261,12.0000,12.2800,11.8200,11.9800,12.1200,1358391,16287688.0000,3,1.288112,1,-1.155118,3.215282,27.445871,1.690013,52.028763,0,-1.1551155115511413
2008-06-02,sh.600261,11.9900,12.2800,11.9500,12.1000,11.9800,1056011,12742101.0000,3,1.001376,1,1.001676,3.247488,27.720788,1.706941,52.549919,0,1.001669449081799
2008-06-03,sh.600261,12.2500,12.2500,11.7100,11.7800,12.1000,981888,11634091.0000,3,0.931088,1,-2.644633,3.161604,26.987676,1.661799,51.160169,0,-2.6446280991735516
2008-06-04,sh.600261,11.6500,11.8000,11.3500,11.5200,11.7800,1054818,12141152.0000,3,1.000245,1,-2.207125,3.091824,26.392023,1.625121,50.030997,0,-2.2071307300509324
2008-06-05,sh.600261,11.5000,11.6200,11.2200,11.2700,11.5200,885548,10068507.0000,3,0.839732,1,-2.170139,3.024727,25.819279,1.589853,48.945255,0,-2.170138888888884
2008-06-06,sh.600261,11.3000,11.4500,11.2000,11.2300,11.2700,766731,8672676.0000,3,0.727062,1,-0.354933,3.013991,25.727640,1.584210,48.771536,0,-0.3549245785270605
2008-06-10,sh.600261,11.0000,11.0000,10.1100,10.1100,11.2300,1466941,15140841.0000,3,1.391046,1,-9.973286,2.713397,23.161749,1.426213,43.907412,0,-9.973285841496004
2008-06-11,sh.600261,9.9900,9.9900,9.3500,9.4000,10.1100,1322400,12561384.0000,3,1.253983,1,-7.022750,2.522842,21.535158,1.326053,40.823904,0,-7.02274975272007
2008-06-12,sh.600261,9.1800,9.7500,9.1200,9.3800,9.4000,1349836,12654975.0000,3,1.279999,1,-0.212761,2.517474,21.489338,1.323232,40.737045,0,-0.21276595744680327
2008-06-13,sh.600261,9.4900,9.5400,9.2100,9.2700,9.3800,962709,9027708.0000,3,0.912901,1,-1.172704,2.487952,21.237331,1.307714,40.259318,0,-1.1727078891258125
2008-06-16,sh.600261,9.4500,9.5900,9.1500,9.3700,9.2700,1040696,9738256.0000,3,0.986853,1,1.078743,2.514791,21.466428,1.321821,40.693615,0,1.0787486515641875
2008-06-17,sh.600261,9.4800,9.5000,8.4300,8.6100,9.3700,1449213,12819389.0000,3,1.374235,1,-8.110995,2.310816,19.725288,1.214608,37.392959,0,-8.110992529348982
2008-06-18,sh.600261,8.5000,9.1200,8.0200,9.0100,8.6100,1948483,16941403.0000,3,1.847674,1,4.645767,2.418171,20.641678,1.271036,39.130146,0,4.645760743321725
2008-06-19,sh.600261,9.0500,9.1000,8.1100,8.1100,9.0100,1524504,12804199.0000,3,1.445630,1,-9.988907,2.176622,18.579801,1.144074,35.221475,0,-9.98890122086571
2008-06-20,sh.600261,8.1100,8.7100,7.7500,8.3400,8.1100,1890340,15795866.0000,3,1.792539,1,2.836011,2.238351,19.106725,1.176520,36.220357,0,2.836004932182501
2008-06-23,sh.600261,8.1300,8.5700,8.0700,8.2300,8.3400,893079,7459402.0000,3,0.846874,1,-1.318952,2.208829,18.854718,1.161002,35.742631,0,-1.318944844124692
2008-06-24,sh.600261,8.1300,8.5000,8.1300,8.4800,8.2300,973312,8171956.0000,3,0.922956,1,3.037667,2.275926,19.427461,1.196269,36.828373,0,3.037667071688932
2008-06-25,sh.600261,8.4800,8.9900,8.4500,8.9700,8.4800,1639733,14449535.0000,3,1.554898,1,5.778311,2.407436,20.550039,1.265393,38.956428,0,5.778301886792447
2008-06-26,sh.600261,9.0700,9.3800,8.9000,9.3000,8.9700,2341604,21493814.0000,3,2.220456,1,3.678929,2.496003,21.306060,1.311946,40.389607,0,3.678929765886285
2008-06-27,sh.600261,8.9000,9.1600,8.3700,8.7000,9.3000,1706649,14933605.0000,3,1.618352,1,-6.451617,2.334971,19.931476,1.227305,37.783826,0,-6.451612903225823
2008-06-30,sh.600261,8.5100,8.7000,8.2900,8.5000,8.7000,747490,6369765.0000,3,0.708817,1,-2.298849,2.281293,19.473281,1.199091,36.915232,0,-2.298850574712641
2008-07-01,sh.600261,8.6300,8.6300,8.0800,8.1600,8.5000,930841,7649460.0000,3,0.882682,1,-4.000002,2.190042,18.694350,1.151127,35.438623,0,-4.0000000000000036
2008-07-02,sh.600261,8.1500,8.5000,8.1000,8.3000,8.1600,1089290,9082566.0000,3,1.032933,1,1.715690,2.227616,19.015086,1.170877,36.046639,0,1.71568627450982
2008-07-03,sh.600261,8.2000,9.1300,8.0800,9.0300,8.3000,4190756,37200295.0000,3,3.973938,1,8.795175,2.423539,20.687497,1.273858,39.217006,0,8.79518072289156
2008-07-04,sh.600261,9.0200,9.0400,8.7000,8.8500,9.0300,2369333,20954960.0000,3,2.246750,1,-1.993348,2.375229,20.275122,1.248465,38.435271,0,-1.9933554817275767
2008-07-07,sh.600261,9.0000,9.4900,8.9800,9.4500,8.8500,3368288,31259313.0000,3,3.194022,1,6.779655,2.536262,21.649706,1.333107,41.041052,0,6.779661016949157
2008-07-08,sh.600261,9.4500,9.9800,9.3300,9.8400,9.4500,4562841,44343183.0000,3,4.326772,1,4.126988,2.640933,22.543186,1.388124,42.734810,0,4.1269841269841345
2008-07-09,sh.600261,9.8200,10.6000,9.6800,10.4900,9.8400,5779089,58055874.0000,3,5.480095,1,6.605687,2.815384,24.032319,1.479819,45.557740,0,6.605691056910579
2008-07-10,sh.600261,10.4000,10.5800,9.9800,10.0000,10.4900,5181209,53206687.0000,3,4.913148,1,-4.671113,2.683875,22.909742,1.410695,43.429685,0,-4.671115347950428
2008-07-11,sh.600261,9.8800,10.1400,9.5000,9.7200,10.0000,3076454,30102202.0000,3,2.917287,1,-2.799997,2.608726,22.268269,1.371195,42.213654,0,-2.7999999999999914
2008-07-14,sh.600261,9.5400,10.1000,9.5000,10.0600,9.7200,2221396,21884291.0000,3,2.106467,1,3.497944,2.699978,23.047201,1.419159,43.690263,0,3.4979423868312765
2008-07-15,sh.600261,10.1800,10.1900,9.5100,9.5400,10.0600,1893989,18500703.0000,3,1.795999,1,-5.168991,2.560416,21.855894,1.345803,41.431920,0,-5.168986083499016
2008-07-16,sh.600261,9.3100,9.5100,8.6500,8.8700,9.5400,2072382,18836588.0000,3,1.965163,1,-7.023062,2.380597,20.320941,1.251286,38.522131,0,-7.023060796645697
2008-07-17,sh.600261,9.0000,9.3000,8.9100,9.2900,8.8700,2703091,24731863.0000,3,2.563241,1,4.735063,2.493320,21.283150,1.310536,40.346177,0,4.735062006764368
2008-07-18,sh.600261,9.3900,9.7900,8.9900,9.7300,9.2900,3303454,30933263.0000,3,3.132542,1,4.736271,2.611410,22.291179,1.372606,42.257084,0,4.736275565123793
2008-07-21,sh.600261,9.6000,10.2100,9.5000,10.0100,9.7300,2947810,29273176.0000,3,2.795299,1,2.877705,2.686559,22.932652,1.412106,43.473115,0,2.877697841726623
2008-07-22,sh.600261,10.1000,10.3700,9.9000,9.9800,10.0100,2868719,29189196.0000,3,2.720299,1,-0.299707,2.678507,22.863923,1.407874,43.342826,0,-0.29970029970028955
2008-07-23,sh.600261,10.0000,10.1600,9.8000,9.8300,9.9800,1599716,15902284.0000,3,1.516951,1,-1.503002,2.638249,22.520276,1.386713,42.691380,0,-1.5030060120240551
2008-07-24,sh.600261,10.5100,10.8100,10.5100,10.8100,9.8300,16111694,174110962.0000,3,15.278120,1,9.969486,2.901268,24.765431,1.524961,46.947490,0,9.969481180061045
2008-07-25,sh.600261,11.0100,11.8900,10.9800,11.7600,10.8100,27888064,318320539.0000,3,26.445213,1,8.788157,3.156237,26.941857,1.658977,51.073310,0,8.78815911193338
2008-07-28,sh.600261,11.7400,12.2800,11.3000,11.7800,11.7600,22972528,269124122.0000,3,21.783993,1,0.170064,3.161604,26.987676,1.661799,51.160169,0,0.1700680272108901
2008-07-29,sh.600261,11.5200,11.6600,11.2600,11.3400,11.7800,9964755,113838683.0000,3,9.449206,1,-3.735141,3.043514,25.979648,1.599728,49.249263,0,-3.735144312393879
2008-07-30,sh.600261,11.5900,11.7100,11.0400,11.2500,11.3400,8764947,99707104.0000,3,8.311473,1,-0.793652,3.019359,25.773460,1.587032,48.858396,0,-0.7936507936507908
2008-07-31,sh.600261,11.3500,11.3600,10.4500,10.4900,11.2500,7289598,78865048.0000,3,6.912454,1,-6.755558,2.815384,24.032319,1.479819,45.557740,0,-6.755555555555559
2008-08-01,sh.600261,10.3500,10.9900,10.2700,10.8000,10.4900,6039758,64348506.0000,3,5.727278,1,2.955200,2.898585,24.742521,1.523551,46.904060,0,2.9551954242135414
2008-08-04,sh.600261,10.6000,10.8400,10.0800,10.1800,10.8000,4171331,43718400.0000,3,3.955518,1,-5.740700,2.732184,23.322117,1.436087,44.211419,0,-5.740740740740746
2008-08-05,sh.600261,10.2900,10.5800,10.0800,10.2600,10.1800,4679469,48233928.0000,3,4.437366,1,0.785900,2.753655,23.505395,1.447373,44.558857,0,0.7858546168958647
2008-08-06,sh.600261,10.4800,11.2400,10.4800,11.0200,10.2600,11429963,124484457.0000,3,10.838609,1,7.407400,2.957630,25.246536,1.554586,47.859513,0,7.407407407407396
2008-08-07,sh.600261,11.0500,11.0800,10.6500,10.9600,11.0200,5881232,63946476.0000,3,5.576953,1,-0.544500,2.941527,25.109077,1.546122,47.598935,0,-0.5444646098003547
2008-08-08,sh.600261,10.9000,10.9900,9.8600,9.8600,10.9600,5783113,59590689.0000,3,5.483911,1,-10.036500,2.646300,22.589006,1.390945,42.821669,0,-10.036496350364976
2008-08-11,sh.600261,9.5000,9.7900,9.0000,9.4000,9.8600,6705026,62616435.0000,3,6.358127,1,-4.665300,2.522842,21.535158,1.326053,40.823904,0,-4.665314401622711
2008-08-12,sh.600261,9.3000,9.9100,9.2100,9.7600,9.4000,5305997,51040706.0000,3,5.031479,1,3.829800,2.619462,22.359908,1.376838,42.387373,0,3.8297872340425476
2008-08-13,sh.600261,9.5600,10.3800,9.2800,10.2600,9.7600,7304693,72271880.0000,3,6.926769,1,5.123000,2.753655,23.505395,1.447373,44.558857,0,5.122950819672134
2008-08-14,sh.600261,10.1900,10.7800,9.8800,10.3900,10.2600,6675827,68748925.0000,3,6.330438,1,1.267100,2.788546,23.803222,1.465712,45.123443,0,1.2670565302144388
2008-08-15,sh.600261,10.3000,10.5800,10.0900,10.3200,10.3900,4774491,49306991.0000,3,4.527472,1,-0.673700,2.769759,23.642854,1.455837,44.819435,0,-0.6737247353224229
2008-08-18,sh.600261,10.3200,10.3800,9.2900,9.2900,10.3200,5038957,48453976.0000,3,4.778255,1,-9.980600,2.493320,21.283150,1.310536,40.346177,0,-9.980620155038766
2008-08-19,sh.600261,9.0200,9.6000,8.8000,9.4800,9.2900,3461633,32206313.0000,3,3.282538,1,2.045200,2.544313,21.718436,1.337339,41.171341,0,2.0452099031216475
2008-08-20,sh.600261,9.2900,10.4300,9.2300,10.4300,9.4800,6413795,64992111.0000,3,6.081963,1,10.021100,2.799281,23.894861,1.471355,45.297162,0,10.021097046413496
2008-08-21,sh.600261,10.3500,10.9900,10.1800,10.7000,10.4300,9805167,104515204.0000,3,9.297875,1,2.588700,2.871746,24.513424,1.509444,46.469763,0,2.5886864813039256
2008-08-22,sh.600261,10.4700,10.7500,10.0000,10.1300,10.7000,5941837,61359732.0000,3,5.634423,1,-5.327100,2.718765,23.207569,1.429034,43.994271,0,-5.327102803738304
2008-08-25,sh.600261,10.1800,10.4400,10.0000,10.0400,10.1300,4162577,42679209.0000,3,3.947217,1,-0.888500,2.694610,23.001381,1.416338,43.603404,0,-0.8884501480750373
2008-08-26,sh.600261,9.8900,9.8900,9.1000,9.1500,10.0400,4644459,43466095.0000,3,4.404168,1,-8.864500,2.441767,19.196237,1.212300,253.057168,0,-8.864541832669314
2008-08-27,sh.600261,9.0200,9.3500,8.8000,9.2100,9.1500,2839862,25837996.0000,3,2.692935,1,0.655700,2.457778,19.322114,1.220250,254.716559,0,0.6557377049180468
2008-08-28,sh.600261,9.1900,9.3800,9.0000,9.1000,9.2100,2260152,20791030.0000,3,2.143218,1,-1.194400,2.428424,19.091339,1.205676,251.674342,0,-1.1943539630836164
2008-08-29,sh.600261,9.2900,9.9900,9.2000,9.9600,9.1000,5495735,53423686.0000,3,5.211401,1,9.450500,2.657923,20.895576,1.319619,275.458950,0,9.450549450549461
2008-09-01,sh.600261,9.7800,9.8700,9.3800,9.4400,9.9600,3440640,32865530.0000,3,3.262631,1,-5.220900,2.519156,19.804642,1.250723,261.077559,0,-5.220883534136556
2008-09-02,sh.600261,9.4500,9.5500,9.1000,9.3000,9.4400,2625033,24498162.0000,3,2.489221,1,-1.483100,2.481796,19.510929,1.232174,257.205646,0,-1.483050847457612
2008-09-03,sh.600261,9.2900,9.3600,8.9000,9.0700,9.3000,2399718,21824619.0000,3,2.275563,1,-2.473100,2.420418,19.028401,1.201701,250.844646,0,-2.473118279569897
2008-09-04,sh.600261,9.1400,9.5100,9.0300,9.2900,9.0700,2221467,20593193.0000,3,2.106534,1,2.425600,2.479127,19.489950,1.230849,256.929081,0,2.425578831312003
2008-09-05,sh.600261,9.0000,9.1400,8.7800,8.8000,9.2900,2694655,24073141.0000,3,2.555241,1,-5.274500,2.348366,18.461955,1.165928,243.377386,0,-5.2744886975242045
2008-09-08,sh.600261,8.6400,8.8600,8.0300,8.0900,8.8000,3138538,26150351.0000,3,2.976159,1,-8.068200,2.158895,16.972410,1.071859,223.741256,0,-8.06818181818183
2008-09-09,sh.600261,8.1200,8.4000,7.9100,8.3300,8.0900,2010157,16530277.0000,3,1.906157,1,2.966600,2.222942,17.475918,1.103657,230.378821,0,2.966625463535233
2008-09-10,sh.600261,8.2100,8.6800,8.1300,8.4200,8.3300,2329878,19785521.0000,3,2.209337,1,1.080400,2.246959,17.664734,1.115581,232.867908,0,1.0804321728691502
2008-09-11,sh.600261,8.3300,8.5800,8.3200,8.4300,8.4200,1678132,14168009.0000,3,1.591310,1,0.118800,2.249628,17.685713,1.116906,233.144473,0,0.11876484560569
2008-09-12,sh.600261,8.3500,8.7400,8.3000,8.4500,8.4300,1816325,15534200.0000,3,1.722353,1,0.237200,2.254965,17.727672,1.119556,233.697603,0,0.23724792408066353
2008-09-16,sh.600261,8.2500,8.5700,8.1000,8.1700,8.4500,2139861,17872989.0000,3,2.029151,1,-3.313600,2.180244,17.140246,1.082458,225.953777,0,-3.313609467455614
2008-09-17,sh.600261,8.1800,8.4000,8.1100,8.2200,8.1700,1571584,12962176.0000,3,1.490275,1,0.612000,2.193587,17.245144,1.089083,227.336603,0,0.6119951040391758
2008-09-18,sh.600261,8.1100,8.2000,7.5000,8.0100,8.2200,2662154,20919130.0000,3,2.524422,1,-2.554700,2.137547,16.804575,1.061259,221.528734,0,-2.554744525547459
2008-09-19,sh.600261,8.8100,8.8100,8.6000,8.8100,8.0100,3468012,30416450.0000,3,3.288587,1,9.987500,2.351034,18.482934,1.167253,243.653951,0,9.987515605493137
2008-09-22,sh.600261,9.3000,9.6500,8.6200,9.2600,8.8100,6440585,59279842.0000,3,6.107367,1,5.107800,2.471121,19.427011,1.226874,256.099385,0,5.107832009080582
2008-09-23,sh.600261,8.9000,9.0500,8.6000,8.6600,9.2600,3549427,31168568.0000,3,3.365790,1,-6.479500,2.311005,18.168242,1.147379,239.505473,0,-6.479481641468676
2008-09-24,sh.600261,8.4000,8.8100,8.4000,8.7900,8.6600,1892253,16371666.0000,3,1.794353,1,1.501200,2.345697,18.440975,1.164603,243.100820,0,1.501154734411081
2008-09-25,sh.600261,8.6800,9.0800,8.6800,8.8100,8.7900,3876180,34446774.0000,3,3.675637,1,0.227500,2.351034,18.482934,1.167253,243.653951,0,0.22753128555177415
2008-09-26,sh.600261,8.9800,8.9800,8.6300,8.7700,8.8100,2311531,20349950.0000,3,2.191939,1,-0.454000,2.340360,18.399016,1.161953,242.547690,0,-0.4540295119182858
2008-10-06,sh.600261,8.6300,8.8200,8.2200,8.6200,8.7700,2211177,18840644.0000,3,2.096777,1,-1.710400,2.300331,18.084324,1.142080,238.399212,0,-1.710376282782211
2008-10-07,sh.600261,8.2700,8.6500,8.2500,8.4700,8.6200,1460434,12407658.0000,3,1.384875,1,-1.740100,2.260302,17.769631,1.122206,234.250734,0,-1.7401392111368708
2008-10-08,sh.600261,8.3000,8.5300,8.2300,8.2800,8.4700,1529579,12748926.0000,3,1.450443,1,-2.243200,2.209599,17.371021,1.097032,228.995995,0,-2.243211334120443
2008-10-09,sh.600261,8.5000,8.5000,7.8000,7.8600,8.2800,2023131,16412930.0000,3,1.918460,1,-5.072500,2.097518,16.489882,1.041386,217.380256,0,-5.072463768115931
2008-10-10,sh.600261,7.5500,7.6600,7.2000,7.2400,7.8600,2163801,15999827.0000,3,2.051852,1,-7.888000,1.932065,15.189154,0.959241,200.233213,0,-7.888040712468191
2008-10-13,sh.600261,7.1600,7.4600,7.0100,7.4500,7.2400,2087760,14960825.0000,3,1.979745,1,2.900600,1.988105,15.629723,0.987064,206.041082,0,2.900552486187835
2008-10-14,sh.600261,7.7400,7.8300,7.0800,7.0900,7.4500,2029640,15127415.0000,3,1.924632,1,-4.832200,1.892036,14.874461,0.939367,196.084735,0,-4.832214765100673
2008-10-15,sh.600261,7.0800,7.1500,7.0000,7.1000,7.0900,1068865,7558543.0000,3,1.013565,1,0.141000,1.894704,14.895441,0.940692,196.361300,0,0.14104372355430161
2008-10-16,sh.600261,6.9900,7.1200,6.6600,7.0800,7.1000,2440820,16940179.0000,3,2.314539,1,-0.281700,1.889367,14.853482,0.938042,195.808169,0,-0.28169014084505895
2008-10-17,sh.600261,7.1200,7.2700,7.0300,7.1900,7.0800,1659644,11903561.0000,3,1.573779,1,1.553700,1.918722,15.084256,0.952616,198.850387,0,1.5536723163841915
2008-10-20,sh.600261,7.1800,7.4300,7.0800,7.4100,7.1900,1679292,12209101.0000,3,1.592410,1,3.059800,1.977431,15.545805,0.981764,204.934821,0,3.0598052851182223
2008-10-21,sh.600261,7.4100,7.5800,7.3500,7.4200,7.4100,2237765,16650934.0000,3,2.121989,1,0.135000,1.980099,15.566784,0.983089,205.211387,0,0.13495276653170407
2008-10-22,sh.600261,7.3000,7.3800,7.0200,7.0800,7.4200,1578468,11276816.0000,3,1.496802,1,-4.582200,1.889367,14.853482,0.938042,195.808169,0,-4.582210242587603
2008-10-23,sh.600261,6.8300,7.1700,6.7800,7.0800,7.0800,825689,5780793.0000,3,0.782970,1,0.000000,1.889367,14.853482,0.938042,195.808169,0,0.0
2008-10-24,sh.600261,7.0900,7.1600,7.0200,7.1400,7.0800,886599,6271233.0000,3,0.840729,1,0.847500,1.905379,14.979359,0.945992,197.467561,0,0.8474576271186418
2008-10-27,sh.600261,7.1400,7.1400,7.1400,7.1400,7.1400,0,0.0000,3,,0,0.000000,1.905379,14.979359,0.945992,197.467561,0,0.0
2008-10-28,sh.600261,6.5200,7.2000,6.4500,7.0500,7.1400,3296226,22814599.0000,3,3.125688,1,-1.260500,1.812045,14.326198,0.917757,103.630042,0,-1.2605042016806678
2008-10-29,sh.600261,7.1500,7.1700,6.9600,7.0600,7.0500,2382107,16821189.0000,3,2.258863,1,0.141800,1.814616,14.346518,0.919059,103.777034,0,0.14184397163119478
2008-10-30,sh.600261,7.1200,7.2400,7.0500,7.1400,7.0600,1678206,11985545.0000,3,1.591380,1,1.133100,1.835178,14.509085,0.929473,104.952978,0,1.1331444759206777
2008-10-31,sh.600261,7.1000,7.3800,7.0700,7.2200,7.1400,2282826,16569931.0000,3,2.164719,1,1.120400,1.855740,14.671652,0.939888,106.128922,0,1.1204481792717047
2008-11-03,sh.600261,7.1500,7.1700,6.7700,6.7800,7.2200,2292653,15889736.0000,3,2.174038,1,-6.094200,1.742648,13.777535,0.882609,99.661231,0,-6.094182825484761
2008-11-04,sh.600261,6.6200,6.6600,6.2900,6.3200,6.7800,1648091,10602013.0000,3,1.562823,1,-6.784700,1.624415,12.842776,0.822727,92.899555,0,-6.784660766961648
2008-11-05,sh.600261,6.3800,6.5900,6.2700,6.4100,6.3200,2578046,16550381.0000,3,2.444665,1,1.424100,1.647548,13.025663,0.834443,94.222492,0,1.4240506329114
2008-11-06,sh.600261,6.1200,6.3300,6.1200,6.2100,6.4100,1522619,9458684.0000,3,1.443843,1,-3.120100,1.596142,12.619246,0.808407,91.282632,0,-3.120124804992197
2008-11-07,sh.600261,6.1500,6.4400,6.1300,6.3600,6.2100,1766565,11120930.0000,3,1.675168,1,2.415500,1.634696,12.924059,0.827934,93.487527,0,2.4154589371980784
2008-11-10,sh.600261,6.4800,6.8900,6.4800,6.8800,6.3600,3133117,20973917.0000,3,2.971018,1,8.176100,1.768351,13.980743,0.895627,101.131161,0,8.176100628930815
2008-11-11,sh.600261,6.8700,7.3600,6.6100,7.2500,6.8800,5152653,36104028.0000,3,4.886069,1,5.377900,1.863451,14.732614,0.943793,106.569901,0,5.3779069767441845
2008-11-12,sh.600261,7.2100,7.3400,7.0600,7.3200,7.2500,5113941,37066254.0000,3,4.849360,1,0.965500,1.881443,14.874860,0.952905,107.598852,0,0.9655172413793212
2008-11-13,sh.600261,7.2500,7.8600,7.1800,7.8300,7.3200,5347493,40523907.0000,3,5.070829,1,6.967200,2.012527,15.911224,1.019296,115.095493,0,6.9672131147541005
2008-11-14,sh.600261,7.9000,8.2200,7.7500,8.1300,7.8300,5608542,44872035.0000,3,5.318372,1,3.831400,2.089635,16.520849,1.058350,119.505282,0,3.831417624521083
2008-11-17,sh.600261,8.1000,8.4000,7.9000,8.3400,8.1300,5041721,41198848.0000,3,4.780876,1,2.583000,2.143611,16.947587,1.085687,122.592134,0,2.58302583025829
2008-11-18,sh.600261,8.2900,8.4300,7.5500,7.7500,8.3400,4569958,36230386.0000,3,4.333521,1,-7.074300,1.991965,15.748657,1.008882,113.919549,0,-7.074340527577938
2008-11-19,sh.600261,7.7500,8.2900,7.7500,8.1800,7.7500,4287424,34537971.0000,3,4.065605,1,5.548400,2.102487,16.622453,1.064859,120.240247,0,5.548387096774188
2008-11-20,sh.600261,8.0500,8.1000,7.7100,7.8700,8.1800,4337891,34511671.0000,3,4.113461,1,-3.789700,2.022808,15.992507,1.024503,115.683465,0,-3.7897310513447358
2008-11-21,sh.600261,7.5500,7.8700,7.3100,7.6400,7.8700,3285101,24901397.0000,3,3.115139,1,-2.922500,1.963692,15.525128,0.994562,112.302627,0,-2.9224904701397714
2008-11-24,sh.600261,7.6800,7.6800,7.2300,7.2400,7.6400,2218239,16517896.0000,3,2.103473,1,-5.235600,1.860881,14.712294,0.942491,106.422908,0,-5.235602094240832
2008-11-25,sh.600261,7.4100,7.4800,7.2600,7.4000,7.2400,2677402,19755539.0000,3,2.538881,1,2.209900,1.902005,15.037427,0.963320,108.774795,0,2.20994475138121
2008-11-26,sh.600261,7.2200,7.7000,7.2200,7.4400,7.4000,2164222,16314547.0000,3,2.052251,1,0.540500,1.912286,15.118711,0.968527,109.362767,0,0.540540540540535
2008-11-27,sh.600261,7.9000,7.9500,7.3900,7.4000,7.4400,3303716,25445203.0000,3,3.132791,1,-0.537600,1.902005,15.037427,0.963320,108.774795,0,-0.5376344086021501
2008-11-28,sh.600261,7.2500,7.5000,7.2500,7.3200,7.4000,1459270,10748224.0000,3,1.383771,1,-1.081100,1.881443,14.874860,0.952905,107.598852,0,-1.0810810810810811
2008-12-01,sh.600261,7.4000,7.7900,7.2500,7.7700,7.3200,2764345,21035025.0000,3,2.621325,1,6.147500,1.997105,15.789299,1.011486,114.213535,0,6.1475409836065475
2008-12-02,sh.600261,7.6200,8.0000,7.4100,7.9700,7.7700,3861691,30259072.0000,3,3.661898,1,2.574000,2.048511,16.195716,1.037521,117.153394,0,2.5740025740025763
2008-12-03,sh.600261,8.1600,8.2300,7.9700,8.2200,7.9700,4662597,37745793.0000,3,4.421367,1,3.136800,2.112768,16.703737,1.070066,120.828219,0,3.1367628607277487
2008-12-04,sh.600261,8.3400,8.4900,8.1600,8.3100,8.2200,5398567,45134375.0000,3,5.119260,1,1.094900,2.135900,16.886624,1.081782,122.151155,0,1.0948905109489093
2008-12-05,sh.600261,8.3800,8.6800,8.2000,8.6600,8.3100,6885894,58730740.0000,3,6.529637,1,4.211800,2.225860,17.597854,1.127344,127.295909,0,4.211793020457266
2008-12-08,sh.600261,8.6500,8.9500,8.5900,8.8300,8.6600,7648417,67191760.0000,3,7.252709,1,1.963000,2.269555,17.943308,1.149475,129.794790,0,1.9630484988452546
2008-12-09,sh.600261,8.7800,8.8200,8.2600,8.2900,8.8300,4390615,37295668.0000,3,4.163457,1,-6.115500,2.130760,16.845983,1.079178,121.857169,0,-6.115515288788231
2008-12-10,sh.600261,8.3900,8.7700,8.3000,8.7000,8.2900,5408549,46288454.0000,3,5.128726,1,4.945700,2.236141,17.679137,1.132551,127.883881,0,4.945717732207489
2008-12-11,sh.600261,8.9000,9.3000,8.6000,8.6300,8.7000,7130229,63990846.0000,3,6.761331,1,-0.804600,2.218149,17.536891,1.123439,126.854930,0,-0.8045977011494121
2008-12-12,sh.600261,8.4600,8.5500,8.0800,8.1500,8.6300,3282190,27019478.0000,3,3.112379,1,-5.562000,2.094776,16.561491,1.060953,119.799268,0,-5.561993047508695
2008-12-15,sh.600261,8.3500,8.7400,8.2100,8.7100,8.1500,4618996,39268863.0000,3,4.380022,1,6.871200,2.238711,17.699458,1.133853,128.030874,0,6.871165644171784
2008-12-16,sh.600261,8.5900,8.7900,8.2700,8.7000,8.7100,2534540,21707382.0000,3,2.403410,1,-0.114800,2.236141,17.679137,1.132551,127.883881,0,-0.11481056257177658
2008-12-17,sh.600261,8.7500,9.0700,8.6700,8.6800,8.7000,4240589,37544146.0000,3,4.021193,1,-0.229900,2.231000,17.638496,1.129948,127.589895,0,-0.22988505747125743
2008-12-18,sh.600261,8.6100,8.7800,8.4000,8.6900,8.6800,2801652,24030917.0000,3,2.656702,1,0.115200,2.233571,17.658817,1.131250,127.736888,0,0.11520737327188613
2008-12-19,sh.600261,8.6600,8.8800,8.6400,8.7600,8.6900,3245075,28425234.0000,3,3.077184,1,0.805500,2.251563,17.801062,1.140362,128.765839,0,0.8055235903337232
2008-12-22,sh.600261,8.7600,8.8900,8.4400,8.6200,8.7600,2807991,24205806.0000,3,2.662713,1,-1.598200,2.215579,17.516571,1.122137,126.707937,0,-1.5981735159817378
2008-12-23,sh.600261,8.6300,8.6500,8.0400,8.0900,8.6200,2687725,22263597.0000,3,2.548670,1,-6.148500,2.079354,16.439566,1.053143,118.917310,0,-6.148491879350337
2008-12-24,sh.600261,7.8000,8.0700,7.7000,7.7700,8.0900,2008485,15767365.0000,3,1.904572,1,-3.955500,1.997105,15.789299,1.011486,114.213535,0,-3.95550061804697
2008-12-25,sh.600261,7.8400,7.9500,7.6500,7.7600,7.7700,2302237,17870546.0000,3,2.183126,1,-0.128700,1.994535,15.768978,1.010184,114.066542,0,-0.12870012870012104
2008-12-26,sh.600261,8.0900,8.2600,8.0100,8.0400,7.7600,3801519,30779335.0000,3,3.604839,1,3.608200,2.066503,16.337961,1.046634,118.182345,0,3.6082474226803996
2008-12-29,sh.600261,7.9100,7.9900,7.5100,7.8200,8.0400,1964163,15155082.0000,3,1.862543,1,-2.736300,2.009957,15.890903,1.017994,114.948500,0,-2.736318407960181
2008-12-30,sh.600261,7.7200,7.8800,7.5900,7.7200,7.8200,1242215,9618849.0000,3,1.177946,1,-1.278800,1.984254,15.687694,1.004977,113.478570,0,-1.278772378516635
2008-12-31,sh.600261,7.7200,7.8100,7.6500,7.6600,7.7200,941824,7290212.0000,3,0.893097,1,-0.777200,1.968832,15.565769,0.997166,112.596612,0,-0.7772020725388518
2009-01-05,sh.600261,7.7900,8.0500,7.7500,8.0300,7.6600,1717907,13570394.0000,3,1.629027,1,4.830300,2.063932,16.317641,1.045332,118.035352,0,4.830287206266304
2009-01-06,sh.600261,7.9100,8.3300,7.9100,8.2800,8.0300,2654098,21730484.0000,3,2.516782,1,3.113300,2.128189,16.825662,1.077877,121.710176,0,3.1133250311332406
2009-01-07,sh.600261,8.2800,8.3700,8.2100,8.2900,8.2800,2221736,18423050.0000,3,2.106790,1,0.120800,2.130760,16.845983,1.079178,121.857169,0,0.12077294685990392
2009-01-08,sh.600261,8.1500,8.2700,8.0600,8.0800,8.2900,2365959,19294793.0000,3,2.243551,1,-2.533200,2.076784,16.419245,1.051841,118.770317,0,-2.533172496984304
2009-01-09,sh.600261,8.0400,8.4500,8.0400,8.4400,8.0800,2331706,19399084.0000,3,2.211070,1,4.455400,2.169314,17.150795,1.098705,124.062064,0,4.455445544554459
2009-01-12,sh.600261,8.4000,9.1500,8.4000,9.0500,8.4400,8081880,72092277.0000,3,7.663746,1,7.227500,2.326101,18.390367,1.178114,133.028635,0,7.22748815165879
2009-01-13,sh.600261,8.9600,9.1600,8.8100,9.0500,9.0500,4107590,36948765.0000,3,3.895075,1,0.000000,2.326101,18.390367,1.178114,133.028635,0,0.0
2009-01-14,sh.600261,9.0100,9.5800,9.0100,9.4400,9.0500,7128874,66655637.0000,3,6.760046,1,4.309400,2.426342,19.182880,1.228883,138.761361,0,4.309392265193357
2009-01-15,sh.600261,9.3100,10.2300,9.2100,9.8000,9.4400,6674962,64937110.0000,3,6.329618,1,3.813600,2.518872,19.914431,1.275748,144.053107,0,3.8135593220339103
2009-01-16,sh.600261,9.8100,9.9900,9.6200,9.6900,9.8000,4766437,46797121.0000,3,4.519835,1,-1.122400,2.490598,19.690901,1.261428,142.436185,0,-1.1224489795918502
2009-01-19,sh.600261,9.6800,9.8000,9.2700,9.4700,9.6900,4677086,44101140.0000,3,4.435107,1,-2.270400,2.434052,19.243843,1.232789,139.202339,0,-2.27038183694529
2009-01-20,sh.600261,9.4000,10.1300,9.3500,10.0200,9.4700,5187853,51344015.0000,3,4.919448,1,5.807800,2.575418,20.361489,1.304387,147.286953,0,5.807814149947199
2009-01-21,sh.600261,9.8200,10.1400,9.6700,9.8800,10.0200,2779442,27442349.0000,3,2.635641,1,-1.397200,2.539434,20.076997,1.286162,145.229051,0,-1.3972055888223478
2009-01-22,sh.600261,9.8700,9.9400,9.5600,9.8300,9.8800,1880692,18399773.0000,3,1.783390,1,-0.506100,2.526582,19.975393,1.279653,144.494086,0,-0.5060728744939347
2009-01-23,sh.600261,9.8200,10.0100,9.6500,9.8600,9.8300,1916386,18855649.0000,3,1.817238,1,0.305185,2.534293,20.036356,1.283558,144.935065,0,0.3051881993896277
2009-02-02,sh.600261,9.9000,10.0800,9.7600,10.0600,9.8600,1985683,19753891.0000,3,1.882949,1,2.028400,2.585699,20.442773,1.309594,147.874924,0,2.0283975659229236
2009-02-03,sh.600261,10.0600,10.1900,9.9700,10.0800,10.0600,2635191,26571531.0000,3,2.498854,1,0.198800,2.590839,20.483414,1.312198,148.168910,0,0.1988071570576455
2009-02-04,sh.600261,10.1500,10.4600,10.0300,10.4500,10.0800,3287807,33589133.0000,3,3.117705,1,3.670600,2.685940,21.235286,1.360363,153.607650,0,3.6706349206349076
2009-02-05,sh.600261,10.4400,10.9700,10.3700,10.7200,10.4500,5963779,63874155.0000,3,5.655230,1,2.583700,2.755337,21.783949,1.395512,157.576460,0,2.583732057416288
2009-02-06,sh.600261,10.7200,11.1900,10.6400,11.1800,10.7200,4279857,47026481.0000,3,4.058429,1,4.291000,2.873570,22.718708,1.455394,164.338137,0,4.29104477611939
2009-02-09,sh.600261,11.4300,11.4800,10.8800,11.1000,11.1800,5243939,58106976.0000,3,4.972632,1,-0.715600,2.853008,22.556141,1.444979,163.162193,0,-0.7155635062611854
2009-02-10,sh.600261,11.0000,11.5000,10.7500,11.1600,11.1000,5256443,58456304.0000,3,4.984489,1,0.540500,2.868429,22.678066,1.452790,164.044151,0,0.540540540540535
2009-02-11,sh.600261,11.0100,11.2900,10.8600,11.0300,11.1600,4544303,50128109.0000,3,4.309193,1,-1.164900,2.835016,22.413895,1.435867,162.133242,0,-1.1648745519713288
2009-02-12,sh.600261,10.9100,11.4200,10.7100,11.4000,11.0300,3983646,44287562.0000,3,3.777543,1,3.354500,2.930116,23.165766,1.484033,167.571982,0,3.354487760652769
2009-02-13,sh.600261,11.3000,12.4400,11.2200,12.2400,11.4000,7085415,84544423.0000,3,6.718835,1,7.368400,3.146019,24.872717,1.593383,179.919391,0,7.36842105263158
2009-02-16,sh.600261,12.9000,12.9200,12.1800,12.5700,12.2400,7309642,91097387.0000,3,6.931461,1,2.696100,3.230838,25.543305,1.636342,184.770159,0,2.6960784313725394
2009-02-17,sh.600261,12.5800,12.5800,11.8500,12.1300,12.5700,4455144,53879817.0000,3,4.224647,1,-3.500400,3.117746,24.649188,1.579063,178.302469,0,-3.5003977724741397
2009-02-18,sh.600261,11.8900,12.5200,11.6500,12.3400,12.1300,7722043,93001802.0000,3,7.322526,1,1.731200,3.171722,25.075926,1.606401,181.389321,0,1.731244847485569
2009-02-19,sh.600261,12.4300,13.5200,12.4300,12.7000,12.3400,5863841,75885190.0000,3,5.560462,1,2.917300,3.264252,25.807476,1.653265,186.681068,0,2.917341977309551
2009-02-20,sh.600261,12.8800,13.6000,12.7300,12.9000,12.7000,8959117,118058911.0000,3,8.495597,1,1.574800,3.315657,26.213893,1.679300,189.620927,0,1.5748031496063186
2009-02-23,sh.600261,12.9500,13.1000,12.4000,12.9800,12.9000,4658077,59515795.0000,3,4.417081,1,0.620200,3.336220,26.376460,1.689715,190.796871,0,0.6201550387596955
2009-02-24,sh.600261,12.6700,13.3200,12.6500,13.0200,12.9800,6474954,84321090.0000,3,6.139958,1,0.308200,3.346501,26.457744,1.694922,191.384843,0,0.30816640986131016
2009-02-25,sh.600261,13.2200,13.5500,11.7300,12.2400,13.0200,7764932,97059593.0000,3,7.363196,1,-5.990800,3.146019,24.872717,1.593383,179.919391,0,-5.990783410138246
2009-02-26,sh.600261,12.2300,12.2600,11.0200,11.1800,12.2400,6662931,77382145.0000,3,6.318209,1,-8.660100,2.873570,22.718708,1.455394,164.338137,0,-8.660130718954251
2009-02-27,sh.600261,11.1500,11.5800,10.9500,11.3400,11.1800,5666980,64226583.0000,3,5.373786,1,1.431126,2.914694,23.043841,1.476222,166.690024,0,1.4311270125223707
2009-03-02,sh.600261,11.3300,11.8600,11.0600,11.7400,11.3400,2148297,24960988.0000,3,2.037150,1,3.527300,3.017505,23.856675,1.528294,172.569743,0,3.527336860670194
2009-03-03,sh.600261,11.3000,12.1500,11.1600,11.8300,11.7400,2392481,28361637.0000,3,2.268701,1,0.766600,3.040638,24.039563,1.540010,173.892680,0,0.7666098807495692
2009-03-04,sh.600261,11.8500,12.6500,11.8500,12.5900,11.8300,3269732,40208296.0000,3,3.100565,1,6.424346,3.235979,25.583947,1.638945,185.064145,0,6.4243448858833485
2009-03-05,sh.600261,12.7000,13.1600,12.3000,12.6100,12.5900,4860513,62039236.0000,3,4.609044,1,0.158900,3.241119,25.624589,1.641549,185.358131,0,0.1588562351072298
2009-03-06,sh.600261,12.3100,12.6100,11.8500,12.0700,12.6100,3125219,37920157.0000,3,2.963529,1,-4.282300,3.102324,24.527263,1.571252,177.420511,0,-4.2823156225218035
2009-03-09,sh.600261,12.2500,12.2700,11.1800,11.2300,12.0700,4281760,49276323.0000,3,4.060234,1,-6.959400,2.886421,22.820312,1.461903,165.073102,0,-6.959403479701742
2009-03-10,sh.600261,11.1000,11.5800,10.9300,11.5800,11.2300,1522722,17322431.0000,3,1.443941,1,3.116700,2.976381,23.531541,1.507465,170.217855,0,3.116651825467498
2009-03-11,sh.600261,11.6700,12.0000,11.3100,11.4800,11.5800,1606170,18811072.0000,3,1.523071,1,-0.863600,2.950678,23.328333,1.494447,168.747926,0,-0.8635578583765069
2009-03-12,sh.600261,11.3000,11.4900,10.8000,11.2000,11.4800,2052056,22726860.0000,3,1.945888,1,-2.439000,2.878710,22.759349,1.457997,164.632123,0,-2.4390243902439157
2009-03-13,sh.600261,11.2000,11.4000,11.1000,11.1300,11.2000,1453444,16363805.0000,3,1.378247,1,-0.625000,2.860718,22.617103,1.448885,163.603172,0,-0.6249999999999867
2009-03-16,sh.600261,11.2500,11.2900,11.0100,11.2800,11.1300,854078,9536873.0000,3,0.809890,1,1.347700,2.899273,22.921916,1.468412,165.808066,0,1.3477088948786964
2009-03-17,sh.600261,11.3800,11.7000,11.1700,11.5900,11.2800,2213602,25413388.0000,3,2.099076,1,2.748200,2.978951,28.254518,1.531052,170.364848,0,2.7482269503546153
2009-03-18,sh.600261,11.6800,11.8100,11.4600,11.6000,11.5900,4271326,49818501.0000,3,4.050339,1,0.086300,2.981521,28.278897,1.532374,170.511841,0,0.08628127696290733
2009-03-19,sh.600261,11.6500,11.8500,11.3000,11.8400,11.6000,6334389,73092498.0000,3,6.006665,1,2.069000,3.043208,28.863977,1.564078,174.039673,0,2.0689655172413834
2009-03-20,sh.600261,11.9500,11.9700,11.4800,11.5900,11.8400,4216527,49314138.0000,3,3.998376,1,-2.111500,2.978951,28.254518,1.531052,170.364848,0,-2.1114864864864913
2009-03-23,sh.600261,11.5500,12.5900,11.5200,12.4500,11.5900,7781543,95392447.0000,3,7.378948,1,7.420200,3.199995,30.351057,1.644659,183.006244,0,7.42018981880932
2009-03-24,sh.600261,12.4300,12.8500,12.3300,12.7000,12.4500,5690100,71160917.0000,3,5.395710,1,2.008000,3.264252,30.960516,1.677685,186.681068,0,2.008032128514059
2009-03-25,sh.600261,12.6100,13.1200,12.4500,12.8300,12.7000,6430923,82888693.0000,3,6.098205,1,1.023600,3.297665,31.277435,1.694858,188.591976,0,1.0236220472441104
2009-03-26,sh.600261,12.8300,13.1000,12.5000,13.0300,12.8300,5231485,67402178.0000,3,4.960823,1,1.558800,3.349071,31.765002,1.721278,191.531836,0,1.5588464536243185
2009-03-27,sh.600261,13.1000,13.8800,13.1000,13.5300,13.0300,7332921,99647434.0000,3,6.953536,1,3.837300,3.477585,32.983920,1.787329,198.881484,0,3.8372985418265504
2009-03-30,sh.600261,14.0300,14.5200,13.6500,13.7500,13.5300,10909901,153650727.0000,3,10.345453,1,1.626000,3.534131,33.520244,1.816391,202.115329,0,1.6260162601626105
2009-03-31,sh.600261,13.2500,14.2300,12.9000,14.1400,13.7500,8716643,115656435.0000,3,8.265668,1,2.836400,3.588915,34.470999,1.867910,-95.622505,0,2.836363636363637
2009-04-01,sh.600261,14.0000,14.0400,13.7200,13.8000,14.1400,7602500,105281459.0000,3,7.209168,1,-2.404500,3.502619,33.642135,1.822996,-93.323237,0,-2.4045261669023987
2009-04-02,sh.600261,13.7800,13.8700,13.2000,13.7700,13.8000,6761476,91643740.0000,3,6.411656,1,-0.217400,3.495005,33.569000,1.819033,-93.120361,0,-0.21739130434783593
2009-04-03,sh.600261,13.7500,13.7800,13.1500,13.3600,13.7700,6331963,84671493.0000,3,6.004365,1,-2.977500,3.390941,32.569487,1.764872,-90.347714,0,-2.977487291212777
2009-04-07,sh.600261,13.3000,13.5900,13.0000,13.5700,13.3600,4743230,62971812.0000,3,4.497828,1,1.571900,3.444242,33.081433,1.792613,-91.767850,0,1.5718562874251552
2009-04-08,sh.600261,13.4700,13.4800,12.9000,12.9500,13.5700,4251782,55937196.0000,3,4.031807,1,-4.568900,3.286878,31.569975,1.710710,-87.575067,0,-4.568901989683127
2009-04-09,sh.600261,12.8800,13.3600,12.8100,13.3300,12.9500,4244815,55601694.0000,3,4.025200,1,2.934400,3.383327,32.496352,1.760909,-90.144837,0,2.934362934362933
2009-04-10,sh.600261,13.3800,13.5800,13.1500,13.5000,13.3300,4874801,65568125.0000,3,4.622592,1,1.275300,3.426475,32.910784,1.783366,-91.294471,0,1.275318829707417
2009-04-13,sh.600261,13.6100,13.6500,13.3000,13.4000,13.5000,4658635,62545716.0000,3,4.417610,1,-0.740700,3.401094,32.667001,1.770156,-90.618216,0,-0.7407407407407418
2009-04-14,sh.600261,13.3500,13.9600,13.2100,13.8900,13.4000,6100008,83083112.0000,3,5.784411,1,3.656700,3.525462,33.861540,1.834885,-93.931867,0,3.656716417910455
2009-04-15,sh.600261,13.7200,13.9500,13.3700,13.6800,13.8900,4765954,65069447.0000,3,4.519377,1,-1.511900,3.472161,33.349595,1.807144,-92.511731,0,-1.5118790496760348
2009-04-16,sh.600261,13.6800,13.7000,13.2000,13.3600,13.6800,3750311,50189083.0000,3,3.556280,1,-2.339200,3.390941,32.569487,1.764872,-90.347714,0,-2.3391812865497075
2009-04-17,sh.600261,13.3100,13.3500,12.8800,12.9700,13.3600,3762513,49095996.0000,3,3.567851,1,-2.919200,3.291954,31.618731,1.713352,-87.710318,0,-2.9191616766466977
2009-04-20,sh.600261,13.2100,14.0000,13.2100,13.9300,12.9700,9222558,126011902.0000,3,8.745409,1,7.401700,3.535615,33.959054,1.840169,-94.202369,0,7.401696222050869
2009-04-21,sh.600261,13.7000,13.9900,13.3100,13.7300,13.9300,4677245,63939669.0000,3,4.435257,1,-1.435800,3.422432,33.234407,1.883452,47.626005,0,-1.4357501794687644
2009-04-22,sh.600261,13.9000,13.9300,13.3000,13.5000,13.7300,5088376,69433137.0000,3,4.825118,1,-1.675200,3.365101,32.677677,1.851901,46.828191,0,-1.6751638747268816
2009-04-23,sh.600261,13.8000,13.9200,13.1200,13.3400,13.5000,4266290,57447920.0000,3,4.045564,1,-1.185200,3.325218,32.290386,1.829952,46.273191,0,-1.1851851851851891
2009-04-24,sh.600261,13.3900,14.2100,13.3300,13.8000,13.3400,10920050,150687499.0000,3,10.355077,1,3.448300,3.439881,33.403847,1.893054,47.868818,0,3.4482758620689724
2009-04-27,sh.600261,13.8000,13.8000,13.8000,13.8000,13.8000,0,0.0000,3,,0,0.000000,3.439881,33.403847,1.893054,47.868818,0,0.0
2009-04-28,sh.600261,13.1500,13.1500,12.4200,12.5600,13.8000,7015707,89007459.0000,3,6.652734,1,-8.985500,3.130790,30.402342,1.722953,43.567562,0,-8.985507246376812
2009-04-29,sh.600261,12.5000,13.1400,12.4100,12.8600,12.5600,3699206,47258087.0000,3,3.507819,1,2.388500,3.205570,31.128513,1.764107,44.608188,0,2.3885350318471277
2009-04-30,sh.600261,12.9700,12.9900,12.5500,12.7000,12.8600,3639295,46415974.0000,3,3.451008,1,-1.244200,3.165688,30.741222,1.742158,44.053187,0,-1.244167962674958
2009-05-04,sh.600261,12.6600,13.1900,12.6600,13.0600,12.7000,3536845,46011892.0000,3,3.353858,1,2.834600,3.255424,31.612626,1.791542,45.301939,0,2.834645669291347
2009-05-05,sh.600261,13.2000,13.6000,12.9700,13.3600,13.0600,4633034,61639834.0000,3,4.393334,1,2.297100,3.330204,32.338797,1.832696,46.342566,0,2.297090352220521
2009-05-06,sh.600261,13.5200,13.7500,13.3800,13.5500,13.3600,5883171,79667845.0000,3,5.578792,1,1.422200,3.377564,32.798705,1.858760,47.001629,0,1.4221556886227615
2009-05-07,sh.600261,13.7100,13.9300,13.1000,13.3000,13.5500,5512349,74093225.0000,3,5.227155,1,-1.845000,3.315248,32.193563,1.824465,46.134440,0,-1.845018450184499
2009-05-08,sh.600261,13.2800,13.2900,12.6800,12.9700,13.3000,5438322,70251835.0000,3,5.156958,1,-2.481200,3.232990,31.394775,1.779196,44.989751,0,-2.481203007518795
2009-05-11,sh.600261,13.0000,13.0600,12.4800,12.5000,12.9700,3395934,43367929.0000,3,3.220238,1,-3.623700,3.115834,30.257108,1.714723,43.359436,0,-3.6237471087124162
2009-05-12,sh.600261,12.4700,12.8500,12.4100,12.8400,12.5000,2241449,28198618.0000,3,2.125483,1,2.720000,3.200585,31.080101,1.761363,44.538813,0,2.719999999999989
2009-05-13,sh.600261,12.8500,13.2600,12.7200,13.2100,12.8400,4355167,56862904.0000,3,4.129843,1,2.881600,3.292814,31.975712,1.812119,45.822252,0,2.8816199376947127
2009-05-14,sh.600261,13.1000,13.1000,12.8500,12.9300,13.2100,2449193,31728064.0000,3,2.322479,1,-2.119600,3.223019,31.297953,1.773709,44.851001,0,-2.1196063588190817
2009-05-15,sh.600261,12.9800,13.3000,12.8700,13.1000,12.9300,3014867,39457549.0000,3,2.858886,1,1.314800,3.265394,31.709449,1.797030,45.440689,0,1.314771848414531
2009-05-18,sh.600261,13.1200,13.1800,12.8500,13.1500,13.1000,2361491,30675601.0000,3,2.239314,1,0.381700,3.277858,31.830478,1.803888,45.614127,0,0.3816793893129722
2009-05-19,sh.600261,13.3500,13.8800,13.3000,13.6100,13.1500,6882364,93521553.0000,3,6.526290,1,3.498100,3.392520,32.943939,1.866990,47.209754,0,3.4980988593155793
2009-05-20,sh.600261,13.5000,13.7800,13.4700,13.4900,13.6100,4479557,61021278.0000,3,4.247797,1,-0.881700,3.362608,32.653471,1.850529,46.793504,0,-0.881704628949298
2009-05-21,sh.600261,13.4800,13.6900,13.0000,13.0400,13.4900,4103242,54373717.0000,3,3.890952,1,-3.335800,3.250438,31.564215,1.788799,45.232564,0,-3.3358042994811044
2009-05-22,sh.600261,13.1100,13.5200,13.1100,13.3800,13.0400,4192629,55973361.0000,3,3.975714,1,2.607400,3.335189,32.387208,1.835439,46.411941,0,2.6073619631902023
2009-05-25,sh.600261,12.7000,12.7000,12.1000,12.5300,12.9800,2827538,35065379.0000,3,2.681249,1,-3.466900,3.123312,30.329725,1.718838,43.463499,0,-6.352765321375198
2009-05-26,sh.600261,12.6500,13.1800,12.5300,12.9300,12.5300,6050534,77464587.0000,3,5.737496,1,3.192300,3.223019,31.297953,1.773709,44.851001,0,3.1923383878691203
2009-05-27,sh.600261,12.9300,13.0800,12.5600,12.8300,12.9300,3066382,39182219.0000,3,2.907736,1,-0.773400,3.198092,31.055896,1.759992,44.504125,0,-0.7733952049497228
2009-06-01,sh.600261,12.7800,12.9500,12.6800,12.8700,12.8300,4239697,54248503.0000,3,4.020347,1,0.311800,3.208063,31.152718,1.765479,44.642876,0,0.3117692907248504
2009-06-02,sh.600261,12.9700,12.9800,12.6200,12.7000,12.8700,4694597,59792598.0000,3,4.451712,1,-1.320900,3.165688,30.741222,1.742158,44.053187,0,-1.3209013209013243
2009-06-03,sh.600261,12.6200,12.7400,12.3900,12.5900,12.7000,4128986,51742947.0000,3,3.915364,1,-0.866100,3.138268,30.474959,1.727069,43.671624,0,-0.8661417322834652
2009-06-04,sh.600261,12.5900,12.6900,12.4300,12.5000,12.5900,4240344,53153104.0000,3,4.020960,1,-0.714900,3.115834,30.257108,1.714723,43.359436,0,-0.714853057982523
2009-06-05,sh.600261,12.5300,12.6500,12.4000,12.6000,12.5000,3070439,38482319.0000,3,2.911583,1,0.800000,3.140761,30.499165,1.728441,43.706312,0,0.8000000000000007
2009-06-08,sh.600261,12.6300,12.7200,12.2000,12.3100,12.6000,4184358,52261093.0000,3,3.967871,1,-2.301600,3.068473,29.797200,1.688659,42.700373,0,-2.3015873015872934
2009-06-09,sh.600261,12.2500,12.3000,11.8100,12.1600,12.3100,3290073,39620212.0000,3,3.119854,1,-1.218500,3.031083,29.434115,1.668082,42.180060,0,-1.2185215272136452
2009-06-10,sh.600261,12.1400,13.3600,12.0700,13.0300,12.1600,9442991,121823468.0000,3,8.954437,1,7.154600,3.247946,31.540009,1.787427,45.197876,0,7.154605263157898
2009-06-11,sh.600261,13.0200,13.0200,12.5800,12.7500,13.0300,5738195,73330386.0000,3,5.441317,1,-2.148900,3.178151,30.862250,1.749017,44.226625,0,-2.148887183422865
2009-06-12,sh.600261,12.6000,12.7700,12.1500,12.2900,12.7500,4567090,56711110.0000,3,4.330801,1,-3.607800,3.063488,29.748789,1.685915,42.630998,0,-3.607843137254907
2009-06-15,sh.600261,12.3900,12.5500,12.2000,12.4300,12.2900,2081951,25785519.0000,3,1.974237,1,1.139100,3.098385,30.087668,1.705120,43.116624,0,1.1391375101708734
2009-06-16,sh.600261,12.2000,12.3700,12.2000,12.3600,12.4300,1879736,23092381.0000,3,1.782484,1,-0.563200,3.080937,29.918228,1.695518,42.873811,0,-0.5631536604987941
2009-06-17,sh.600261,12.3500,12.4000,12.1800,12.3400,12.3600,2471199,30440959.0000,3,2.343346,1,-0.161800,3.075951,29.869817,1.692774,42.804436,0,-0.16181229773462036
2009-06-18,sh.600261,12.3500,12.5900,12.3500,12.5500,12.3400,3467954,43175937.0000,3,3.288532,1,1.701800,3.128297,30.378136,1.721582,43.532874,0,1.701782820097253
2009-06-19,sh.600261,12.5800,12.6800,12.3300,12.3800,12.5500,2569109,31915056.0000,3,2.436190,1,-1.354600,3.085922,29.966640,1.698261,42.943186,0,-1.3545816733067761
2009-06-22,sh.600261,12.5200,12.5300,12.2800,12.3200,12.3800,3134159,38784256.0000,3,2.972006,1,-0.484700,3.070966,29.821406,1.690031,42.735060,0,-0.4846526655896688
2009-06-23,sh.600261,12.3000,12.3400,12.1500,12.2400,12.3200,1852789,22634064.0000,3,1.756931,1,-0.649400,3.051025,29.627760,1.679057,42.457560,0,-0.6493506493506551
2009-06-24,sh.600261,12.2200,12.3600,12.2200,12.3400,12.2400,1770824,21775746.0000,3,1.679206,1,0.817000,3.075951,29.869817,1.692774,42.804436,0,0.8169934640522847
2009-06-25,sh.600261,12.4300,12.4300,12.2800,12.3600,12.3400,2153007,26606652.0000,3,2.041616,1,0.162100,3.080937,29.918228,1.695518,42.873811,0,0.16207455429497752
2009-06-26,sh.600261,12.3900,12.6500,12.2800,12.5600,12.3600,4048911,50479095.0000,3,3.839432,1,1.618100,3.130790,30.402342,1.722953,43.567562,0,1.6181229773462924
2009-06-29,sh.600261,12.5600,12.9400,12.4800,12.8300,12.5600,7020699,89235945.0000,3,6.657468,1,2.149700,3.198092,31.055896,1.759992,44.504125,0,2.149681528662417
2009-06-30,sh.600261,13.0000,13.3300,12.8000,12.8400,12.8300,13451103,176179882.0000,3,12.755180,1,0.077900,3.200585,31.080101,1.761363,44.538813,0,0.0779423226812126
2009-07-01,sh.600261,12.8000,13.0800,12.5200,12.6900,12.8400,5744879,73258087.0000,3,5.447655,1,-1.168200,3.163195,30.717016,1.740787,44.018500,0,-1.1682242990654235
2009-07-02,sh.600261,12.8800,12.8900,12.6200,12.7900,12.6900,4027544,51390196.0000,3,3.819170,1,0.788000,3.188122,30.959073,1.754504,44.365375,0,0.7880220646178104
2009-07-03,sh.600261,12.7100,12.8900,12.5900,12.7600,12.7900,4489075,57095916.0000,3,4.256823,1,-0.234600,3.180644,30.886456,1.750389,44.261313,0,-0.23455824863173325
2009-07-06,sh.600261,12.7200,13.1600,12.4200,13.1300,12.7600,8342697,106554363.0000,3,7.911069,1,2.899700,3.272872,31.782066,1.801145,45.544752,0,2.899686520376177
2009-07-07,sh.600261,13.2500,13.5600,13.1800,13.1900,13.1300,14362838,191379721.0000,3,13.619745,1,0.456965,3.287828,31.927300,1.809376,45.752877,0,0.4569687738004369
2009-07-08,sh.600261,12.9800,13.1500,12.8700,13.0200,13.1900,5341218,69203677.0000,3,5.064878,1,-1.288900,3.245453,31.515804,1.786055,45.163189,0,-1.2888551933282755
2009-07-09,sh.600261,13.0200,13.1400,12.8800,13.0900,13.0200,4019423,52307810.0000,3,3.811469,1,0.537600,3.262902,31.685244,1.795658,45.406002,0,0.5376344086021501
2009-07-10,sh.600261,13.1100,13.1700,12.9600,13.0300,13.0900,3822434,49853646.0000,3,3.624672,1,-0.458400,3.247946,31.540009,1.787427,45.197876,0,-0.4583651642475206
2009-07-13,sh.600261,13.0000,13.1300,12.9000,13.0000,13.0300,3648292,47543289.0000,3,3.459540,1,-0.230200,3.240468,31.467392,1.783312,45.093814,0,-0.23023791250958991
2009-07-14,sh.600261,12.9800,13.4600,12.9800,13.3700,13.0000,7171202,95113500.0000,3,6.800184,1,2.846200,3.332696,32.363003,1.834068,46.377253,0,2.8461538461538316
2009-07-15,sh.600261,13.4700,13.4700,13.1400,13.2300,13.3700,6307482,83543201.0000,3,5.981150,1,-1.047100,3.297799,32.024123,1.814863,45.891627,0,-1.0471204188481575
2009-07-16,sh.600261,13.2500,13.8000,13.1600,13.5600,13.2300,12281482,166724114.0000,3,11.646072,1,2.494300,3.380057,32.822911,1.860131,47.036317,0,2.4943310657596474
2009-07-17,sh.600261,13.6000,13.7800,13.3800,13.6200,13.5600,6680172,90596803.0000,3,6.334558,1,0.442500,3.395013,32.968145,1.868362,47.244442,0,0.4424778761061843
2009-07-20,sh.600261,13.7000,14.1400,13.6000,14.0400,13.6200,9726023,136081490.0000,3,9.222826,1,3.083700,3.499705,33.984784,1.925977,48.701319,0,3.083700440528636
2009-07-21,sh.600261,14.0400,14.2500,13.3000,13.4000,14.0400,9524327,130567561.0000,3,9.031565,1,-4.558400,3.340174,32.435620,1.838183,46.481316,0,-4.55840455840455
2009-07-22,sh.600261,13.3800,13.5200,13.2000,13.3900,13.4000,5955562,79614143.0000,3,5.647438,1,-0.074600,3.337682,32.411414,1.836811,46.446628,0,-0.07462686567164534
2009-07-23,sh.600261,13.4200,13.4400,13.1600,13.3300,13.3900,4018401,53341782.0000,3,3.810500,1,-0.448100,3.322726,32.266180,1.828580,46.238503,0,-0.44809559372666063
2009-07-24,sh.600261,13.3900,13.5700,12.9500,13.2100,13.3300,5495070,72936001.0000,3,5.210770,1,-0.900200,3.292814,31.975712,1.812119,45.822252,0,-0.900225056264059
2009-07-27,sh.600261,13.4300,13.6400,13.2300,13.5600,13.2100,6794351,91417505.0000,3,6.442830,1,2.649500,3.380057,32.822911,1.860131,47.036317,0,2.6495079485238326
2009-07-28,sh.600261,13.5400,14.9200,13.4000,14.7300,13.5600,17756102,253510667.0000,3,16.837451,1,8.628300,3.671699,35.654976,2.020629,51.094760,0,8.628318584070804
2009-07-29,sh.600261,14.4600,15.1000,13.6000,14.0000,14.7300,13971266,203514403.0000,3,13.248432,1,-4.955900,3.489734,33.887961,1.920490,48.562569,0,-4.95587236931433
2009-07-30,sh.600261,14.0100,15.3900,14.0100,15.2900,14.0000,17363341,258545867.0000,3,16.465010,1,9.214300,3.811288,37.010495,2.097449,53.037263,0,9.214285714285708
2009-07-31,sh.600261,15.0800,15.5500,14.7700,15.2600,15.2900,12510171,190148153.0000,3,11.862930,1,-0.196200,3.803810,36.937877,2.093334,52.933200,0,-0.19620667102681066
2009-08-03,sh.600261,15.3600,15.5000,14.9000,15.4300,15.2600,8866307,134688467.0000,3,8.407589,1,1.114000,3.846186,37.349374,2.116654,53.522888,0,1.1140235910878094
2009-08-04,sh.600261,15.2500,15.3500,14.6500,14.7400,15.4300,8806571,131044843.0000,3,8.350944,1,-4.471800,3.674192,35.679182,2.022001,51.129447,0,-4.471808165910563
2009-08-05,sh.600261,14.7500,15.0800,14.5300,14.8600,14.7400,5370943,79529269.0000,3,5.093065,1,0.814100,3.704104,35.969650,2.038462,51.545698,0,0.8141112618724522
2009-08-06,sh.600261,14.8000,14.8000,14.0800,14.2800,14.8600,5976394,85811871.0000,3,5.667192,1,-3.903100,3.559529,34.565720,1.958899,49.533820,0,-3.903095558546432
2009-08-07,sh.600261,14.3000,14.5600,13.8000,13.9700,14.2800,4981237,70929102.0000,3,4.723522,1,-2.170900,3.482256,33.815344,1.916374,48.458506,0,-2.170868347338928
2009-08-10,sh.600261,14.0500,14.3000,13.5700,13.8000,13.9700,4835422,67090957.0000,3,4.585251,1,-1.216900,3.439881,33.403847,1.893054,47.868818,0,-1.2168933428775897
2009-08-11,sh.600261,13.8800,14.1400,13.8000,14.1300,13.8000,3143887,44042611.0000,3,2.981231,1,2.391300,3.522139,34.202635,1.938323,49.013507,0,2.3913043478260843
2009-08-12,sh.600261,14.1000,14.1000,13.2500,13.2500,14.1300,3407458,46266412.0000,3,3.231166,1,-6.227900,3.302784,32.072534,1.817606,45.961003,0,-6.22788393489031
2009-08-13,sh.600261,13.3000,13.4900,13.2200,13.3000,13.2500,2417938,32250648.0000,3,2.292841,1,0.377400,3.315248,32.193563,1.824465,46.134440,0,0.37735849056603765
2009-08-14,sh.600261,13.3000,13.4500,12.2600,12.4100,13.3000,5090251,64788114.0000,3,4.826896,1,-6.691700,3.093400,30.039257,1.702377,43.047248,0,-6.691729323308271
2009-08-17,sh.600261,12.3400,12.7500,11.8100,11.9700,12.4100,3151130,38628282.0000,3,2.988099,1,-3.545500,2.983723,28.974207,1.642019,41.520996,0,-3.5455278001611523
2009-08-18,sh.600261,11.8100,12.2900,11.7000,12.2600,11.9700,2437537,29387998.0000,3,2.311426,1,2.422700,3.056010,29.676172,1.681800,42.526935,0,2.4227234753550375
2009-08-19,sh.600261,12.3100,12.5000,11.5000,11.8900,12.2600,4203429,50575198.0000,3,3.985955,1,-3.017900,2.963781,28.780561,1.631044,41.243496,0,-3.0179445350734024
2009-08-20,sh.600261,12.0000,12.6000,11.9000,12.5800,11.8900,4835785,59357431.0000,3,4.585595,1,5.803200,3.135775,30.450754,1.725697,43.636937,0,5.803195962994101
2009-08-21,sh.600261,12.5000,12.7600,12.3400,12.6600,12.5800,5439079,68345091.0000,3,5.157676,1,0.635900,3.155717,30.644399,1.736671,43.914437,0,0.6359300476947549
2009-08-24,sh.600261,12.6000,12.6800,12.2600,12.5700,12.6600,4397543,54753543.0000,3,4.170026,1,-0.710900,3.133283,30.426548,1.724325,43.602249,0,-0.7109004739336511
2009-08-25,sh.600261,12.5000,12.5000,11.6600,11.9200,12.5700,5987519,72088531.0000,3,5.677741,1,-5.171000,3.188784,30.447928,1.798010,30.694784,0,-5.171042163882267
2009-08-26,sh.600261,11.9000,12.7600,11.7100,12.6500,11.9200,7696368,95812906.0000,3,7.298179,1,6.124200,3.384070,32.312608,1.908123,32.574582,0,6.124161073825496
2009-08-27,sh.600261,13.1900,13.9200,13.1000,13.9200,12.6500,26127079,359877438.0000,3,24.775337,1,10.039500,3.723815,35.556641,2.099689,35.844916,0,10.039525691699591
2009-08-28,sh.600261,13.6600,13.9700,13.1500,13.5400,13.9200,12286808,166657947.0000,3,11.651123,1,-2.729900,3.622159,34.585985,2.042370,34.866391,0,-2.7298850574712707
2009-08-31,sh.600261,13.1700,13.1800,12.2100,12.2200,13.5400,7493235,94398471.0000,3,7.105556,1,-9.748900,3.269039,31.214235,1.843262,31.467304,0,-9.74889217134416
2009-09-01,sh.600261,12.0000,12.3900,11.8000,11.9100,12.2200,4889127,59138570.0000,3,4.636177,1,-2.536800,3.186109,30.422384,1.796501,30.669033,0,-2.53682487725041
2009-09-02,sh.600261,11.9300,12.0000,11.4300,11.7100,11.9100,4498629,52929977.0000,3,4.265882,1,-1.679300,3.132606,29.911513,1.766333,30.154020,0,-1.6792611251049472
2009-09-03,sh.600261,11.9000,12.4000,11.7500,12.2800,11.7100,5574066,67571954.0000,3,5.285679,1,4.867600,3.285090,31.367496,1.852312,31.621808,0,4.867634500426976
2009-09-04,sh.600261,12.2400,12.7000,12.0300,12.5200,12.2800,7719497,95461096.0000,3,7.320112,1,1.954400,3.349293,31.980542,1.888514,32.239823,0,1.9543973941368087
2009-09-07,sh.600261,12.6000,12.8400,12.3600,12.7800,12.5200,7877468,99375252.0000,3,7.469910,1,2.076700,3.418847,32.644674,1.927732,32.909341,0,2.076677316293929
2009-09-08,sh.600261,12.7200,12.9800,12.4100,12.8600,12.7800,5887356,74884585.0000,3,5.582761,1,0.626000,3.440248,32.849023,1.939799,33.115346,0,0.6259780907668322
2009-09-09,sh.600261,12.8800,13.2500,12.7500,13.1100,12.8600,8061723,105269439.0000,3,7.644632,1,1.944000,3.507127,33.487612,1.977509,33.759112,0,1.9440124416796323
2009-09-10,sh.600261,12.9400,13.1200,12.6100,12.8700,13.1100,6106921,78533919.0000,3,5.790966,1,-1.830700,3.442924,32.874566,1.941307,33.141096,0,-1.830663615560646
2009-09-11,sh.600261,12.8500,13.0700,12.7000,12.9000,12.8700,4860838,62850196.0000,3,4.609352,1,0.233100,3.450949,32.951197,1.945833,33.218348,0,0.2331002331002363
2009-09-14,sh.600261,13.0300,13.4200,12.9600,13.3000,12.9000,8743282,115601388.0000,3,8.290929,1,3.100800,3.557955,33.972940,2.006169,34.248375,0,3.100775193798455
2009-09-15,sh.600261,13.3000,13.3700,13.1000,13.3200,13.3000,6024699,79806873.0000,3,5.712998,1,0.150400,3.563306,34.024027,2.009185,34.299876,0,0.15037593984961184
2009-09-16,sh.600261,13.2600,13.4300,13.1000,13.3600,13.3200,5971879,79207570.0000,3,5.662911,1,0.300300,3.574006,34.126201,2.015219,34.402879,0,0.30030030030030463
2009-09-17,sh.600261,13.2200,13.9900,13.2200,13.6400,13.3600,9778192,133936857.0000,3,9.272296,1,2.095800,3.648911,34.841421,2.057454,35.123897,0,2.095808383233533
2009-09-18,sh.600261,13.7500,14.2900,13.6200,13.8600,13.6400,13973643,194858500.0000,3,13.250686,1,1.612900,3.707764,35.403379,2.090639,35.690412,0,1.6129032258064502
2009-09-21,sh.600261,13.7300,14.4400,13.3100,14.3900,13.8600,11946021,166547377.0000,3,11.327967,1,3.824000,3.849547,36.757188,2.170584,37.055196,0,3.8239538239538406
2009-09-22,sh.600261,14.3000,14.9500,13.8000,13.8300,14.3900,12722761,183492296.0000,3,12.064521,1,-3.891600,3.699738,35.326748,2.086114,35.613160,0,-3.891591382904802
2009-09-23,sh.600261,13.9400,14.0700,13.0000,13.0600,13.8300,7275094,97774511.0000,3,6.898701,1,-5.567600,3.493752,33.359894,1.969967,33.630359,0,-5.567606652205348
2009-09-24,sh.600261,13.1000,13.4500,12.8100,13.2600,13.0600,6065393,79531452.0000,3,5.751586,1,1.531400,3.547255,33.870765,2.000135,34.145372,0,1.5313935681469992
2009-09-25,sh.600261,13.2700,13.2700,12.8500,12.8600,13.2600,2728146,35447451.0000,3,2.586999,1,-3.016600,3.440248,32.849023,1.939799,33.115346,0,-3.01659125188537
2009-09-28,sh.600261,12.8500,13.0800,11.8000,12.1000,12.8600,3414274,42483394.0000,3,3.237629,1,-5.909800,3.236937,30.907712,1.825161,31.158296,0,-5.909797822706064
2009-09-29,sh.600261,12.1100,12.2600,11.6100,11.9000,12.1000,3167567,37593583.0000,3,3.003686,1,-1.652900,3.183434,30.396841,1.794993,30.643283,0,-1.6528925619834656
2009-09-30,sh.600261,12.0000,12.1500,11.9000,11.9800,11.9000,2833334,34007433.0000,3,2.686745,1,0.672300,3.204835,30.601189,1.807060,30.849288,0,0.6722689075630228
2009-10-09,sh.600261,12.1600,12.6300,12.1600,12.6000,11.9800,4305106,53403237.0000,3,4.082372,1,5.175300,3.370694,32.184890,1.900581,32.445829,0,5.175292153589317
2009-10-12,sh.600261,12.6500,12.9400,12.4500,12.5800,12.6000,3920575,49470255.0000,3,3.717735,1,-0.158700,3.365344,32.133803,1.897564,32.394327,0,-0.15873015873015817
2009-10-13,sh.600261,12.8000,13.0500,12.6500,12.8400,12.5800,3748989,48220002.0000,3,3.555027,1,2.066800,3.434898,32.797936,1.936782,33.063845,0,2.0667726550079424
2009-10-14,sh.600261,12.7300,13.1200,12.7300,12.8800,12.8400,4209207,54309212.0000,3,3.991434,1,0.311500,3.445599,32.900110,1.942816,33.166847,0,0.31152647975078995
2009-10-15,sh.600261,12.9000,13.1600,12.8100,12.9800,12.8800,4189365,54453956.0000,3,3.972619,1,0.776400,3.472350,33.155546,1.957900,33.424354,0,0.7763975155279379
2009-10-16,sh.600261,13.0500,13.1300,12.7100,12.8900,12.9800,3309390,42647584.0000,3,3.138171,1,-0.693400,3.448274,32.925653,1.944324,33.192598,0,-0.6933744221879756
2009-10-19,sh.600261,13.0700,13.3500,12.8800,13.2900,12.8900,5777031,75780262.0000,3,5.478143,1,3.103200,3.555280,33.947396,2.004660,34.222624,0,3.103180760279267
2009-10-20,sh.600261,13.3800,13.4700,13.1800,13.4200,13.2900,5159738,68771134.0000,3,4.892788,1,0.978200,3.590057,34.279462,2.024269,34.557383,0,0.9781790820165615
2009-10-21,sh.600261,13.3900,13.5900,13.3000,13.4500,13.4200,4671297,62757055.0000,3,4.429617,1,0.223500,3.598083,34.356093,2.028795,34.634635,0,0.22354694485842153
2009-10-22,sh.600261,13.4800,13.5500,13.3000,13.3200,13.4500,3319381,44443516.0000,3,3.147645,1,-0.966500,3.563306,34.024027,2.009185,34.299876,0,-0.9665427509293556
2009-10-23,sh.600261,13.3200,13.6500,13.2800,13.4000,13.3200,4254955,57447924.0000,3,4.034815,1,0.600600,3.584707,34.228375,2.021253,34.505881,0,0.6006006006006093
2009-10-26,sh.600261,13.4100,13.8800,13.4100,13.7400,13.4000,6082435,83280662.0000,3,5.767747,1,2.537300,3.675662,35.096856,2.072538,35.381404,0,2.5373134328358304
2009-10-27,sh.600261,13.5800,13.7000,12.9500,12.9900,13.7400,5561859,74506491.0000,3,5.274104,1,-5.458500,3.309634,29.417527,1.968057,34.733841,0,-5.458515283842791
2009-10-28,sh.600261,13.0000,13.9200,12.9900,13.8400,12.9900,7806086,105179581.0000,3,7.402221,1,6.543498,3.526200,31.342461,2.096837,37.006648,0,6.543494996150878
2009-10-29,sh.600261,13.7000,13.8600,13.4500,13.6400,13.8400,5588078,76334462.0000,3,5.298966,1,-1.445100,3.475243,30.889535,2.066536,36.471870,0,-1.445086705202303
2009-10-30,sh.600261,13.7400,14.2300,13.5500,13.5800,13.6400,8228344,114391299.0000,3,7.802632,1,-0.439900,3.459956,30.753658,2.057446,36.311436,0,-0.4398826979472137
2009-11-02,sh.600261,13.2600,14.4200,13.0600,14.3900,13.5800,11329480,159011582.0000,3,10.743324,1,5.964700,3.666331,32.588007,2.180165,38.477288,0,5.964653902798234
2009-11-03,sh.600261,14.3500,14.8600,14.2200,14.7500,14.3900,11074159,161615359.0000,3,10.501213,1,2.501700,3.758053,33.403273,2.234707,39.439888,0,2.5017373175816537
2009-11-04,sh.600261,14.6500,15.9000,14.5900,15.4200,14.7500,16961103,260899998.0000,3,16.083583,1,4.542400,3.928757,34.920574,2.336216,41.231395,0,4.542372881355927
2009-11-05,sh.600261,15.4500,15.4900,15.1000,15.1800,15.4200,6715720,102155478.0000,3,6.368267,1,-1.556400,3.867609,34.377063,2.299855,40.589662,0,-1.5564202334630406
2009-11-06,sh.600261,15.3100,15.6100,15.2500,15.2900,15.1800,7772918,119778365.0000,3,7.370769,1,0.724600,3.895636,34.626173,2.316520,40.883789,0,0.7246376811594235
2009-11-09,sh.600261,15.2900,15.9900,15.2600,15.8500,15.2900,6755878,105913527.0000,3,3.418226,1,3.662500,4.038314,35.894365,2.401363,42.381168,0,3.662524525833888
2009-11-10,sh.600261,15.8400,16.0500,15.5800,15.6900,15.8500,6082244,96333490.0000,3,3.077392,1,-1.009500,3.997549,35.532024,2.377122,41.953346,0,-1.0094637223974745
2009-11-11,sh.600261,15.6900,16.3300,15.5000,16.2200,15.6900,6380035,101847158.0000,3,3.228064,1,3.377900,4.132584,36.732277,2.457420,43.370508,0,3.3779477374123568
2009-11-12,sh.600261,16.2000,16.3100,15.8300,15.9900,16.2200,6161420,98617690.0000,3,3.117452,1,-1.418000,4.073984,36.211413,2.422574,42.755513,0,-1.4180024660912394
2009-11-13,sh.600261,15.9100,16.4000,15.4900,16.2900,15.9900,7047282,112045601.0000,3,3.565666,1,1.876200,4.150419,36.890801,2.468026,43.557680,0,1.8761726078799112
2009-11-16,sh.600261,16.2900,16.5000,16.1400,16.2200,16.2900,6921615,112670038.0000,3,3.502083,1,-0.429700,4.132584,36.732277,2.457420,43.370508,0,-0.42971147943523524
2009-11-17,sh.600261,16.2900,16.3500,15.8000,15.9700,16.2200,4985998,79546563.0000,3,2.522732,1,-1.541300,4.068888,36.166120,2.419544,42.702035,0,-1.5413070283600394
2009-11-18,sh.600261,15.8100,16.0200,15.5000,15.6100,15.9700,5040055,79183835.0000,3,2.550083,1,-2.254200,3.977166,35.350854,2.365002,41.739435,0,-2.254226675015658
2009-11-19,sh.600261,15.6600,15.9500,15.6000,15.8100,15.6100,5978496,94255551.0000,3,3.024900,1,1.281200,4.028123,35.803779,2.395303,42.274213,0,1.2812299807815508
2009-11-20,sh.600261,15.8000,16.2500,15.6700,16.1100,15.8100,5598636,89776270.0000,3,2.832704,1,1.897500,4.104558,36.483168,2.440755,43.076380,0,1.8975332068311035
2009-11-23,sh.600261,16.1000,16.1000,15.7800,16.0500,16.1100,4425826,70480538.0000,3,2.239305,1,-0.372400,4.089271,36.347290,2.431664,42.915946,0,-0.3724394785847185
2009-11-24,sh.600261,16.0600,16.6700,15.5000,15.8100,16.0500,9945479,160814506.0000,3,5.032047,1,-1.495300,4.028123,35.803779,2.395303,42.274213,0,-1.495327102803734
2009-11-25,sh.600261,15.7500,16.7900,15.6300,16.4400,15.8100,10531628,171999226.0000,3,5.328617,1,3.984800,4.188636,37.230496,2.490752,43.958764,0,3.984819734345346
2009-11-26,sh.600261,16.4300,16.8700,15.7600,15.7900,16.4400,7125025,115781507.0000,3,3.605001,1,-3.953800,4.023027,35.758487,2.392273,42.220735,0,-3.953771289537722
2009-11-27,sh.600261,15.6500,15.9800,15.3100,15.9200,15.7900,4667428,73558260.0000,3,2.361547,1,0.823300,4.056149,36.052889,2.411969,42.568341,0,0.8233058898036827
2009-11-30,sh.600261,16.0000,17.1600,16.0000,16.8600,15.9200,7860170,129880621.0000,3,3.976957,1,5.904500,4.295645,38.181640,2.554384,45.081798,0,5.904522613065333
2009-12-01,sh.600261,16.8000,17.3000,16.6200,17.1400,16.8600,6874911,117077141.0000,3,3.478453,1,1.660700,4.366985,38.815736,2.596805,45.830487,0,1.660735468564667
2009-12-02,sh.600261,17.0200,17.1900,16.7200,17.1000,17.1400,5675999,96161343.0000,3,2.871847,1,-0.233400,4.356793,38.725150,2.590745,45.723532,0,-0.2333722287047757
2009-12-03,sh.600261,17.0800,18.1300,16.8800,18.0100,17.1000,10047488,177847993.0000,3,5.083660,1,5.321600,4.588646,40.785963,2.728615,48.156772,0,5.321637426900594
2009-12-04,sh.600261,17.9800,18.0000,17.1000,17.3300,18.0100,7344866,128145166.0000,3,3.716233,1,-3.775700,4.415393,39.246015,2.625592,46.338527,0,-3.775680177679086
2009-12-07,sh.600261,17.6500,17.8600,17.0200,17.5600,17.3300,4944665,86231637.0000,3,2.501819,1,1.327200,4.473994,39.766880,2.660438,46.953521,0,1.3271783035199158
2009-12-08,sh.600261,17.4800,17.7000,17.0600,17.4900,17.5600,4369045,75826620.0000,3,2.210576,1,-0.398600,4.456159,39.608356,2.649832,46.766349,0,-0.39863325740319144
2009-12-09,sh.600261,17.3800,17.3800,16.7000,16.8700,17.4900,3977239,67960720.0000,3,2.012337,1,-3.544900,4.298193,38.204286,2.555899,45.108537,0,-3.544882790165793
2009-12-10,sh.600261,17.1500,17.4100,17.0000,17.2700,16.8700,3972802,68411835.0000,3,2.010092,1,2.371100,4.400106,39.110137,2.616501,46.178093,0,2.371072910491989
2009-12-11,sh.600261,17.2300,17.5400,17.2000,17.5000,17.2700,2719476,47250753.0000,3,1.375955,1,1.331800,4.458707,39.631002,2.651347,46.793088,0,1.3317892298783995
2009-12-14,sh.600261,17.5000,17.7200,17.0000,17.6700,17.5000,2927179,50696400.0000,3,1.481045,1,0.971400,4.502020,40.015989,2.677103,47.247649,0,0.9714285714285786
2009-12-15,sh.600261,17.6000,18.5200,17.6000,18.1700,17.6700,7616051,138862152.0000,3,3.853442,1,2.829700,4.629411,41.148303,2.752856,48.584595,0,2.8296547821165863
2009-12-16,sh.600261,18.0000,18.6500,18.0000,18.6100,18.1700,5312010,97946941.0000,3,2.687682,1,2.421600,4.741516,42.144740,2.819519,49.761107,0,2.421574023115003
2009-12-17,sh.600261,18.8300,19.5000,17.9500,18.1800,18.6100,5892134,109213378.0000,3,2.981204,1,-2.310600,4.631959,41.170949,2.754371,48.611334,0,-2.310585706609347
2009-12-18,sh.600261,18.0000,18.0800,17.5800,17.7000,18.1800,3639265,64786496.0000,3,1.841334,1,-2.640300,4.509663,40.083928,2.681649,47.327866,0,-2.640264026402639
2009-12-21,sh.600261,17.5000,19.0800,17.5000,19.0400,17.7000,6281037,116747117.0000,3,3.177974,1,7.570600,4.851073,43.118530,2.884666,50.910880,0,7.570621468926553
2009-12-22,sh.600261,18.9600,19.8800,18.5100,19.2900,19.0400,7653764,147169106.0000,3,3.872524,1,1.313000,4.914769,43.684687,2.922542,51.579352,0,1.313025210084029
2009-12-23,sh.600261,19.0000,19.5000,18.6000,18.9500,19.2900,5866330,111027352.0000,3,2.968148,1,-1.762600,4.828142,42.914714,2.871031,50.670230,0,-1.7625712804561933
2009-12-24,sh.600261,19.1100,19.7800,18.7700,19.5400,18.9500,5500888,105922556.0000,3,2.783247,1,3.113500,4.978464,44.250844,2.960419,52.247825,0,3.113456464379949
2009-12-25,sh.600261,19.3000,19.5800,18.8800,18.9700,19.5400,4563177,87635942.0000,3,2.308800,1,-2.917100,4.833238,42.960006,2.874061,50.723707,0,-2.9170931422722646
2009-12-28,sh.600261,19.0900,19.2000,18.7800,18.9800,18.9700,5519930,104545806.0000,3,2.792882,1,0.052700,4.835786,42.982652,2.875576,50.750446,0,0.05271481286241997
2009-12-29,sh.600261,19.0000,19.2300,18.8200,18.9800,18.9800,3568185,67694097.0000,3,1.805371,1,0.000000,4.835786,42.982652,2.875576,50.750446,0,0.0
2009-12-30,sh.600261,18.8800,19.0800,18.2000,18.2800,18.9800,5850164,107482694.0000,3,2.959968,1,-3.688100,4.657437,41.397412,2.769522,48.878723,0,-3.688092729188619
2009-12-31,sh.600261,18.3400,18.5500,18.2800,18.4900,18.2800,2850839,52617316.0000,3,1.442420,1,1.148800,4.710942,41.872984,2.801338,49.440240,0,1.1487964989058908
2010-01-04,sh.600261,18.5500,20.0000,18.3500,19.6500,18.4900,6599543,127327074.0000,3,3.339126,1,6.273700,5.006491,44.499954,2.977084,52.541953,0,6.273661438615474
2010-01-05,sh.600261,19.6000,20.4100,19.3000,19.4100,19.6500,6621874,131721037.0000,3,3.350425,1,-1.221400,4.945343,43.956443,2.940723,51.900219,0,-1.2213740458015154
2010-01-06,sh.600261,19.4100,20.7000,19.0800,20.3700,19.4100,6405494,126516083.0000,3,3.240945,1,4.945900,5.189934,46.130486,3.086168,54.467154,0,4.945904173106652
2010-01-07,sh.600261,20.0200,20.5000,19.7100,20.0100,20.3700,5270998,105986320.0000,3,2.666931,1,-1.767300,5.098212,45.315220,3.031626,53.504554,0,-1.767304860088359
2010-01-08,sh.600261,19.9000,20.4100,19.6000,20.1400,20.0100,2429914,48680983.0000,3,1.229447,1,0.649700,5.131334,45.609622,3.051322,53.852160,0,0.6496751624187835
2010-01-11,sh.600261,19.9000,20.5500,19.6000,20.2800,20.1400,2926520,59038446.0000,3,1.480712,1,0.695100,5.167004,45.926670,3.072533,54.226504,0,0.6951340615690249
2010-01-12,sh.600261,20.2000,20.5800,20.0100,20.5000,20.2800,3238364,65891582.0000,3,1.638493,1,1.084800,5.223056,46.424888,3.105864,54.814760,0,1.0848126232741562
2010-01-13,sh.600261,20.2000,20.3500,19.7000,19.7400,20.5000,2600996,51962732.0000,3,1.316008,1,-3.707300,5.029421,44.703770,2.990720,52.782603,0,-3.707317073170735
2010-01-14,sh.600261,19.6300,20.0200,19.5500,19.9400,19.7400,3326301,66018249.0000,3,1.682986,1,1.013200,5.080378,45.156696,3.021021,53.317381,0,1.0131712259372039
2010-01-15,sh.600261,20.0000,21.0000,19.9800,20.9300,19.9400,4377017,90509502.0000,3,2.214610,1,4.964900,5.332613,47.398678,3.171012,55.964533,0,4.964894684052146
2010-01-18,sh.600261,21.0400,21.2800,20.5200,20.9000,20.9300,3270638,68388166.0000,3,1.654823,1,-0.143300,5.324970,47.330739,3.166466,55.884317,0,-0.14333492594362784
2010-01-19,sh.600261,20.9000,20.9000,20.2900,20.3900,20.9000,3022534,61846925.0000,3,1.529291,1,-2.440200,5.195030,46.175779,3.089199,54.520632,0,-2.440191387559798
2010-01-20,sh.600261,20.5000,20.8000,19.6900,19.7800,20.3900,3464406,69854648.0000,3,1.752862,1,-2.991700,5.039612,44.794355,2.996780,52.889559,0,-2.9916625796959306
2010-01-21,sh.600261,19.9800,19.9800,18.5100,18.8400,19.7800,5422598,103641875.0000,3,2.743636,1,-4.752300,4.800116,42.665604,2.854365,50.376102,0,-4.752275025278063
2010-01-22,sh.600261,18.8000,19.1800,17.8500,18.8900,18.8400,4277443,78693573.0000,3,2.164229,1,0.265400,4.812855,42.778836,2.861940,50.509796,0,0.2653927813163426
2010-01-25,sh.600261,18.7300,18.9600,17.9000,17.9300,18.8900,4212272,76965655.0000,3,2.131255,1,-5.082100,4.568263,40.604792,2.716495,47.942861,0,-5.082053996823721
2010-01-26,sh.600261,17.9700,18.2000,17.2000,17.2700,17.9300,3631623,64588096.0000,3,1.837468,1,-3.681000,4.400106,39.110137,2.616501,46.178093,0,-3.6809815950920255
2010-01-27,sh.600261,17.2900,17.8500,17.1000,17.4200,17.2700,2150933,37754214.0000,3,1.088293,1,0.868600,4.438324,39.449832,2.639227,46.579177,0,0.8685581933989717
2010-01-28,sh.600261,17.2500,18.0200,17.2500,17.8600,17.4200,2328583,41444584.0000,3,1.178178,1,2.525800,4.550429,40.446268,2.705890,47.755689,0,2.5258323765786406
2010-01-29,sh.600261,17.8900,18.4700,17.7100,17.9400,17.8600,1770976,32051937.0000,3,0.896049,1,0.447900,4.570811,40.627439,2.718010,47.969600,0,0.44792833146698463
2010-02-01,sh.600261,17.8000,18.3800,17.7100,18.2500,17.9400,2182310,39399665.0000,3,1.104169,1,1.728000,4.649794,41.329473,2.764977,48.798506,0,1.727982162764774
2010-02-02,sh.600261,18.2300,18.5600,18.1600,18.1800,18.2500,1474444,27011839.0000,3,0.746015,1,-0.383600,4.631959,41.170949,2.754371,48.611334,0,-0.3835616438356171
2010-02-03,sh.600261,18.0300,18.3300,16.9800,17.7600,18.1800,2725245,47408263.0000,3,1.378874,1,-2.310200,4.524950,40.219805,2.690739,47.488300,0,-2.310231023102305
2010-02-04,sh.600261,17.7600,18.4100,17.2700,18.2000,17.7600,1990530,35922875.0000,3,1.007135,1,2.477500,4.637055,41.216242,2.757401,48.664812,0,2.4774774774774633
2010-02-05,sh.600261,17.8200,18.2500,17.5100,17.6900,18.2000,1068255,19034614.0000,3,0.540498,1,-2.802200,4.507115,40.061281,2.680134,47.301127,0,-2.8021978021977922
2010-02-08,sh.600261,17.9100,18.0800,17.7000,17.8200,17.6900,1505305,26945537.0000,3,0.761629,1,0.734900,4.540237,40.355683,2.699829,47.648733,0,0.7348784624081395
2010-02-09,sh.600261,17.7000,18.1800,17.5100,18.1400,17.8200,866209,15519385.0000,3,0.438270,1,1.795700,4.621768,41.080364,2.748311,48.504378,0,1.7957351290684542
2010-02-10,sh.600261,18.1500,18.9500,18.1500,18.8100,18.1400,3155141,59064253.0000,3,1.596386,1,3.693500,4.792473,42.597666,2.849820,50.295885,0,3.6934950385887344
2010-02-11,sh.600261,18.8100,19.0100,18.6100,18.7500,18.8100,1033268,19509664.0000,3,0.522796,1,-0.319000,4.777186,42.461788,2.840729,50.135451,0,-0.31897926634768536
2010-02-12,sh.600261,18.7500,19.1800,18.7500,19.0700,18.7500,1322286,25211948.0000,3,0.669028,1,1.706700,4.858716,43.186469,2.889211,50.991097,0,1.7066666666666785
2010-02-22,sh.600261,19.0500,19.8800,19.0500,19.7300,19.0700,2332510,45742214.0000,3,1.180164,1,3.460900,5.026873,44.681124,2.989205,52.755864,0,3.4609334032511763
2010-02-23,sh.600261,19.7300,19.7300,19.7300,19.7300,19.7300,0,0.0000,3,,0,0.000000,5.026873,44.681124,2.989205,52.755864,0,0.0
2010-02-24,sh.600261,19.7300,19.7300,19.7300,19.7300,19.7300,0,0.0000,3,,0,0.000000,5.026873,44.681124,2.989205,52.755864,0,0.0
2010-02-25,sh.600261,19.9200,20.9800,19.9200,20.0300,19.7300,5128040,104964696.0000,3,2.594600,1,1.520500,4.945460,41.527564,2.870075,60.080111,0,1.5205271160669165
2010-02-26,sh.600261,20.0000,20.3900,19.9300,19.9800,20.0300,2471164,49451891.0000,3,1.250318,1,-0.249600,4.933115,41.423901,2.862910,59.930136,0,-0.24962556165751826
2010-03-01,sh.600261,20.0000,20.0300,19.4000,19.7900,19.9800,3871493,76110726.0000,3,1.958833,1,-0.951000,4.886204,41.029980,2.835685,59.360230,0,-0.9509509509509573
2010-03-02,sh.600261,19.9900,20.5800,19.9000,20.3800,19.7900,4986644,100977891.0000,3,2.523059,1,2.981300,5.031876,42.253208,2.920226,61.129939,0,2.9813036887316846
2010-03-03,sh.600261,20.4000,21.0900,20.2000,21.0000,20.3800,6134857,127045660.0000,3,3.104012,1,3.042200,5.184956,43.538634,3.009065,62.989632,0,3.042198233562332
2010-03-04,sh.600261,21.1800,21.1900,19.7700,19.9800,21.0000,3499167,71088765.0000,3,1.770450,1,-4.857100,4.933115,41.423901,2.862910,59.930136,0,-4.857142857142859
2010-03-05,sh.600261,19.9500,20.1600,19.5100,19.5800,19.9800,2273436,45069517.0000,3,1.150275,1,-2.002000,4.834354,40.594593,2.805595,58.730333,0,-2.0020020020020124
2010-03-08,sh.600261,19.5000,20.1500,19.4500,19.8600,19.5800,1436523,28605921.0000,3,0.726828,1,1.430000,4.903487,41.175108,2.845716,59.570195,0,1.430030643513791
2010-03-09,sh.600261,19.9000,19.9000,19.3100,19.5100,19.8600,1130263,22055306.0000,3,0.571872,1,-1.762300,4.817071,40.449464,2.795565,58.520368,0,-1.7623363544813642
2010-03-10,sh.600261,19.5000,19.7100,19.1900,19.3200,19.5100,903651,17559633.0000,3,0.457214,1,-0.973900,4.770159,40.055543,2.768340,57.950462,0,-0.9738595592004184
2010-03-11,sh.600261,19.3200,19.6000,18.9000,19.0500,19.3200,1305103,24995650.0000,3,0.660334,1,-1.397500,4.703496,39.495761,2.729652,57.140595,0,-1.3975155279503104
2010-03-12,sh.600261,19.1100,19.5000,19.1100,19.2900,19.0500,1575839,30410623.0000,3,0.797317,1,1.259800,4.762752,39.993345,2.764041,57.860477,0,1.2598425196850283
2010-03-15,sh.600261,19.3800,21.0900,19.2900,19.5400,19.2900,3257308,64159084.0000,3,1.648078,1,1.296000,4.824478,40.511663,2.799863,58.610353,0,1.2960082944530882
2010-03-16,sh.600261,19.3600,20.0900,19.3600,20.0700,19.5400,2045415,40592756.0000,3,1.034905,1,2.712400,4.955336,41.610495,2.875806,60.200092,0,2.7123848515864912
2010-03-17,sh.600261,20.1000,20.8000,19.9100,20.7500,20.0700,3649462,74353094.0000,3,1.846494,1,3.388100,5.123230,43.020317,2.973243,62.239756,0,3.388141504733433
2010-03-18,sh.600261,20.7500,20.7500,20.7500,20.7500,20.7500,0,0.0000,3,,0,0.000000,5.123230,43.020317,2.973243,62.239756,0,0.0
2010-03-19,sh.600261,20.8000,20.8700,20.3000,20.6400,20.7500,2044703,42049946.0000,3,1.034545,1,-0.530100,5.096071,42.792258,2.957481,61.909810,0,-0.5301204819277094
2010-03-22,sh.600261,20.6600,21.0800,20.5100,20.7700,20.6400,1804482,37549140.0000,3,0.913002,1,0.629800,5.128168,43.061783,2.976108,62.299746,0,0.6298449612403001
2010-03-23,sh.600261,20.6600,20.9800,20.3000,20.4000,20.7700,1781376,36687829.0000,3,0.901311,1,-1.781400,5.036814,42.294673,2.923092,61.189929,0,-1.7814155031295131
2010-03-24,sh.600261,20.3800,20.5700,20.2300,20.5600,20.4000,1977489,40384382.0000,3,1.000537,1,0.784300,5.076319,42.626396,2.946018,61.669850,0,0.7843137254901933
2010-03-25,sh.600261,20.6000,20.8000,20.3000,20.5600,20.5600,1407674,28893237.0000,3,0.712231,1,0.000000,5.076319,42.626396,2.946018,61.669850,0,0.0
2010-03-26,sh.600261,20.5600,20.9800,20.5000,20.8800,20.5600,2860021,59345469.0000,3,1.447066,1,1.556400,5.155327,43.289842,2.991870,62.629692,0,1.5564202334630295
2010-03-29,sh.600261,21.0100,22.5300,21.0100,22.3100,20.8800,7280178,157492043.0000,3,3.683503,1,6.848700,5.508398,46.254616,3.196773,66.918986,0,6.8486590038314255
2010-03-30,sh.600261,22.0500,22.6500,21.5100,22.3200,22.3100,4454008,98542259.0000,3,2.253565,1,0.044800,5.510867,46.275348,3.198206,66.948981,0,0.044822949350065144
2010-03-31,sh.600261,22.0600,22.6700,21.8100,22.1500,22.3200,3545817,79250906.0000,3,1.794053,1,-0.761600,5.468894,45.922893,3.173847,66.439065,0,-0.7616487455197163
2010-04-01,sh.600261,22.1800,22.9700,21.9300,22.7300,22.1500,3967310,89649616.0000,3,2.007313,1,2.618500,5.612097,47.125388,3.256954,68.178778,0,2.618510158013554
2010-04-02,sh.600261,22.7500,22.7500,22.3000,22.6400,22.7300,1474820,33235543.0000,3,0.746205,1,-0.396000,5.589876,46.938794,3.244058,67.908823,0,-0.3959524857017116
2010-04-06,sh.600261,22.6500,23.0900,22.5400,22.8700,22.6400,1784712,40775101.0000,3,0.902999,1,1.015900,5.646664,47.415646,3.277015,68.598709,0,1.0159010600706786
2010-04-07,sh.600261,22.8800,23.1100,22.3900,22.5300,22.8700,2013697,45710945.0000,3,1.018857,1,-1.486700,5.562717,46.710735,3.228297,67.578877,0,-1.4866637516397052
2010-04-08,sh.600261,22.5000,22.8100,22.1500,22.7300,22.5300,1543858,34889799.0000,3,0.781135,1,0.887700,5.612097,47.125388,3.256954,68.178778,0,0.8877052818464293
2010-04-09,sh.600261,22.7400,23.9700,22.5500,23.8400,22.7300,3418260,80519379.0000,3,1.729514,1,4.883400,5.886159,49.426716,3.416005,71.508230,0,4.88341399032115
2010-04-12,sh.600261,23.8000,24.2000,23.5000,24.0800,23.8400,2220789,53107398.0000,3,1.123638,1,1.006700,5.945416,49.924301,3.450394,72.228112,0,1.0067114093959662
2010-04-13,sh.600261,23.9800,24.4800,22.3400,23.8700,24.0800,3446765,81399352.0000,3,1.743937,1,-0.872100,5.893566,49.488914,3.420304,71.598216,0,-0.8720930232558044
2010-04-14,sh.600261,23.7000,24.1300,23.2000,23.6200,23.8700,1861537,43805677.0000,3,0.941869,1,-1.047300,5.831841,48.970597,3.384482,70.848339,0,-1.0473397570171739
2010-04-15,sh.600261,23.5200,23.9700,23.2300,23.4000,23.6200,1351650,31918544.0000,3,0.683885,1,-0.931400,5.777522,48.514478,3.352958,70.188448,0,-0.9314140558848494
2010-04-16,sh.600261,23.2400,23.9900,22.5100,23.5000,23.4000,1389206,32747975.0000,3,0.702887,1,0.427400,5.802212,48.721805,3.367287,70.488398,0,0.42735042735042583
2010-04-19,sh.600261,23.4000,23.5100,22.7000,22.7500,23.5000,1281018,29481578.0000,3,0.648148,1,-3.191500,5.617035,47.166854,3.259820,68.238768,0,-3.1914893617021267
2010-04-20,sh.600261,22.7200,23.4600,22.7200,23.3800,22.7500,1837430,42465938.0000,3,0.929672,1,2.769200,5.772584,48.473013,3.350092,70.128457,0,2.7692307692307683
2010-04-21,sh.600261,23.3800,24.8800,23.1200,24.6400,23.3800,3144114,76213903.0000,3,1.590806,1,5.389200,6.083681,51.085331,3.530636,73.907835,0,5.389221556886237
2010-04-22,sh.600261,24.4500,25.1500,24.3000,24.8900,24.6400,1561989,38874112.0000,3,0.790309,1,1.014600,6.145407,51.603648,3.566458,74.657712,0,1.014610389610393
2010-04-23,sh.600261,25.0000,25.6000,24.8000,24.9000,24.8900,1422401,35838881.0000,3,0.719683,1,0.040200,6.147876,51.624381,3.567891,74.687707,0,0.04017677782242046
2010-04-26,sh.600261,24.9700,25.0000,24.2600,24.3100,24.9000,1289274,31590587.0000,3,0.652325,1,-2.369500,6.002204,50.401152,3.483351,72.917998,0,-2.369477911646589
2010-04-27,sh.600261,24.0300,24.6500,23.6000,24.6000,24.3100,2192328,52746785.0000,3,1.109237,1,1.192900,5.807436,41.078983,3.361313,105.778818,0,1.192924722336497
2010-04-28,sh.600261,24.5700,25.5400,24.0100,25.2600,24.6000,2699709,67750480.0000,3,1.365954,1,2.682900,5.963245,42.181102,3.451495,108.616786,0,2.682926829268295
2010-04-29,sh.600261,25.7300,26.5500,24.8000,24.8900,25.2600,5969767,153087126.0000,3,3.020483,1,-1.464800,5.875897,41.563247,3.400938,107.025804,0,-1.4647664291369766
2010-04-30,sh.600261,24.4000,24.4000,22.5100,22.9900,24.8900,6388354,148802005.0000,3,3.232273,1,-7.633600,5.427356,38.390480,3.141325,98.855895,0,-7.633587786259555
2010-05-04,sh.600261,22.4900,23.8900,21.2300,23.7600,22.9900,2083693,48679693.0000,3,1.054272,1,3.349300,5.609133,39.676286,3.246536,102.166858,0,3.349282296650724
2010-05-05,sh.600261,23.0700,24.5800,23.0700,24.5300,23.7600,1724738,41372109.0000,3,0.872654,1,3.240700,5.790911,40.962091,3.351748,105.477821,0,3.240740740740744
2010-05-06,sh.600261,25.5000,25.5000,24.2200,24.4000,24.5300,4574231,113959694.0000,3,2.314393,1,-0.530000,5.760221,40.745007,3.333985,104.918827,0,-0.5299633102323842
2010-05-07,sh.600261,23.1800,24.3100,23.0700,23.1600,24.4000,3054413,72080335.0000,3,1.545421,1,-5.082000,5.467488,38.674359,3.164553,99.586887,0,-5.081967213114746
2010-05-10,sh.600261,23.2000,23.9000,22.6000,22.9300,23.1600,2463905,56853188.0000,3,1.246645,1,-0.993100,5.413191,38.290288,3.133126,98.597898,0,-0.9930915371329951
2010-05-11,sh.600261,23.3100,23.8000,21.4200,22.1200,22.9300,2751911,61134940.0000,3,1.392366,1,-3.532500,5.221971,36.937687,3.022449,95.114937,0,-3.5324901875272485
2010-05-12,sh.600261,21.9000,21.9000,20.0500,20.7700,22.1200,3170654,67093170.0000,3,1.604235,1,-6.103100,4.903270,34.683353,2.837987,89.310002,0,-6.103074141048825
2010-05-13,sh.600261,20.7700,21.6000,20.1700,21.4200,20.4700,1626974,34081696.0000,3,0.823189,1,4.640900,5.056718,35.768773,2.926802,92.104970,0,3.1295137217140168
2010-05-14,sh.600261,21.3900,22.3900,21.0200,22.0100,21.4200,1521710,33453729.0000,3,0.769929,1,2.754400,5.196002,36.754000,3.007419,94.641942,0,2.754435107376274
2010-05-17,sh.600261,21.6500,21.7000,21.0000,21.0900,22.0100,828732,17575513.0000,3,0.419308,1,-4.179900,4.978814,35.217713,2.881711,90.685986,0,-4.179918218991374
2010-05-18,sh.600261,21.1500,21.4700,20.6500,21.0100,21.0900,1989191,41942848.0000,3,1.006458,1,-0.379300,4.959928,35.084123,2.870780,90.341990,0,-0.3793266951161556
2010-05-19,sh.600261,21.1300,22.6000,20.7000,21.6100,21.0100,1362965,29151186.0000,3,0.689610,1,2.855800,5.101573,36.086049,2.952763,92.921961,0,2.8557829604950014
2010-05-20,sh.600261,21.0000,21.9000,20.7800,21.0300,21.6100,1297243,27527384.0000,3,0.656357,1,-2.683900,4.964649,35.117521,2.873513,90.427989,0,-2.6839426191577864
2010-05-21,sh.600261,19.9000,22.2000,19.9000,22.0800,21.0300,2785029,58943395.0000,3,1.409122,1,4.992900,5.212528,36.870892,3.016983,94.942939,0,4.992867332382289
2010-05-24,sh.600261,22.0000,23.2900,22.0000,23.2300,22.0800,2472310,56610411.0000,3,1.250898,1,5.208300,5.484014,38.791251,3.174118,99.887883,0,5.208333333333348
2010-05-25,sh.600261,23.1800,24.1700,22.8200,24.0100,23.2300,3084773,72450205.0000,3,1.560782,1,3.357700,5.668152,40.093755,3.280696,103.241846,0,3.357727077055528
2010-05-26,sh.600261,23.4000,24.1000,23.1900,23.5000,24.0100,1265555,29733475.0000,3,0.640324,1,-2.124100,5.547754,39.242118,3.211010,101.048870,0,-2.1241149521032954
2010-05-27,sh.600261,23.2100,23.8500,22.9500,23.7400,23.5000,2653455,62109937.0000,3,1.342551,1,1.021300,5.604412,39.642888,3.243804,102.080859,0,1.021276595744669
2010-05-28,sh.600261,23.7500,24.4700,23.2600,23.7400,23.7400,2772767,66120538.0000,3,1.402918,1,0.000000,5.604412,39.642888,3.243804,102.080859,0,0.0
2010-05-31,sh.600261,23.5500,23.5500,22.3300,22.3800,23.7400,1291000,29658394.0000,3,0.653199,1,-5.728700,5.283350,37.371855,3.057975,96.232924,0,-5.728727885425444
2010-06-01,sh.600261,22.2500,22.4100,21.2300,22.2000,22.3800,1370637,29893917.0000,3,0.693492,1,-0.804300,5.240857,37.071277,3.033380,95.458933,0,-0.8042895442359255
2010-06-02,sh.600261,22.0000,22.9900,21.7000,22.8500,22.2000,759025,16862138.0000,3,0.384039,1,2.927900,5.394305,38.156697,3.122195,98.253902,0,2.9279279279279313
2010-06-03,sh.600261,22.9700,23.8000,22.8600,23.5100,22.8500,1938978,45617822.0000,3,0.981052,1,2.888400,5.550114,39.258816,3.212377,101.091870,0,2.888402625820574
2010-06-04,sh.600261,23.3800,23.6300,22.5000,23.0000,23.5100,1727793,39633810.0000,3,0.874200,1,-2.169300,5.429716,38.407179,3.142691,98.898894,0,-2.1692896639727843
2010-06-07,sh.600261,22.5300,23.0000,21.8500,22.0400,23.0000,2247828,50197399.0000,3,1.137318,1,-4.173900,5.203085,36.804097,3.011518,94.770941,0,-4.173913043478262
2010-06-08,sh.600261,22.1900,23.8000,22.1500,23.7700,22.0400,3511947,81176584.0000,3,1.776916,1,7.849400,5.611494,39.692985,3.247903,102.209857,0,7.849364791288571
2010-06-09,sh.600261,23.9000,25.6000,23.4200,25.2000,23.7700,5019489,123751300.0000,3,2.539677,1,6.015988,5.949081,42.080909,3.443296,108.358789,0,6.015986537652496
2010-06-10,sh.600261,24.7900,26.7000,24.7900,25.4900,25.2000,4822925,124719693.0000,3,2.440223,1,1.150800,6.017542,42.565174,3.482921,109.605775,0,1.1507936507936467
2010-06-11,sh.600261,25.8200,26.3500,25.2000,26.2000,25.4900,3767431,97538143.0000,3,1.906182,1,2.785400,6.185155,43.750787,3.579935,112.658741,0,2.785406041584948
2010-06-17,sh.600261,26.1900,26.3500,25.6500,25.6700,26.2000,1811974,46883430.0000,3,0.916792,1,-2.022900,6.060036,42.865752,3.507516,110.379766,0,-2.0229007633587703
2010-06-18,sh.600261,25.2800,25.4700,23.6100,23.6800,25.6700,4470821,109295640.0000,3,2.262071,1,-7.752200,5.590247,39.542696,3.235605,101.822862,0,-7.752239968835228
2010-06-21,sh.600261,23.6800,24.4300,23.2000,24.3300,23.6800,2010431,48350799.0000,3,1.017204,1,2.744900,5.743696,40.628116,3.324421,104.617830,0,2.7449324324324342
2010-06-22,sh.600261,24.1800,24.9000,24.0800,24.7500,24.3300,1747221,43068230.0000,3,0.884030,1,1.726300,5.842847,41.329464,3.381809,106.423810,0,1.7262638717632672
2010-06-23,sh.600261,24.5000,25.1900,24.4000,25.1900,24.7500,1410696,35055310.0000,3,0.713760,1,1.777800,5.946720,42.064210,3.441930,108.315789,0,1.7777777777777892
2010-06-24,sh.600261,25.2200,25.2200,24.8000,25.1800,25.1900,1014564,25395009.0000,3,0.513332,1,-0.039700,5.944359,42.047512,3.440563,108.272790,0,-0.03969829297341132
2010-06-25,sh.600261,25.2000,25.9800,24.2700,25.4700,25.1800,2054362,52427384.0000,3,1.039432,1,1.151700,6.012821,42.531776,3.480189,109.519776,0,1.1517077045273938
2010-06-28,sh.600261,25.0600,25.4500,24.2600,24.7600,25.4700,1653042,40710227.0000,3,0.836379,1,-2.787600,5.845208,41.346163,3.383175,106.466810,0,-2.7875932469571985
2010-06-29,sh.600261,24.9600,25.2000,22.5900,22.7600,24.7600,2612848,61000134.0000,3,1.322005,1,-8.077500,5.373058,38.006408,3.109898,97.866906,0,-8.077544426494343
2010-06-30,sh.600261,22.4000,23.1800,21.7000,23.1000,22.7600,2002389,44344953.0000,3,1.013135,1,1.493800,5.453324,38.574167,3.156355,99.328890,0,1.493848857644986
2010-07-01,sh.600261,22.8000,23.1900,22.0100,22.1100,23.1000,1583370,35483455.0000,3,0.801127,1,-4.285700,5.219610,36.920988,3.021083,95.071937,0,-4.285714285714293
2010-07-02,sh.600261,22.0000,22.2700,20.4800,21.4800,22.1100,1833724,39296144.0000,3,0.927797,1,-2.849400,5.070883,35.868965,2.935000,92.362967,0,-2.849389416553594
2010-07-05,sh.600261,21.5000,21.5000,20.7000,21.0800,21.4800,1243107,26092108.0000,3,0.628967,1,-1.862200,4.976453,35.201014,2.880345,90.642987,0,-1.862197392923659
2010-07-06,sh.600261,20.6900,21.6200,20.6800,21.6100,21.0800,1691627,36122108.0000,3,0.855901,1,2.514200,5.101573,36.086049,2.952763,92.921961,0,2.5142314990512338
2010-07-07,sh.600261,21.5000,22.1900,21.5000,21.9600,21.6100,952756,20853216.0000,3,0.482060,1,1.619600,5.184199,36.670507,3.000587,94.426944,0,1.6196205460434987
2010-07-08,sh.600261,22.0000,22.2500,21.5500,22.0000,21.9600,1043184,22818608.0000,3,0.527813,1,0.182100,5.193642,36.737302,3.006052,94.598942,0,0.18214936247722413
2010-07-09,sh.600261,21.9500,22.8900,21.6600,22.7400,22.0000,2070587,46839056.0000,3,1.047641,1,3.363600,5.368337,37.973011,3.107165,97.780907,0,3.3636363636363464
2010-07-12,sh.600261,22.7400,22.9600,22.4000,22.9400,22.7400,1550590,35061621.0000,3,0.784542,1,0.879500,5.415552,38.306986,3.134493,98.640897,0,0.8795074758135568
2010-07-13,sh.600261,22.6000,22.8600,22.3500,22.4800,22.9400,1249070,28145801.0000,3,0.631984,1,-2.005200,5.306958,37.538843,3.071639,96.662919,0,-2.005231037489108
2010-07-14,sh.600261,22.5200,23.1000,22.4800,22.8400,22.4800,1392297,31803311.0000,3,0.704451,1,1.601400,5.391944,38.139999,3.120829,98.210902,0,1.6014234875444844
2010-07-15,sh.600261,22.7200,22.9600,21.8800,22.3600,22.8400,932239,20901682.0000,3,0.471679,1,-2.101600,5.278629,37.338458,3.055242,96.146925,0,-2.1015761821365997
2010-07-16,sh.600261,22.0000,22.1000,21.0800,21.7200,22.3600,2688618,58056039.0000,3,1.360342,1,-2.862260,5.127541,36.269736,2.967793,93.394956,0,-2.8622540250447304
2010-07-19,sh.600261,21.5000,21.9800,21.1700,21.8600,21.7200,3556425,76668431.0000,3,1.799420,1,0.644600,5.160591,36.503519,2.986923,93.996949,0,0.6445672191528473
2010-07-20,sh.600261,21.5300,23.1700,21.5300,23.0900,21.8600,3531701,79353247.0000,3,1.786911,1,5.626700,5.450963,38.557468,3.154989,99.285890,0,5.626715462031107
2010-07-21,sh.600261,23.0900,23.7000,22.9200,23.1500,23.0900,3274481,76394981.0000,3,1.656767,1,0.259900,5.465128,38.657661,3.163187,99.543887,0,0.25985275010826925
2010-07-22,sh.600261,23.1500,23.6900,23.0300,23.6300,23.1500,1879584,44078681.0000,3,0.951001,1,2.073400,5.578443,39.459202,3.228773,101.607864,0,2.0734341252699906
2010-07-23,sh.600261,23.6500,24.2000,23.2200,24.0800,23.6300,2296886,54466390.0000,3,1.162140,1,1.904400,5.684677,40.210647,3.290261,103.542843,0,1.904358865848499
2010-07-26,sh.600261,23.3500,24.3200,23.3500,24.1500,24.0800,2043988,48854006.0000,3,1.034183,1,0.290700,5.701202,40.327538,3.299826,103.843839,0,0.29069767441860517
2010-07-27,sh.600261,24.0100,24.9500,24.0000,24.4000,24.1500,3621795,89144462.0000,3,1.832495,1,1.035200,5.887775,36.073853,3.046074,-32.363308,0,1.0351966873705987
2010-07-28,sh.600261,24.5700,25.1500,24.2200,24.8900,24.4000,2224093,54916292.0000,3,1.125309,1,2.008200,6.006013,36.798286,3.107246,-33.013227,0,2.0081967213114726
2010-07-29,sh.600261,24.9100,25.0000,24.2000,24.5100,24.8900,2152952,52865038.0000,3,1.089315,1,-1.526700,5.914318,36.236481,3.059807,-32.509208,0,-1.5267175572518998
2010-07-30,sh.600261,24.3200,24.5000,23.8500,24.3300,24.5100,1302713,31537921.0000,3,0.659125,1,-0.734400,5.870884,35.970362,3.037336,-32.270463,0,-0.7343941248470154
2010-08-02,sh.600261,24.5100,24.8500,24.1600,24.5400,24.3300,2085317,51149049.0000,3,1.055094,1,0.863100,5.921557,36.280834,3.063552,-32.548999,0,0.8631319358816336
2010-08-03,sh.600261,24.6600,24.9400,23.8000,23.8400,24.5400,2454010,60115784.0000,3,1.241639,1,-2.852500,5.752646,35.245928,2.976165,-31.620544,0,-2.8524857375713086
2010-08-04,sh.600261,23.8200,24.9800,23.7200,24.9300,23.8400,2873991,69946270.0000,3,1.454134,1,4.572100,6.015665,36.857424,3.112239,-33.066282,0,4.572147651006708
2010-08-05,sh.600261,24.9200,25.6100,24.5600,24.8000,24.9300,2738288,68876069.0000,3,1.385473,1,-0.521500,5.984296,36.665227,3.096010,-32.893854,0,-0.5214600882470832
2010-08-06,sh.600261,24.8600,25.8000,24.4000,25.6100,24.8000,2731250,68556482.0000,3,1.381912,1,3.266100,6.179751,37.862761,3.197130,-33.968210,0,3.2661290322580694
2010-08-09,sh.600261,25.6300,26.3500,25.4500,26.2200,25.6100,3016103,78257991.0000,3,1.526037,1,2.381900,6.326945,38.764607,3.273282,-34.777293,0,2.3818820773135574
2010-08-10,sh.600261,26.2400,26.3000,25.0000,25.6300,26.2200,3637513,93196977.0000,3,1.840448,1,-2.250200,6.184577,37.892330,3.199627,-33.994737,0,-2.250190694126619
2010-08-11,sh.600261,25.4100,26.0000,25.2500,25.6500,25.6300,1821163,46520667.0000,3,0.921442,1,0.078000,6.189403,37.921898,3.202123,-34.021265,0,0.07803355442839166
2010-08-12,sh.600261,25.1800,27.1500,25.0000,26.2500,25.6500,4415989,116224645.0000,3,2.234328,1,2.339200,6.334184,38.808960,3.277027,-34.817084,0,2.3391812865497075
2010-08-13,sh.600261,26.3100,26.7000,26.0000,26.5300,26.2500,2567068,67929006.0000,3,1.298842,1,1.066700,6.401749,39.222922,3.311982,-35.188466,0,1.0666666666666602
2010-08-16,sh.600261,26.5500,27.0000,26.1600,26.9300,26.5300,3216980,86124559.0000,3,1.627674,1,1.507700,6.498270,39.814297,3.361917,-35.719012,0,1.5077271013946403
2010-08-17,sh.600261,27.0600,27.0700,26.4100,26.8100,26.9300,1852571,49571918.0000,3,0.937333,1,-0.445600,6.469314,39.636885,3.346937,-35.559848,0,-0.44559970293353013
2010-08-18,sh.600261,26.8100,27.3300,26.5500,26.8000,26.8100,3164718,85353047.0000,3,1.601231,1,-0.037300,6.466901,39.622100,3.345688,-35.546584,0,-0.0372995151062927
2010-08-19,sh.600261,26.8000,26.9600,25.8500,26.1000,26.8000,4576495,119938733.0000,3,2.315538,1,-2.611900,6.297989,38.587195,3.258301,-34.618129,0,-2.6119402985074647
2010-08-20,sh.600261,26.0000,26.3900,25.3000,25.3100,26.1000,2379121,60939522.0000,3,1.203748,1,-3.026800,6.107360,37.419230,3.159678,-33.570300,0,-3.0268199233716597
2010-08-23,sh.600261,25.5000,26.0200,25.1500,26.0000,25.3100,2479082,63517917.0000,3,1.254324,1,2.726200,6.273859,38.439351,3.245817,-34.485492,0,2.7261951797708406
2010-08-24,sh.600261,26.2600,26.5000,25.7200,26.4900,26.0000,4233337,110515234.0000,3,2.141913,1,1.884600,6.392097,39.163785,3.306988,-35.135411,0,1.8846153846153735
2010-08-25,sh.600261,26.2900,26.3700,25.5100,25.8000,26.4900,3225649,83544030.0000,3,1.632060,1,-2.604800,6.225598,38.143664,3.220849,-34.220219,0,-2.6047565118912708
2010-08-26,sh.600261,25.8000,26.7000,25.7100,26.1200,25.8000,1931797,50658165.0000,3,0.977418,1,1.240300,6.302815,38.616763,3.260798,-34.644656,0,1.240310077519391
2010-08-27,sh.600261,26.0000,27.0000,25.6500,26.9800,26.1200,3436694,91087472.0000,3,1.738841,1,3.292500,6.510335,39.888219,3.368159,-35.785330,0,3.2924961715160794
2010-08-30,sh.600261,27.0000,27.8600,26.7400,27.5000,26.9800,2467602,67266069.0000,3,1.248516,1,1.927400,6.635812,40.657006,3.433076,-36.475040,0,1.9273535952557541
2010-08-31,sh.600261,27.4000,27.4000,26.7800,26.9400,27.5000,4498583,121371623.0000,3,2.276118,1,-2.036400,6.500683,39.829081,3.363166,-35.732276,0,-2.036363636363636
2010-09-01,sh.600261,26.9100,27.1800,26.4500,26.9800,26.9400,3824774,102693719.0000,3,1.935195,1,0.148500,6.510335,39.888219,3.368159,-35.785330,0,0.14847809948033142
2010-09-02,sh.600261,27.1800,28.7500,26.9800,27.0200,26.9800,7532769,209272126.0000,3,3.811305,1,0.148300,6.519987,39.947356,3.373153,-35.838385,0,0.148257968865817
2010-09-03,sh.600261,27.0000,27.2500,26.3100,27.0800,27.0200,3438730,91847980.0000,3,1.739871,1,0.222100,6.534465,40.036063,3.380643,-35.917967,0,0.22205773501109416
2010-09-06,sh.600261,27.0900,27.1800,25.8900,26.3300,27.0800,5458030,143478859.0000,3,2.761563,1,-2.769600,6.353489,38.927235,3.287014,-34.923193,0,-2.76957163958641
2010-09-07,sh.600261,26.2600,26.3300,25.8000,26.2900,26.3300,2650880,69117987.0000,3,1.341248,1,-0.151900,6.343836,38.868098,3.282020,-34.870138,0,-0.15191796429927518
2010-09-08,sh.600261,26.1200,26.8000,26.0500,26.6800,26.2900,3323541,87777626.0000,3,1.681590,1,1.483451,6.437944,39.444688,3.330708,-35.387421,0,1.4834537847090212
2010-09-09,sh.600261,27.0500,27.3000,26.6800,26.9800,26.6800,3801054,102598245.0000,3,1.923194,1,1.124400,6.510335,39.888219,3.368159,-35.785330,0,1.1244377811094441
2010-09-10,sh.600261,26.9000,28.0000,26.3000,27.7600,26.9800,3399780,92663657.0000,3,1.720164,1,2.891000,6.698551,41.041399,3.465534,-36.819895,0,2.891030392883631
2010-09-13,sh.600261,27.7100,28.1200,27.4100,27.9400,27.7600,3280806,91312188.0000,3,1.659967,1,0.648400,6.741985,41.307518,3.488005,-37.058641,0,0.6484149855907839
2010-09-14,sh.600261,28.0700,29.4900,28.0700,28.9100,27.9400,6349408,184575632.0000,3,3.212567,1,3.471700,6.976048,42.741602,3.609099,-38.345215,0,3.4717251252684322
2010-09-15,sh.600261,29.2400,29.2800,28.3000,28.5200,28.9100,2962471,85117268.0000,3,1.498902,1,-1.349000,6.881940,42.165011,3.560412,-37.827932,0,-1.3490141819439638
2010-09-16,sh.600261,28.4000,28.7000,27.4400,28.0300,28.5200,2113038,59120138.0000,3,1.069120,1,-1.718100,6.763702,41.440577,3.499240,-37.178013,0,-1.718092566619911
2010-09-17,sh.600261,28.1700,28.3600,27.7000,28.0700,28.0300,1652822,46409177.0000,3,0.836267,1,0.142700,6.773354,41.499715,3.504234,-37.231068,0,0.14270424545130833
2010-09-20,sh.600261,28.0000,28.4900,27.9100,28.0700,28.0700,1660904,46853968.0000,3,0.840356,1,0.000000,6.773354,41.499715,3.504234,-37.231068,0,0.0
2010-09-21,sh.600261,28.2000,28.2000,27.3000,27.4000,28.0700,906192,24944491.0000,3,0.458500,1,-2.386900,6.611682,40.509162,3.420592,-36.342403,0,-2.3868899180619962
2010-09-27,sh.600261,27.4800,28.2000,27.0000,28.1600,27.4000,3053528,83866311.0000,3,1.544973,1,2.773700,6.795072,41.632774,3.515470,-37.350441,0,2.7737226277372296
2010-09-28,sh.600261,27.9000,28.6000,27.7300,28.0400,28.1600,2686197,75876940.0000,3,1.359117,1,-0.426100,6.766115,41.455362,3.500489,-37.191277,0,-0.42613636363636465
2010-09-29,sh.600261,27.8500,28.2000,26.1800,26.3900,28.0400,5772674,154777695.0000,3,2.920761,1,-5.884500,6.367967,39.015941,3.294504,-35.002775,0,-5.884450784593431
2010-09-30,sh.600261,26.2000,26.6800,26.1000,26.6200,26.3900,3987004,105399315.0000,3,2.017278,1,0.871500,6.423466,39.355982,3.323217,-35.307839,0,0.8715422508525972
2010-10-08,sh.600261,27.2300,27.5700,26.6600,27.3400,26.6200,1696262,46298690.0000,3,0.858246,1,2.704700,6.597204,40.420456,3.413101,-36.262822,0,2.704733283245675
2010-10-11,sh.600261,27.3500,28.0600,26.9000,27.4000,27.3400,3991512,110015523.0000,3,2.019559,1,0.219500,6.611682,40.509162,3.420592,-36.342403,0,0.2194586686174116
2010-10-12,sh.600261,27.4100,27.8500,25.8000,26.4700,27.4000,4348822,117407749.0000,3,2.200344,1,-3.394200,6.387271,39.134216,3.304491,-35.108884,0,-3.394160583941608
2010-10-13,sh.600261,26.2800,28.8800,25.7800,28.7700,26.4700,7951036,217073468.0000,3,4.022932,1,8.689100,6.942266,42.534620,3.591621,-38.159524,0,8.689081979599544
2010-10-14,sh.600261,28.8000,28.8000,27.7800,28.2300,28.7700,4070430,115040285.0000,3,2.059488,1,-1.877000,6.811963,41.736265,3.524208,-37.443286,0,-1.8769551616266922
2010-10-15,sh.600261,27.9000,28.1000,26.7000,26.8900,28.2300,4979953,135655567.0000,3,2.519673,1,-4.746700,6.488618,39.755160,3.356924,-35.665957,0,-4.7467233439603245
2010-10-18,sh.600261,26.9500,26.9900,25.3100,25.4500,26.8900,3745835,96524731.0000,3,1.895255,1,-5.355200,6.141143,37.626211,3.177156,-33.755992,0,-5.3551506136110145
2010-10-19,sh.600261,25.2500,26.3500,25.2500,26.2000,25.4500,3264741,84637283.0000,3,1.651839,1,2.947000,6.322119,38.735038,3.270785,-34.750765,0,2.946954813359537
2010-10-20,sh.600261,25.8500,26.5500,25.4800,26.3300,26.2000,2931418,76870539.0000,3,1.483190,1,0.496200,6.353489,38.927235,3.287014,-34.923193,0,0.4961832061068705
2010-10-21,sh.600261,26.3300,26.4400,25.9000,26.3600,26.3300,1637345,42832459.0000,3,0.828436,1,0.113900,6.360728,38.971588,3.290759,-34.962984,0,0.11393847322447304
2010-10-22,sh.600261,26.7500,26.9500,26.3000,26.8200,26.3600,2360911,62830546.0000,3,1.194534,1,1.745100,6.471727,39.651669,3.348185,-35.573112,0,1.7450682852807375
2010-10-25,sh.600261,27.0000,28.0800,26.7400,27.6100,26.8200,2812266,77728975.0000,3,1.422903,1,2.945600,6.662355,40.819634,3.446808,-36.620940,0,2.9455630126770993
2010-10-26,sh.600261,27.6000,27.9200,27.1400,27.7400,27.6100,3603000,98802097.0000,3,1.822986,1,0.470800,6.693725,41.011831,3.463037,-36.793368,0,0.47084389713871744
2010-10-27,sh.600261,27.7000,28.1000,27.0000,27.3400,27.7400,2758512,76559673.0000,3,1.395706,1,-1.442000,6.597204,40.420456,3.413101,-36.262822,0,-1.4419610670511895
2010-10-28,sh.600261,27.3600,27.4900,26.3800,26.8200,27.3400,2941915,78306336.0000,3,1.488501,1,-1.902000,6.182590,39.326361,3.260589,-35.726479,0,-1.9019751280175523
2010-10-29,sh.600261,26.7800,28.1000,26.6200,28.0000,26.8200,4778907,131695743.0000,3,2.417952,1,4.399700,6.454605,41.056603,3.404045,-37.298337,0,4.399701715137949
2010-11-01,sh.600261,28.0000,29.1300,27.5000,29.0800,28.0000,5753355,164650308.0000,3,2.910986,1,3.857100,6.703569,42.640215,3.535344,-38.736987,0,3.857142857142848
2010-11-02,sh.600261,29.0800,30.2400,28.5000,28.7700,29.0800,5220508,154279358.0000,3,2.641385,1,-1.066000,6.632107,42.185660,3.497656,-38.324041,0,-1.0660247592847227
2010-11-03,sh.600261,28.8400,28.9700,28.2000,28.8300,28.7700,3053971,87630490.0000,3,1.545197,1,0.208600,6.645938,42.273638,3.504951,-38.403966,0,0.2085505735140769
2010-11-04,sh.600261,28.7000,29.6000,28.7000,29.2600,28.8300,2723227,79404180.0000,3,1.377853,1,1.491500,6.745063,42.904151,3.557227,-38.976762,0,1.4915019077350156
2010-11-05,sh.600261,29.3200,29.5000,28.3800,28.7300,29.2600,3846561,110241329.0000,3,1.946219,1,-1.811300,6.622886,42.127008,3.492793,-38.270758,0,-1.8113465481886526
2010-11-08,sh.600261,28.6500,29.2800,28.4700,29.2700,28.7300,3475181,100566423.0000,3,1.758314,1,1.879600,6.747368,42.918814,3.558443,-38.990083,0,1.8795683954055065
2010-11-09,sh.600261,29.2900,30.7000,29.2900,30.4800,29.2700,4346123,130624172.0000,3,2.198979,1,4.133900,7.026299,44.693045,3.705546,-40.601904,0,4.1339255210112835
2010-11-10,sh.600261,30.3500,30.3800,29.8100,30.0900,30.4800,1976486,59376399.0000,3,1.000029,1,-1.279500,6.936396,44.121186,3.658133,-40.082392,0,-1.2795275590551158
2010-11-11,sh.600261,30.0900,32.2800,29.8600,31.2000,30.0900,4623256,144276884.0000,3,2.339198,1,3.688900,7.192275,45.748787,3.793079,-41.561004,0,3.688933200398803
2010-11-12,sh.600261,31.6000,34.3200,31.3000,34.3200,31.2000,17038107,574864434.0000,3,8.620657,1,10.000000,7.911502,50.323665,4.172387,-45.717105,0,10.000000000000009
2010-11-15,sh.600261,33.9000,35.8800,32.8000,35.7000,34.3200,7881443,271823919.0000,3,3.987721,1,4.021000,8.229622,52.347169,4.340158,-47.555380,0,4.020979020979021
2010-11-16,sh.600261,35.7000,35.9000,32.1300,34.2200,35.7000,7122297,239062424.0000,3,3.603621,1,-4.145700,7.888450,50.177035,4.160229,-45.583896,0,-4.14565826330533
2010-11-17,sh.600261,32.7600,33.5900,31.2000,31.7200,34.2200,2473660,80117078.0000,3,1.251581,1,-7.305700,7.312146,46.511266,3.856297,-42.253688,0,-7.305669199298659
2010-11-18,sh.600261,32.1800,32.4500,30.6700,32.2800,31.7200,2304850,73503289.0000,3,1.166169,1,1.765400,7.441238,47.332398,3.924378,-42.999654,0,1.7654476670870167
2010-11-19,sh.600261,32.3800,34.3400,32.1000,33.7200,32.2800,3361883,112531031.0000,3,1.700989,1,4.461000,7.773189,49.443881,4.099443,-44.917855,0,4.4609665427509215
2010-11-22,sh.600261,33.1600,35.5000,32.8000,34.0100,33.7200,6098818,211406699.0000,3,3.085778,1,0.860000,7.840040,49.869110,4.134699,-45.304159,0,0.8600237247924136
2010-11-23,sh.600261,34.4000,35.4000,33.0000,34.3700,34.0100,3708453,127260549.0000,3,1.876341,1,1.058500,7.923028,50.396981,4.178465,-45.783709,0,1.058512202293449
2010-11-24,sh.600261,33.7100,36.8800,33.4700,35.5600,34.3700,4212141,148044598.0000,3,2.131189,1,3.462300,8.197349,52.141886,4.323137,-47.368888,0,3.462321792260714
2010-11-25,sh.600261,37.7000,37.9600,35.9600,36.2000,35.5600,7988277,293070822.0000,3,4.041775,1,1.799800,8.344883,53.080323,4.400944,-48.221422,0,1.7997750281214753
2010-11-26,sh.600261,36.1500,37.1100,35.4000,36.5900,36.2000,2558696,93120289.0000,3,1.294606,1,1.077300,8.434786,53.652183,4.448358,-48.740934,0,1.0773480662983337
2010-11-29,sh.600261,36.5900,37.3200,35.7000,36.4600,36.5900,2573274,94371849.0000,3,1.301982,1,-0.355300,8.404818,53.461563,4.432553,-48.567763,0,-0.35528833014485395
2010-11-30,sh.600261,36.1000,36.4900,34.4800,36.2600,36.4600,2601037,92560157.0000,3,1.316029,1,-0.548500,8.358714,53.168301,4.408238,-48.301347,0,-0.5485463521667677
2010-12-01,sh.600261,36.0000,36.1000,35.3000,35.5100,36.2600,832004,29618346.0000,3,0.420963,1,-2.068400,8.185823,52.068571,4.317059,-47.302284,0,-2.0683949255377865
2010-12-02,sh.600261,35.6000,36.2600,34.7000,35.6200,35.5100,2096209,74620942.0000,3,1.060605,1,0.309800,8.211180,52.229865,4.330432,-47.448813,0,0.30977189524077353
2010-12-03,sh.600261,35.6000,35.8300,34.4100,34.6000,35.6200,1047272,36626380.0000,3,0.529881,1,-2.863600,7.976048,50.734231,4.206427,-46.090088,0,-2.863559797866355
2010-12-06,sh.600261,34.6200,34.6200,32.9200,34.0100,34.6000,2395802,80575638.0000,3,1.212188,1,-1.705200,7.840040,49.869110,4.134699,-45.304159,0,-1.7052023121387427
2010-12-07,sh.600261,33.0200,35.5200,33.0200,35.3900,34.0100,1538293,53555265.0000,3,0.778320,1,4.057600,8.158160,51.892614,4.302470,-47.142434,0,4.057630108791543
2010-12-08,sh.600261,35.7500,35.7500,34.9200,35.0300,35.3900,597526,21104365.0000,3,0.302326,1,-1.017200,8.075172,51.364743,4.258704,-46.662884,0,-1.017236507487984
2010-12-09,sh.600261,35.0000,35.4000,34.0600,35.0100,35.0300,566452,19690370.0000,3,0.286604,1,-0.057100,8.070562,51.335417,4.256272,-46.636242,0,-0.05709391949758613
2010-12-10,sh.600261,35.4300,38.5100,34.6400,38.5000,35.0100,5058445,191397030.0000,3,2.559387,1,9.968600,8.875082,56.452830,4.680562,-51.285214,0,9.968580405598404
2010-12-13,sh.600261,38.5200,42.2800,38.5200,40.1700,38.5000,4852666,195726694.0000,3,2.455271,1,4.337700,9.260053,58.901563,4.883589,-53.509793,0,4.337662337662351
2010-12-14,sh.600261,40.1000,41.5000,39.3500,40.6000,40.1700,2290253,92250744.0000,3,1.158784,1,1.070500,9.359178,59.532075,4.935865,-54.082589,0,1.0704505850136936
2010-12-15,sh.600261,40.4200,41.8700,39.9800,41.8200,40.6000,1627804,66371175.0000,3,0.823609,1,3.004900,9.640414,61.320970,5.084185,-55.707731,0,3.004926108374373
2010-12-16,sh.600261,41.0700,42.4800,41.0700,41.7500,41.8200,1673767,69588667.0000,3,0.846865,1,-0.167400,9.624278,61.218328,5.075674,-55.614485,0,-0.16738402678144748
2010-12-17,sh.600261,41.3500,41.7500,40.4000,40.4500,41.7500,838144,34439532.0000,3,0.424070,1,-3.113800,9.324600,59.312129,4.917630,-53.882776,0,-3.113772455089814
2010-12-20,sh.600261,40.2500,43.5000,39.8100,41.8400,40.4500,2739025,113588067.0000,3,1.385846,1,3.436300,9.645025,61.350296,5.086616,-55.734372,0,3.4363411619283024
2010-12-21,sh.600261,42.0000,45.5000,41.0000,44.7800,41.8400,4728538,207648267.0000,3,2.392467,1,7.026800,10.322758,65.661239,5.444041,-59.650698,0,7.026768642447423
2010-12-22,sh.600261,44.5300,44.5900,42.6300,43.3200,44.7800,2551880,110906396.0000,3,1.291158,1,-3.260400,9.986197,63.520431,5.266544,-57.705856,0,-3.2603841000446665
2010-12-23,sh.600261,43.0000,44.5000,39.9100,39.9900,43.3200,2621491,110208256.0000,3,1.326378,1,-7.687000,9.218560,58.637627,4.861706,-53.270018,0,-7.686980609418281
2010-12-24,sh.600261,39.9900,39.9900,39.9900,39.9900,39.9900,0,0.0000,3,,0,0.000000,9.218560,58.637627,4.861706,-53.270018,0,0.0
2010-12-27,sh.600261,39.1800,40.4000,38.5900,39.2300,39.9900,1810861,71569124.0000,3,0.916229,1,-1.900500,9.043363,57.523234,4.769310,-52.257634,0,-1.9004751187797098
2010-12-28,sh.600261,38.5100,39.4500,37.5000,39.1400,39.2300,2072584,80096459.0000,3,1.048651,1,-0.229400,9.022616,57.391266,4.758369,-52.137747,0,-0.2294162630639751
2010-12-29,sh.600261,38.9800,39.9900,38.6000,39.9100,39.1400,2131624,83581968.0000,3,1.078523,1,1.967300,9.200118,58.520323,4.851980,-53.163451,0,1.9672968829841597
2010-12-30,sh.600261,39.9800,40.4800,39.0100,40.3200,39.9100,1688985,67371528.0000,3,0.854564,1,1.027300,9.294632,59.121509,4.901825,-53.709605,0,1.0273114507642234
2010-12-31,sh.600261,40.4000,42.4200,40.4000,42.3100,40.3200,2083580,86890083.0000,3,1.054215,1,4.935500,9.753370,62.039460,5.143755,-56.360452,0,4.935515873015883
2011-01-04,sh.600261,42.4000,44.4000,42.4000,43.3900,42.3100,2381607,103521167.0000,3,1.205006,1,2.552600,10.002333,63.623072,5.275054,-57.799102,0,2.552588040652326
2011-01-05,sh.600261,43.0000,43.8700,42.7300,43.6200,43.3900,1795305,77832194.0000,3,0.908358,1,0.530100,10.055353,63.960323,5.303016,-58.105481,0,0.5300760543904159
2011-01-06,sh.600261,43.6200,43.7100,41.4300,42.2300,43.6200,1230662,52394438.0000,3,0.622670,1,-3.186600,9.734928,61.922156,5.134030,-56.253885,0,-3.186611646033932
2011-01-07,sh.600261,41.5500,42.0000,40.1100,40.7600,42.2300,2225238,91214097.0000,3,1.125889,1,-3.480900,9.396061,59.766684,4.955317,-54.295722,0,-3.480937721998578
2011-01-10,sh.600261,40.2000,40.3000,36.6800,36.6800,40.7600,5185645,196966913.0000,3,2.623746,1,-10.009800,8.455533,53.784150,4.459299,-48.860822,0,-10.009813542688907
2011-01-11,sh.600261,36.2600,37.6100,34.9000,36.9900,36.6800,2543772,92629748.0000,3,1.287055,1,0.845100,8.526995,54.238706,4.496987,-49.273768,0,0.8451472191930209
2011-01-12,sh.600261,36.8000,37.4500,36.4000,36.7600,36.9900,971582,35894009.0000,3,0.491585,1,-0.621800,8.473975,53.901455,4.469025,-48.967388,0,-0.6217896728845762
2011-01-13,sh.600261,36.8100,36.8300,35.6500,36.0500,36.7600,1567119,56497892.0000,3,0.792905,1,-1.931400,8.310304,52.860377,4.382708,-48.021609,0,-1.9314472252448311
2011-01-14,sh.600261,36.0500,36.3900,35.5000,35.5100,36.0500,621426,22301469.0000,3,0.314419,1,-1.497900,8.185823,52.068571,4.317059,-47.302284,0,-1.4979195561719783
2011-01-17,sh.600261,35.0000,35.4900,32.3100,33.3600,35.5100,3745368,125115238.0000,3,1.895019,1,-6.054600,7.690201,48.916010,4.055677,-44.438305,0,-6.054632497887913
2011-01-18,sh.600261,33.0000,34.3800,32.2700,33.9700,33.3600,2109856,71154493.0000,3,1.067510,1,1.828500,7.830819,49.810458,4.129836,-45.250875,0,1.8285371702637887
2011-01-19,sh.600261,34.0400,34.2900,32.8000,34.1300,33.9700,2992082,100617283.0000,3,1.513884,1,0.471000,7.867703,50.045067,4.149288,-45.464009,0,0.4710038269061023
2011-01-20,sh.600261,34.4000,34.4000,32.4100,32.7900,34.1300,1420593,47017566.0000,3,0.718768,1,-3.926200,7.558804,48.080215,3.986380,-43.679017,0,-3.926164664518028
2011-01-21,sh.600261,32.2000,33.1900,31.6100,32.6900,32.7900,2223979,71548344.0000,3,1.125252,1,-0.305000,7.535752,47.933584,3.974223,-43.545809,0,-0.3049710277523654
2011-01-24,sh.600261,32.2000,34.1000,32.2000,32.8400,32.6900,1624344,54052593.0000,3,0.821858,1,0.458900,7.570330,48.153531,3.992459,-43.745621,0,0.45885591924137437
2011-01-25,sh.600261,33.0000,34.3400,32.0000,33.7900,32.8400,1932038,64837926.0000,3,0.977540,1,2.892800,7.789326,49.546522,4.107953,-45.011100,0,2.892813641900105
2011-01-26,sh.600261,33.9600,35.0900,33.7900,34.4200,33.7900,1595345,55305439.0000,3,0.807186,1,1.864500,7.934554,50.470296,4.184544,-45.850313,0,1.8644569399230537
2011-01-27,sh.600261,34.2300,35.0000,34.2300,34.6700,34.4200,1028141,35583074.0000,3,0.520202,1,0.726300,7.992185,50.836873,4.214937,-46.183334,0,0.7263219058686765
2011-01-28,sh.600261,34.7500,34.8600,33.7100,34.4500,34.6700,905888,31076694.0000,3,0.458346,1,-0.634600,7.941470,50.514285,4.188191,-45.890275,0,-0.6345543697721334
2011-01-31,sh.600261,34.3600,35.2500,33.8100,34.7600,34.4500,841377,29241788.0000,3,0.425706,1,0.899900,8.012932,50.968840,4.225879,-46.303221,0,0.8998548621190094
2011-02-01,sh.600261,34.7500,36.6600,34.7500,35.9000,34.7600,1999312,72183418.0000,3,1.011578,1,3.279600,8.275726,52.640431,4.364472,-47.821797,0,3.2796317606444303
2011-02-09,sh.600261,35.5500,37.6000,34.9000,36.0700,35.9000,1539425,56266391.0000,3,0.778893,1,0.473500,8.314915,52.889703,4.385140,-48.048251,0,0.4735376044568307
2011-02-10,sh.600261,35.5500,36.3500,35.3000,36.0500,36.0700,1658925,59426568.0000,3,0.839355,1,-0.055400,8.310304,52.860377,4.382708,-48.021609,0,-0.05544774050458834
2011-02-11,sh.600261,36.2000,37.0500,35.8000,36.5900,36.0500,1793108,65633523.0000,3,0.907247,1,1.497900,8.434786,53.652183,4.448358,-48.740934,0,1.4979195561720005
2011-02-14,sh.600261,36.8100,37.8600,36.8100,37.4000,36.5900,1357896,50930808.0000,3,0.687046,1,2.213700,8.621509,54.839892,4.546832,-49.819922,0,2.2137195955178823
2011-02-15,sh.600261,37.4000,37.8800,36.7000,36.7200,37.4000,1446316,53903926.0000,3,0.731783,1,-1.818200,8.464754,53.842803,4.464162,-48.914105,0,-1.8181818181818188
2011-02-16,sh.600261,36.5000,37.2000,36.0500,36.8900,36.7200,1004320,36826607.0000,3,0.508149,1,0.463000,8.503943,54.092075,4.484830,-49.140559,0,0.4629629629629761
2011-02-17,sh.600261,36.9000,37.6800,36.5600,37.6400,36.8900,2011362,74451356.0000,3,1.017675,1,2.033100,8.676834,55.191805,4.576009,-50.139622,0,2.0330712930333394
2011-02-18,sh.600261,37.7000,40.1800,37.3500,39.5700,37.6400,2596337,101022004.0000,3,1.313651,1,5.127500,9.121741,58.021778,4.810645,-52.710543,0,5.127523910733256
2011-02-21,sh.600261,39.0100,40.8200,38.2000,40.3800,39.5700,1734656,69561783.0000,3,0.877672,1,2.047000,9.308463,59.209487,4.909119,-53.789530,0,2.0470053070507976
2011-02-22,sh.600261,40.5000,40.8000,39.0000,39.5200,40.3800,1416544,56170049.0000,3,0.716719,1,-2.129800,9.110214,57.948463,4.804567,-52.643939,0,-2.1297672114908406
2011-02-23,sh.600261,39.0000,39.6000,38.4000,38.7100,39.5200,1388685,53976108.0000,3,0.702624,1,-2.049600,8.923492,56.760754,4.706092,-51.564951,0,-2.049595141700411
2011-02-24,sh.600261,38.8500,39.5700,37.6900,37.7500,38.7100,2046759,78097191.0000,3,1.035585,1,-2.480000,8.702191,55.353099,4.589382,-50.286151,0,-2.4799793335055553
2011-02-25,sh.600261,37.7500,38.2000,37.2800,37.7800,37.7500,940967,35445545.0000,3,0.476095,1,0.079500,8.709107,55.397088,4.593030,-50.326113,0,0.07947019867549088
2011-02-28,sh.600261,37.6900,38.2800,37.6800,38.1000,37.7800,1121504,42663812.0000,3,0.567440,1,0.847000,8.782874,55.866307,4.631933,-50.752380,0,0.8470089994706109
2011-03-01,sh.600261,38.1000,39.2800,37.8100,38.1500,38.1000,1038629,40064345.0000,3,0.525508,1,0.131242,8.794400,55.939622,4.638012,-50.818984,0,0.1312335958005173
2011-03-02,sh.600261,38.1800,38.7300,36.8200,37.3400,38.1500,1730815,64456478.0000,3,0.875729,1,-2.123200,8.607677,54.751913,4.539537,-49.739997,0,-2.1231979030144066
2011-03-03,sh.600261,37.1900,37.4000,35.4000,36.0000,37.3400,2343360,84757406.0000,3,1.185654,1,-3.588600,8.298778,52.787061,4.376629,-47.955005,0,-3.588644884841996
2011-03-04,sh.600261,36.0000,36.4100,35.2100,35.8000,36.0000,1810260,64359023.0000,3,0.915925,1,-0.555600,8.252674,52.493800,4.352315,-47.688588,0,-0.5555555555555647
2011-03-07,sh.600261,35.8000,35.8000,35.8000,35.8000,35.8000,0,0.0000,3,,0,0.000000,8.252674,52.493800,4.352315,-47.688588,0,0.0
2011-03-08,sh.600261,36.5100,37.7500,34.7100,35.3600,35.8000,6959388,251279126.0000,3,3.521195,1,-1.229100,7.910194,48.624067,4.069127,-68.163353,0,-1.229050279329602
2011-03-09,sh.600261,35.4900,36.0900,34.7900,35.9300,35.3600,5734042,202423676.0000,3,2.901215,1,1.612000,8.037705,49.407882,4.134721,-69.262140,0,1.6119909502262386
2011-03-10,sh.600261,35.8900,36.6600,35.5100,36.6400,35.9300,3242804,117228348.0000,3,1.640740,1,1.976100,8.196536,50.384214,4.216426,-70.630805,0,1.9760645699972157
2011-03-11,sh.600261,36.6200,36.8000,35.8800,35.9700,36.6400,2022479,73292908.0000,3,1.023300,1,-1.828600,8.046653,49.462887,4.139324,-69.339248,0,-1.8286026200873384
2011-03-14,sh.600261,35.5500,35.9400,34.9800,35.7000,35.9700,2634062,93788653.0000,3,1.332739,1,-0.750600,7.986253,49.091606,4.108253,-68.818770,0,-0.7506255212677115
2011-03-15,sh.600261,35.6500,35.6500,34.0000,34.7600,35.7000,1813632,62832273.0000,3,0.917631,1,-2.633100,7.775971,47.798998,4.000081,-67.006735,0,-2.6330532212885283
2011-03-16,sh.600261,34.9300,35.3500,34.7000,35.0000,34.7600,1208787,42249125.0000,3,0.611602,1,0.690400,7.829660,48.129025,4.027699,-67.469382,0,0.6904487917146263
2011-03-17,sh.600261,34.9800,34.9800,33.9200,34.1500,35.0000,1512083,51562318.0000,3,0.765058,1,-2.428600,7.639511,46.960178,3.929883,-65.830840,0,-2.4285714285714355
2011-03-18,sh.600261,34.2200,34.6900,34.2200,34.4900,34.1500,1156084,39833203.0000,3,0.584936,1,0.995600,7.715571,47.427717,3.969010,-66.486257,0,0.9956076134699954
2011-03-21,sh.600261,34.5000,34.6500,33.0000,33.3000,34.4900,4042225,135752706.0000,3,2.045217,1,-3.450300,7.449362,45.791330,3.832068,-64.192298,0,-3.450275442157158
2011-03-22,sh.600261,33.3100,33.3500,32.5300,33.0600,33.3000,2724314,89435274.0000,3,1.378403,1,-0.720700,7.395673,45.461302,3.804449,-63.729651,0,-0.7207207207207023
2011-03-23,sh.600261,32.8000,33.4600,32.8000,33.4500,33.0600,2675571,88529961.0000,3,1.353741,1,1.179700,7.482918,45.997597,3.849330,-64.481453,0,1.1796733212341204
2011-03-24,sh.600261,33.4400,34.3200,33.1300,34.0800,33.4500,3349897,112943540.0000,3,1.694925,1,1.883400,7.623852,46.863920,3.921828,-65.695902,0,1.883408071748871
2011-03-25,sh.600261,34.0800,34.1900,33.2000,33.4000,34.0800,2635299,88780384.0000,3,1.333365,1,-1.995300,7.471733,45.928841,3.843576,-64.385068,0,-1.9953051643192499
2011-03-28,sh.600261,33.3000,33.7000,32.7800,33.6300,33.4000,2572425,85159640.0000,3,1.301553,1,0.688600,7.523185,46.245118,3.870043,-64.828438,0,0.6886227544910195
2011-03-29,sh.600261,33.6300,33.6300,33.6300,33.6300,33.6300,0,0.0000,3,,0,0.000000,7.523185,46.245118,3.870043,-64.828438,0,0.0
2011-03-30,sh.600261,33.0000,33.1800,31.3000,31.3100,33.6300,3778118,120959290.0000,3,1.911589,1,-6.898600,7.004190,43.054851,3.603064,-60.356182,0,-6.89860243829915
2011-03-31,sh.600261,31.4100,32.5500,31.4100,32.0800,31.3100,2781281,89113441.0000,3,1.407226,1,2.459300,7.176443,44.113689,3.691674,-61.840508,0,2.459278185883096
2011-04-01,sh.600261,32.3600,32.9500,32.0900,32.3500,32.0800,1468974,47720502.0000,3,0.743247,1,0.841600,7.236843,44.484971,3.722745,-62.360986,0,0.8416458852867903
2011-04-06,sh.600261,32.3000,33.3200,30.9000,33.2700,32.3500,4488647,143092642.0000,3,2.271091,1,2.843900,7.442651,45.750076,3.828616,-64.134467,0,2.8438948995363367
2011-04-07,sh.600261,33.3300,34.1500,33.1000,33.8100,33.2700,4284319,143813795.0000,3,2.167708,1,1.623100,7.563452,46.492638,3.890757,-65.175423,0,1.623083859332719
2011-04-08,sh.600261,33.8100,33.9000,32.9600,33.7000,33.8100,2880800,96016910.0000,3,1.457579,1,-0.325300,7.538844,46.341376,3.878099,-64.963377,0,-0.3253475303164777
2011-04-11,sh.600261,33.7000,33.8000,32.9800,33.0900,33.7000,2514524,84095455.0000,3,1.272257,1,-1.810100,7.402384,45.502556,3.807902,-63.787482,0,-1.8100890207715103
2011-04-12,sh.600261,33.0900,33.0900,31.9800,32.1500,33.0900,2211587,71503265.0000,3,1.118982,1,-2.840700,7.192102,44.209948,3.699729,-61.975447,0,-2.840737382895153
2011-04-13,sh.600261,32.1200,32.9800,31.6800,32.8600,32.1500,954867,31103738.0000,3,0.483128,1,2.208400,7.350932,45.186279,3.781434,-63.344112,0,2.2083981337480685
2011-04-14,sh.600261,32.8600,33.0000,32.0000,32.0800,32.8600,2227028,72141614.0000,3,1.126794,1,-2.373700,7.176443,44.113689,3.691674,-61.840508,0,-2.37370663420573
2011-04-15,sh.600261,32.2800,33.1900,32.2500,32.8500,32.0800,2948502,96640798.0000,3,1.491834,1,2.400200,7.348695,45.172528,3.780283,-63.324835,0,2.4002493765586053
2011-04-18,sh.600261,21.8000,22.6000,21.6100,22.1900,21.8000,1724485,38451888.0000,3,0.581684,1,1.789000,7.446007,45.770703,3.830342,-64.163383,0,-32.45053272450532
2011-04-19,sh.600261,21.9700,21.9700,21.2900,21.7400,22.1900,1453952,31525723.0000,3,0.490431,1,-2.027900,7.295006,44.842500,3.752665,-62.862187,0,-2.0279405137449413
2011-04-20,sh.600261,21.7600,22.3300,21.7000,22.1900,21.7400,2325989,51127255.0000,3,0.784577,1,2.069900,7.446007,45.770703,3.830342,-64.163383,0,2.0699172033118884
2011-04-21,sh.600261,22.2200,22.9100,22.2000,22.2800,22.1900,3724275,83952069.0000,3,1.256231,1,0.405600,7.415715,45.772267,3.751446,-29.517399,0,0.40558810274897716
2011-04-22,sh.600261,22.3000,22.3000,21.7000,21.8800,22.2800,2092791,45788107.0000,3,0.705917,1,-1.795300,7.282578,44.950503,3.684095,-28.987464,0,-1.795332136445249
2011-04-25,sh.600261,21.8800,21.9500,21.5600,21.5700,21.8800,1406246,30432411.0000,3,0.474339,1,-1.416800,7.179397,44.313636,3.631898,-28.576764,0,-1.416819012797066
2011-04-26,sh.600261,21.4800,21.4800,20.2400,20.8000,21.5700,4023331,82743111.0000,3,1.357105,1,-3.569800,6.923109,42.731739,3.502247,-27.556638,0,-3.5697728326379186
2011-04-27,sh.600261,20.8500,20.8500,19.9000,20.2400,20.8000,2719855,54947487.0000,3,0.917431,1,-2.692300,6.736718,41.581270,3.407956,-26.814729,0,-2.692307692307705
2011-04-28,sh.600261,20.2400,20.3800,19.4500,19.8700,20.2400,2470396,48710244.0000,3,0.833286,1,-1.828100,6.613566,40.821138,3.345656,-26.324539,0,-1.8280632411067033
2011-04-29,sh.600261,19.8200,20.3800,19.7000,20.0900,19.8700,1442813,29050618.0000,3,0.486674,1,1.107200,6.686791,41.273108,3.382699,-26.616003,0,1.1071967790639015
2011-05-03,sh.600261,20.1000,20.5200,19.7800,20.5000,20.0900,1679105,33850976.0000,3,0.566377,1,2.040800,6.823257,42.115416,3.451734,-27.159187,0,2.0408163265306145
2011-05-04,sh.600261,20.4000,20.4000,19.8000,19.9900,20.5000,1942213,38812376.0000,3,0.655126,1,-2.487800,6.653507,41.067667,3.365862,-26.483519,0,-2.4878048780487827
2011-05-05,sh.600261,19.8900,21.6800,19.8900,21.2000,19.9900,5370642,112754775.0000,3,1.811565,1,6.053000,7.056246,43.553504,3.569598,-28.086574,0,6.053026513256632
2011-05-06,sh.600261,21.2000,21.2000,21.2000,21.2000,21.2000,0,0.0000,3,,0,0.000000,7.056246,43.553504,3.569598,-28.086574,0,0.0
2011-05-09,sh.600261,22.5000,22.5000,21.1000,21.4100,21.2000,5680719,122787072.0000,3,1.916157,1,0.990600,7.126143,43.984930,3.604957,-28.364790,0,0.9905660377358627
2011-05-10,sh.600261,21.2800,21.8500,20.9500,21.8000,21.4100,2988236,64158060.0000,3,1.007958,1,1.821600,7.255951,44.786150,3.670624,-28.881477,0,1.8215787015413376
2011-05-11,sh.600261,21.8100,21.8500,21.4500,21.4700,21.8000,2164034,46583207.0000,3,0.729948,1,-1.513800,7.146113,44.108194,3.615060,-28.444280,0,-1.513761467889918
2011-05-12,sh.600261,21.1100,22.2500,21.1000,21.7000,21.4700,2309721,50385902.0000,3,0.779089,1,1.071300,7.222667,44.580709,3.653787,-28.748993,0,1.0712622263623572
2011-05-13,sh.600261,22.0100,22.2800,21.8000,21.9100,21.7000,3277288,71956152.0000,3,1.105458,1,0.967700,7.292564,45.012135,3.689146,-29.027209,0,0.967741935483879
2011-05-16,sh.600261,21.8000,21.9100,21.1900,21.2100,21.9100,2417036,51741778.0000,3,0.815288,1,-3.194900,7.059574,43.574048,3.571282,-28.099822,0,-3.194888178913735
2011-05-17,sh.600261,21.0000,21.3000,20.8000,20.9100,21.2100,1810651,38195768.0000,3,0.610749,1,-1.414400,6.959722,42.957725,3.520769,-27.702371,0,-1.4144271570014189
2011-05-18,sh.600261,20.7800,21.1000,20.3100,21.0000,20.9100,1952379,40750367.0000,3,0.658555,1,0.430400,6.989677,43.142622,3.535923,-27.821606,0,0.43041606886657924
2011-05-19,sh.600261,21.0000,21.1000,20.4000,20.6200,21.0000,1351008,27909110.0000,3,0.455707,1,-1.809500,6.863198,42.361946,3.471939,-27.318167,0,-1.8095238095238053
2011-05-20,sh.600261,20.1000,20.8500,20.1000,20.3800,20.6200,1286483,26195223.0000,3,0.433942,1,-1.163900,6.783316,41.868887,3.431529,-27.000206,0,-1.1639185257032114
2011-05-23,sh.600261,20.3800,20.4900,19.4800,19.6600,20.3800,2289919,45345135.0000,3,0.772410,1,-3.532900,6.543670,40.389711,3.310297,-26.046323,0,-3.5328753680078484
2011-05-24,sh.600261,19.6600,19.6600,19.6600,19.6600,19.6600,0,0.0000,3,,0,0.000000,6.543670,40.389711,3.310297,-26.046323,0,0.0
2011-05-25,sh.600261,19.8600,20.1800,19.5100,19.6400,19.6600,654900,12955816.0000,3,0.220904,1,-0.101700,6.537013,40.348623,3.306930,-26.019826,0,-0.10172939979653517
2011-05-26,sh.600261,19.9000,19.9000,19.2100,19.2900,19.6400,529625,10306677.0000,3,0.178647,1,-1.782100,6.420518,39.629579,3.247998,-25.556132,0,-1.7820773930753653
2011-05-27,sh.600261,19.2900,19.9000,19.0400,19.3500,19.2900,1455732,28323255.0000,3,0.491031,1,0.311000,6.440489,39.752844,3.258100,-25.635623,0,0.3110419906687589
2011-05-30,sh.600261,18.8800,19.3600,18.7000,19.2100,19.3500,691692,13146273.0000,3,0.233314,1,-0.723500,6.393891,39.465227,3.234527,-25.450145,0,-0.7235142118863114
2011-05-31,sh.600261,19.3000,19.6500,18.3100,19.5900,19.2100,1453708,27367204.0000,3,0.490349,1,1.978100,6.520371,40.245903,3.298511,-25.953584,0,1.9781363872982682
2011-06-01,sh.600261,19.5000,19.8300,19.2000,19.7000,19.5900,506647,9924828.0000,3,0.170897,1,0.561500,6.556983,40.471888,3.317032,-26.099316,0,0.5615109749872449
2011-06-02,sh.600261,19.2800,19.4500,19.1300,19.3100,19.7000,588397,11327719.0000,3,0.198472,1,-1.979700,6.427175,39.670668,3.251365,-25.582629,0,-1.9796954314720838
2011-06-03,sh.600261,19.3100,20.1800,19.3100,19.6200,19.3100,1535035,30258143.0000,3,0.517781,1,1.605400,6.530356,40.307535,3.303562,-25.993329,0,1.605385810460902
2011-06-07,sh.600261,19.6200,19.9100,19.4500,19.5800,19.6200,641617,12570053.0000,3,0.216423,1,-0.203900,6.517042,40.225359,3.296827,-25.940336,0,-0.20387359836901986
2011-06-08,sh.600261,19.5200,19.7000,19.3000,19.5200,19.5800,350015,6798526.0000,3,0.118063,1,-0.306400,6.497072,40.102094,3.286724,-25.860845,0,-0.3064351378958108
2011-06-09,sh.600261,19.5000,19.5000,19.0000,19.1500,19.5200,591660,11361044.0000,3,0.199572,1,-1.895500,6.373920,39.341962,3.224425,-25.370655,0,-1.8954918032786927
2011-06-10,sh.600261,19.3000,19.8000,18.7100,19.7400,19.1500,1068784,20696718.0000,3,0.360510,1,3.080900,6.570297,40.554064,3.323767,-26.152310,0,3.08093994778067
2011-06-13,sh.600261,19.6800,19.6800,19.3000,19.6500,19.7400,255870,4980324.0000,3,0.086307,1,-0.455900,6.540341,40.369167,3.308613,-26.033074,0,-0.455927051671734
2011-06-14,sh.600261,19.6000,19.9400,19.4100,19.9200,19.6500,918863,18257139.0000,3,0.309941,1,1.374000,6.630208,40.923858,3.354075,-26.390781,0,1.3740458015267354
2011-06-15,sh.600261,20.1800,20.9000,19.5000,19.6100,19.9200,2407708,48778728.0000,3,0.812141,1,-1.556200,6.527027,40.286991,3.301878,-25.980081,0,-1.5562248995984018
2011-06-16,sh.600261,19.0000,19.6000,18.8800,19.2600,19.6100,873724,16770744.0000,3,0.294715,1,-1.784800,6.410533,39.567947,3.242946,-25.516387,0,-1.7848036715961135
2011-06-17,sh.600261,19.2600,19.4200,19.0300,19.2500,19.2600,689705,13275930.0000,3,0.232644,1,-0.051900,6.407204,39.547403,3.241262,-25.503139,0,-0.051921079958472394
2011-06-20,sh.600261,19.4800,19.4800,17.3300,17.5100,19.2500,4727667,84146370.0000,3,1.594684,1,-9.039000,5.828060,35.972729,2.948286,-23.197920,0,-9.038961038961036
2011-06-21,sh.600261,17.4200,17.8500,16.7100,17.4200,17.5100,2562372,43771806.0000,3,0.864311,1,-0.514000,5.798104,35.787832,2.933132,-23.078685,0,-0.5139920045688195
2011-06-22,sh.600261,17.5000,17.5000,16.6700,16.9800,17.4200,3032800,51228002.0000,3,1.022990,1,-2.525800,5.651654,34.883891,2.859046,-22.495756,0,-2.5258323765786517
2011-06-23,sh.600261,16.9700,17.6300,16.5700,17.2000,16.9800,3558603,61179099.0000,3,1.200348,1,1.295600,5.724879,35.335861,2.896089,-22.787220,0,1.2956419316843215
2011-06-24,sh.600261,17.0200,17.8800,16.9900,17.5800,17.2000,4999756,87527364.0000,3,1.686462,1,2.209300,5.851359,36.116537,2.960072,-23.290659,0,2.209302325581386
2011-06-27,sh.600261,17.6000,18.8000,17.5200,18.4200,17.5800,5252908,96431055.0000,3,1.771852,1,4.778200,6.130946,37.842242,3.101509,-24.403523,0,4.778156996587057
2011-06-28,sh.600261,18.4100,18.8500,18.1700,18.7100,18.4200,2922734,54370447.0000,3,0.985864,1,1.574400,6.227470,38.438021,3.150339,-24.787726,0,1.574375678610207
2011-06-29,sh.600261,18.6900,18.8800,18.5000,18.7100,18.7100,2562495,48020472.0000,3,0.864352,1,0.000000,6.227470,38.438021,3.150339,-24.787726,0,0.0
2011-06-30,sh.600261,18.5200,19.0000,18.5200,18.7300,18.7100,1872626,35119332.0000,3,0.631653,1,0.106900,6.234127,38.479110,3.153706,-24.814223,0,0.1068947087119243
2011-07-01,sh.600261,18.7800,19.3200,18.6000,19.0900,18.7300,2127875,40565545.0000,3,0.717751,1,1.922100,6.353950,39.218697,3.214322,-25.291165,0,1.9220501868659978
2011-07-04,sh.600261,19.3800,19.9500,19.0000,19.9100,19.0900,4758773,92738571.0000,3,1.605176,1,4.295400,6.626880,40.903314,3.352391,-26.377532,0,4.295442640125713
2011-07-05,sh.600261,19.9100,19.9900,19.3500,19.4300,19.9100,3967146,77847896.0000,3,1.338153,1,-2.410800,6.467116,39.917197,3.271570,-25.741610,0,-2.4108488196886046
2011-07-06,sh.600261,19.4300,19.4300,18.6500,18.7900,19.4300,6712163,126088065.0000,3,2.264072,1,-3.293900,6.254097,38.602374,3.163809,-24.893713,0,-3.293875450334538
2011-07-07,sh.600261,18.7200,19.7900,18.5100,19.7300,18.7900,7834547,150546834.0000,3,2.642662,1,5.002700,6.566968,40.533520,3.322084,-26.139061,0,5.002660989888241
2011-07-08,sh.600261,19.5400,19.7400,19.2800,19.2900,19.7300,4623335,90197536.0000,3,1.559492,1,-2.230100,6.420518,39.629579,3.247998,-25.556132,0,-2.230106436898127
2011-07-11,sh.600261,19.0000,20.0300,18.8100,19.8500,19.2900,4542902,89384473.0000,3,1.532361,1,2.903100,6.606909,40.780049,3.342289,-26.298042,0,2.903058579574913
2011-07-12,sh.600261,19.7600,20.0500,19.4300,19.8800,19.8500,3892652,77193881.0000,3,1.313026,1,0.151100,6.616895,40.841682,3.347340,-26.337787,0,0.15113350125943725
2011-07-13,sh.600261,19.8700,20.3500,19.7800,20.2300,19.8800,3070533,61741677.0000,3,1.035718,1,1.760600,6.733389,41.560725,3.406272,-26.801480,0,1.760563380281699
2011-07-14,sh.600261,20.3500,20.6800,19.9300,20.4400,20.2300,3025829,61232549.0000,3,1.020639,1,1.038100,6.803286,41.992152,3.441631,-27.079697,0,1.038062283737018
2011-07-15,sh.600261,20.2900,20.8100,20.0700,20.6300,20.4400,3187383,65183874.0000,3,1.075133,1,0.929500,6.866526,42.382490,3.473623,-27.331416,0,0.9295499021526377
2011-07-18,sh.600261,20.7000,21.2500,20.5500,20.7000,20.6300,3234488,67544200.0000,3,1.091021,1,0.339300,6.889825,42.526298,3.485409,-27.424155,0,0.3393116820164854
2011-07-19,sh.600261,20.7000,20.7000,19.8000,20.0400,20.7000,2212843,44548707.0000,3,0.746412,1,-3.188400,6.670149,41.170387,3.374280,-26.549761,0,-3.1884057971014457
2011-07-20,sh.600261,20.1800,20.5400,19.9500,20.1200,20.0400,1686640,34100578.0000,3,0.568919,1,0.399200,6.696777,41.334740,3.387751,-26.655748,0,0.3992015968063978
2011-07-21,sh.600261,20.1800,20.3000,19.7000,19.7600,20.1200,1250352,24831489.0000,3,0.421755,1,-1.789300,6.576954,40.595152,3.327135,-26.178806,0,-1.7892644135188873
2011-07-22,sh.600261,19.7900,20.3600,19.7900,20.2800,19.7600,2153214,43271027.0000,3,0.726298,1,2.631600,6.750031,41.663446,3.414691,-26.867722,0,2.6315789473684292
2011-07-25,sh.600261,20.2000,20.3500,19.0000,19.2200,20.2800,2000534,39319315.0000,3,0.674798,1,-5.226800,6.397219,39.485771,3.236211,-25.463394,0,-5.226824457593704
2011-07-26,sh.600261,19.2000,19.4000,19.0600,19.1600,19.2200,732604,14063277.0000,3,0.247114,1,-0.312200,6.377249,39.362506,3.226108,-25.383903,0,-0.3121748178980144
2011-07-27,sh.600261,19.1600,19.8900,19.0800,19.8000,19.1600,1779632,34995857.0000,3,0.600286,1,3.340300,6.590267,40.677329,3.333870,-26.231800,0,3.3402922755741082
2011-07-28,sh.600261,19.5000,20.5800,19.5000,20.4400,19.8000,3681793,74170286.0000,3,1.241901,1,3.232300,6.803286,41.992152,3.441631,-27.079697,0,3.232323232323231
2011-07-29,sh.600261,20.4400,21.1500,20.3200,20.7400,20.4400,6188226,128589856.0000,3,2.087343,1,1.467700,6.903139,42.608475,3.492145,-27.477148,0,1.4677103718199414
2011-08-01,sh.600261,20.7400,20.9800,20.3400,20.5900,20.7400,1551888,32086502.0000,3,0.523466,1,-0.723200,6.853212,42.300313,3.466888,-27.278422,0,-0.7232401157184154
2011-08-02,sh.600261,20.4000,20.7500,20.4000,20.6800,20.5900,2884115,59372919.0000,3,0.972838,1,0.437100,6.883168,42.485210,3.482042,-27.397658,0,0.4371053909664857
2011-08-03,sh.600261,20.4500,21.0200,20.3800,20.9400,20.6800,3162869,65615813.0000,3,1.066864,1,1.257300,6.969707,43.019357,3.525820,-27.742116,0,1.2572533849129597
2011-08-04,sh.600261,21.0400,21.4900,21.0400,21.0900,20.9400,4270891,90823160.0000,3,1.440609,1,0.716300,7.019633,43.327518,3.551077,-27.940841,0,0.7163323782234832
2011-08-05,sh.600261,20.2900,21.0300,19.8000,20.5500,21.0900,3275734,67759409.0000,3,1.104934,1,-2.560500,6.839899,42.218137,3.460153,-27.225429,0,-2.560455192034139
2011-08-08,sh.600261,20.0000,21.0100,19.5800,19.9600,20.5500,9878421,199235209.0000,3,3.332079,1,-2.871000,6.498710,47.542960,3.306579,-89.766417,0,-2.871046228710461
2011-08-09,sh.600261,19.8000,20.9500,19.0100,20.8000,19.9600,4175047,85010004.0000,3,1.408280,1,4.208400,6.772203,49.543766,3.445734,-93.544161,0,4.208416833667328
2011-08-10,sh.600261,21.1000,21.2000,20.6400,20.9100,20.8000,4362445,91239797.0000,3,1.471491,1,0.528800,6.808017,49.805776,3.463956,-94.038866,0,0.5288461538461409
2011-08-11,sh.600261,20.7100,21.4800,20.4100,21.3800,20.9100,3237736,68215983.0000,3,1.092117,1,2.247700,6.961043,50.925274,3.541817,-96.152604,0,2.247728359636536
2011-08-12,sh.600261,21.5000,22.1000,21.4000,21.7700,21.3800,3966261,86560579.0000,3,1.337855,1,1.824100,7.088022,51.854220,3.606424,-97.906557,0,1.8241347053320922
2011-08-15,sh.600261,21.7000,22.1800,21.4500,21.5900,21.7700,2963531,64518011.0000,3,0.999625,1,-0.826800,7.029416,51.425476,3.576605,-97.097041,0,-0.826825907211759
2011-08-16,sh.600261,21.5800,21.7500,21.0500,21.3600,21.5900,1679455,35779784.0000,3,0.566495,1,-1.065300,6.954531,50.877636,3.538503,-96.062658,0,-1.0653080129689685
2011-08-17,sh.600261,21.3500,21.4300,21.0100,21.3200,21.3600,1218174,25890580.0000,3,0.410901,1,-0.187300,6.941508,50.782360,3.531877,-95.882766,0,-0.1872659176029967
2011-08-18,sh.600261,21.2600,21.5300,21.0900,21.1500,21.3200,915390,19489497.0000,3,0.308769,1,-0.797400,6.886158,50.377435,3.503715,-95.118222,0,-0.7973733583489739
2011-08-19,sh.600261,20.6000,21.4500,20.5200,21.3900,21.1500,1605929,33767837.0000,3,0.541694,1,1.134800,6.964299,50.949093,3.543473,-96.197578,0,1.134751773049647
2011-08-22,sh.600261,21.4000,21.5800,20.6000,20.6500,21.3900,1881350,39448465.0000,3,0.634596,1,-3.459600,6.723365,49.186479,3.420885,-92.869564,0,-3.4595605423095033
2011-08-23,sh.600261,20.6400,20.9300,20.3300,20.8700,20.6500,1169469,24066438.0000,3,0.394472,1,1.065400,6.794994,49.710499,3.457330,-93.858974,0,1.0653753026634405
2011-08-24,sh.600261,20.9000,21.7300,20.9000,21.4700,20.8700,2786424,59907819.0000,3,0.939886,1,2.874900,6.990346,51.139646,3.556726,-96.557363,0,2.8749401054144696
2011-08-25,sh.600261,21.4500,21.8000,21.3100,21.7700,21.4700,1452832,31440871.0000,3,0.490053,1,1.397300,7.088022,51.854220,3.606424,-97.906557,0,1.3972985561248263
2011-08-26,sh.600261,21.7700,21.8700,21.4500,21.6900,21.7700,1096603,23776687.0000,3,0.369894,1,-0.367478,7.061975,51.663667,3.593171,-97.546772,0,-0.3674781809829941
2011-08-29,sh.600261,21.6900,22.2500,21.3600,22.1400,21.6900,1994527,43863742.0000,3,0.672772,1,2.074700,7.208489,52.735527,3.667718,-99.570564,0,2.0746887966804906
2011-08-30,sh.600261,22.1400,22.2000,21.5700,21.5800,22.1400,1111469,24302380.0000,3,0.374908,1,-2.529400,7.026160,51.401657,3.574949,-97.052068,0,-2.529358626919609
2011-08-31,sh.600261,21.3800,21.7800,20.9000,21.4200,21.5800,964029,20420004.0000,3,0.325176,1,-0.741400,6.974067,51.020551,3.548443,-96.332497,0,-0.7414272474513317
2011-09-01,sh.600261,21.4200,21.4900,20.9800,21.0400,21.4200,1004921,21175458.0000,3,0.338969,1,-1.774000,6.850344,50.115424,3.485492,-94.623517,0,-1.7740429505135547
2011-09-02,sh.600261,20.9100,21.3000,20.8300,21.1000,21.0400,665831,14032351.0000,3,0.224591,1,0.285200,6.869879,50.258339,3.495432,-94.893356,0,0.2851711026616188
2011-09-05,sh.600261,21.1000,21.2200,20.2500,20.5900,21.1000,1468186,30252011.0000,3,0.495232,1,-2.417100,6.703830,49.043564,3.410945,-92.599725,0,-2.417061611374416
2011-09-06,sh.600261,20.4800,20.7700,20.1200,20.3200,20.5900,768632,15646494.0000,3,0.259266,1,-1.311300,6.615921,48.400448,3.366217,-91.385450,0,-1.3113161728994682
2011-09-07,sh.600261,20.3500,20.9200,20.3200,20.8000,20.3200,1160096,23811303.0000,3,0.391311,1,2.362200,6.772203,49.543766,3.445734,-93.544161,0,2.3622047244094446
2011-09-08,sh.600261,20.8900,20.9200,20.3700,20.3900,20.8000,754497,15517954.0000,3,0.254499,1,-1.971153,6.638712,48.567182,3.377813,-91.700262,0,-1.9711538461538503
2011-09-09,sh.600261,20.4000,20.4900,19.0200,19.1600,20.3900,2340667,46088314.0000,3,0.789528,1,-6.032400,6.238241,45.637430,3.174051,-86.168564,0,-6.03236880823933
2011-09-13,sh.600261,19.0500,19.4000,18.5100,19.2300,19.1600,1460603,27643569.0000,3,0.492674,1,0.365300,6.261032,45.804164,3.185647,-86.483376,0,0.36534446764091566
2011-09-14,sh.600261,19.0500,19.5000,18.7500,19.2100,19.2300,1040575,19772846.0000,3,0.350995,1,-0.104000,6.254520,45.756526,3.182334,-86.393430,0,-0.10400416016640435
2011-09-15,sh.600261,19.4000,19.7700,19.1100,19.1300,19.2100,434847,8382876.0000,3,0.146678,1,-0.416400,6.228473,45.565973,3.169081,-86.033645,0,-0.41644976574701786
2011-09-16,sh.600261,19.1300,19.4000,18.8000,19.0400,19.1300,517816,9839256.0000,3,0.174664,1,-0.470500,6.199170,45.351601,3.154172,-85.628886,0,-0.4704652378463181
2011-09-19,sh.600261,19.0000,19.0000,18.0000,18.8100,19.0400,1129757,20995575.0000,3,0.381077,1,-1.208000,6.124285,44.803761,3.116070,-84.594504,0,-1.2079831932773177
2011-09-20,sh.600261,18.8100,19.0200,18.3500,18.8700,18.8100,695102,12971923.0000,3,0.234464,1,0.319000,6.143821,44.946676,3.126009,-84.864343,0,0.31897926634769647
2011-09-21,sh.600261,18.8000,19.3500,18.6600,19.2700,18.8700,1496631,28577899.0000,3,0.504827,1,2.119800,6.274055,45.899440,3.192273,-86.663269,0,2.119766825649161
2011-09-22,sh.600261,19.0000,19.2600,18.5000,19.1500,19.2700,1310712,24809921.0000,3,0.442115,1,-0.622700,6.234985,45.613611,3.172394,-86.123591,0,-0.622729631551644
2011-09-23,sh.600261,19.0000,19.0000,18.4300,18.7000,19.1500,1346500,25016920.0000,3,0.454186,1,-2.349900,6.088471,44.541751,3.097847,-84.099799,0,-2.3498694516971286
2011-09-26,sh.600261,18.6900,18.9700,18.1500,18.2000,18.7000,1036947,19174277.0000,3,0.349771,1,-2.673800,5.925677,43.350795,3.015017,-81.851141,0,-2.67379679144385
2011-09-27,sh.600261,18.2800,18.3000,16.4100,16.9400,18.2000,7446036,126791121.0000,3,2.511614,1,-6.923100,5.515438,40.349586,2.806285,-76.184524,0,-6.923076923076909
2011-09-28,sh.600261,16.9600,17.4900,16.9000,17.0800,16.9400,2503814,42849910.0000,3,0.844559,1,0.826400,5.561020,40.683054,2.829477,-76.814148,0,0.8264462809917106
2011-09-29,sh.600261,16.8000,17.0800,16.3800,16.6700,17.0800,957242,16162397.0000,3,0.322886,1,-2.400500,5.427530,39.706470,2.761557,-74.970249,0,-2.4004683840749164
2011-09-30,sh.600261,16.9600,16.9600,16.3800,16.6400,16.6700,1508364,25070607.0000,3,0.508785,1,-0.180000,5.417762,39.635012,2.756587,-74.835329,0,-0.1799640071985631
2011-10-10,sh.600261,16.7000,16.7000,16.1300,16.5000,16.6400,1206128,19711384.0000,3,0.406838,1,-0.841300,5.372180,39.301545,2.733394,-74.205705,0,-0.8413461538461564
2011-10-11,sh.600261,16.9900,17.0300,16.0000,16.5300,16.5000,1527445,25251053.0000,3,0.515221,1,0.181800,5.381948,39.373002,2.738364,-74.340624,0,0.1818181818181941
2011-10-12,sh.600261,16.2300,17.3000,16.2300,17.2400,16.5300,1703156,29078832.0000,3,0.574490,1,4.295200,5.613114,41.064159,2.855983,-77.533718,0,4.295220810647282
2011-10-13,sh.600261,17.2500,18.1500,17.2100,17.8000,17.2400,1455957,25891518.0000,3,0.491107,1,3.248300,5.795443,42.398030,2.948753,-80.052215,0,3.2482598607888713
2011-10-14,sh.600261,17.5800,17.9500,17.4200,17.8200,17.8000,983543,17410168.0000,3,0.331758,1,0.112400,5.801955,42.445668,2.952066,-80.142161,0,0.11235955056179137
2011-10-17,sh.600261,17.9000,18.2300,17.8300,18.0100,17.8200,572583,10329938.0000,3,0.193137,1,1.066200,5.863816,42.898232,2.983541,-80.996651,0,1.0662177328844002
2011-10-18,sh.600261,18.0100,18.1000,17.3200,17.9900,18.0100,786448,13811058.0000,3,0.265276,1,-0.111000,5.857304,42.850593,2.980228,-80.906705,0,-0.1110494169905829
2011-10-19,sh.600261,17.7700,17.9400,17.1000,17.4700,17.9900,873265,15234840.0000,3,0.294560,1,-2.890500,5.687999,41.611999,2.894085,-78.568101,0,-2.8904947192884944
2011-10-20,sh.600261,17.4500,17.4800,16.8800,17.4300,17.4700,886311,15256883.0000,3,0.298961,1,-0.229000,5.674976,41.516723,2.887459,-78.388208,0,-0.22896393817972704
2011-10-21,sh.600261,17.4200,17.4200,16.6600,16.8700,17.4300,857300,14465924.0000,3,0.289175,1,-3.212900,5.492647,40.182852,2.794689,-75.869712,0,-3.2128514056224855
2011-10-24,sh.600261,16.8800,17.3100,16.7500,17.0200,16.8700,1110638,18843777.0000,3,0.374628,1,0.889200,5.541485,40.540139,2.819538,-76.544309,0,0.889152341434496
2011-10-25,sh.600261,16.9700,17.5000,16.8700,17.4000,17.0200,1887931,32441991.0000,3,0.636816,1,2.232700,5.665208,41.445265,2.882489,-78.253289,0,2.232667450058745
2011-10-26,sh.600261,17.2300,18.3800,17.2200,18.0900,17.4000,3480714,62771293.0000,3,1.174076,1,3.965500,5.889863,43.088785,2.996794,-81.356437,0,3.965517241379324
2011-10-27,sh.600261,18.0500,18.5000,18.0200,18.0400,18.0900,1259465,22958962.0000,3,0.424829,1,-0.276400,5.873584,42.969689,2.988511,-81.131571,0,-0.2763957987838572
2011-10-28,sh.600261,18.1000,19.2600,18.1000,19.2100,18.0400,4045337,76685649.0000,3,1.364528,1,6.485600,6.254520,45.756526,3.182334,-86.393430,0,6.4855875831485665
2011-10-31,sh.600261,19.2100,19.2800,18.8000,19.1600,19.2100,1654293,31436448.0000,3,0.558008,1,-0.260300,5.713823,33.270458,3.091545,-70.362377,0,-0.26028110359188616
2011-11-01,sh.600261,19.1600,19.9700,19.0000,19.7100,19.1600,2235073,43979375.0000,3,0.753910,1,2.870600,5.877842,34.225508,3.180289,-72.382174,0,2.8705636743215024
2011-11-02,sh.600261,19.6400,20.9800,19.1900,20.6700,19.7100,7625364,154254768.0000,3,2.572103,1,4.870600,6.164130,35.892504,3.335189,-75.907638,0,4.87062404870624
2011-11-03,sh.600261,20.8500,22.1000,20.4500,20.8600,20.6700,15014837,323118664.0000,3,5.064638,1,0.919200,6.220791,36.222430,3.365847,-76.605386,0,0.919206579583931
2011-11-04,sh.600261,20.8800,21.1500,20.2900,20.5300,20.8600,6212334,128013940.0000,3,2.095475,1,-1.582000,6.122380,35.649400,3.312600,-75.393508,0,-1.5819750719079484
2011-11-07,sh.600261,20.8200,21.9800,20.7000,20.7700,20.5300,10222955,216663152.0000,3,3.448293,1,1.169000,6.193952,36.066149,3.351325,-76.274873,0,1.1690209449585875
2011-11-08,sh.600261,20.6800,20.6800,19.7500,19.9300,20.7700,6356461,127321201.0000,3,2.144091,1,-4.044300,5.943450,34.607528,3.215787,-73.190093,0,-4.044294655753489
2011-11-09,sh.600261,19.9500,20.1800,19.5000,20.1500,19.9300,5247952,104522226.0000,3,1.770181,1,1.103900,6.009058,34.989548,3.251285,-73.998012,0,1.1038635223281412
2011-11-10,sh.600261,19.7800,20.3000,19.6600,19.7500,20.1500,3330263,66570499.0000,3,1.123327,1,-1.985100,5.889771,34.294966,3.186744,-72.529068,0,-1.985111662531014
2011-11-11,sh.600261,19.6200,19.9400,19.5000,19.6900,19.7500,1968178,38784215.0000,3,0.663884,1,-0.303800,5.871878,34.190779,3.177062,-72.308727,0,-0.30379746835442756
2011-11-14,sh.600261,19.8700,20.8000,19.8400,20.5300,19.6900,7233948,148312784.0000,3,2.440075,1,4.266100,6.122380,35.649400,3.312600,-75.393508,0,4.2661249365159915
2011-11-15,sh.600261,20.5300,20.5300,20.5300,20.5300,20.5300,0,0.0000,3,,0,0.000000,6.122380,35.649400,3.312600,-75.393508,0,0.0
2011-11-16,sh.600261,20.5100,20.6700,19.4500,19.7500,20.5300,5242611,103957733.0000,3,1.768379,1,-3.799300,5.889771,34.294966,3.186744,-72.529068,0,-3.799318071115443
2011-11-17,sh.600261,19.7500,19.9500,19.5300,19.7500,19.7500,1943467,38455937.0000,3,0.655549,1,0.000000,5.889771,34.294966,3.186744,-72.529068,0,0.0
2011-11-18,sh.600261,19.5700,19.6000,18.4000,19.0600,19.7500,5579990,105099824.0000,3,1.882180,1,-3.493700,5.684002,33.096813,3.075409,-69.995141,0,-3.4936708860759613
2011-11-21,sh.600261,18.8800,18.9200,18.4500,18.7800,19.0600,1684312,31494082.0000,3,0.568133,1,-1.469000,5.600501,32.610606,3.030230,-68.966881,0,-1.4690451206715527
2011-11-22,sh.600261,18.4000,18.7500,18.2200,18.5100,18.7800,2456649,45403372.0000,3,0.828649,1,-1.437700,5.519983,32.141763,2.986665,-67.975345,0,-1.4376996805111841
2011-11-23,sh.600261,18.6200,18.8000,18.3100,18.4500,18.5100,1554871,28788946.0000,3,0.524472,1,-0.324100,5.502090,32.037576,2.976983,-67.755003,0,-0.32414910858996615
2011-11-24,sh.600261,18.2500,18.6500,18.1200,18.5600,18.4500,1727223,31909770.0000,3,0.582608,1,0.596200,5.534894,32.228586,2.994732,-68.158963,0,0.5962059620596261
2011-11-25,sh.600261,18.6200,18.6200,18.0000,18.0600,18.5600,1218818,22275338.0000,3,0.411118,1,-2.694000,5.385786,31.360359,2.914055,-66.322784,0,-2.6939655172413812
2011-11-28,sh.600261,18.1500,18.5500,18.1000,18.4800,18.0600,1430036,26289948.0000,3,0.482364,1,2.325600,5.511036,32.089670,2.981824,-67.865174,0,2.3255813953488413
2011-11-29,sh.600261,18.6500,19.0000,18.5000,18.8300,18.4800,2562325,48176775.0000,3,0.864295,1,1.893900,5.615412,32.697428,3.038298,-69.150499,0,1.8939393939393812
2011-11-30,sh.600261,18.8000,18.9900,17.5700,18.0900,18.8300,3064733,55726510.0000,3,1.033762,1,-3.929900,5.394732,31.412453,2.918896,-66.432954,0,-3.92989909718533
2011-12-01,sh.600261,18.7000,18.9000,18.4500,18.5000,18.0900,2571107,48088555.0000,3,0.867257,1,2.266400,5.517001,32.124399,2.985051,-67.938621,0,2.2664455500276404
2011-12-02,sh.600261,18.4300,18.5700,17.8500,17.9600,18.5000,961383,17373203.0000,3,0.324283,1,-2.918900,5.355964,31.186714,2.897920,-65.955548,0,-2.9189189189189113
2011-12-05,sh.600261,17.8000,17.9900,17.4500,17.9600,17.9600,1483580,26294628.0000,3,0.500425,1,0.000000,5.355964,31.186714,2.897920,-65.955548,0,0.0
2011-12-06,sh.600261,17.7800,18.2400,17.6200,18.2100,17.9600,935872,16830646.0000,3,0.315678,1,1.392000,5.430518,31.620827,2.938258,-66.873637,0,1.3919821826280598
2011-12-07,sh.600261,18.2800,18.4400,18.0900,18.4100,18.2100,686945,12575613.0000,3,0.231713,1,1.098300,5.490161,31.968118,2.970529,-67.608109,0,1.098297638660073
2011-12-08,sh.600261,18.4900,18.7300,18.2000,18.6800,18.4100,1230216,22788321.0000,3,0.414963,1,1.466600,5.570680,32.436960,3.014095,-68.599645,0,1.4665942422596334
2011-12-09,sh.600261,18.4400,19.0500,18.3600,18.9400,18.6800,2658679,49990068.0000,3,0.896796,1,1.391900,5.648216,32.888438,3.056047,-69.554459,0,1.3918629550321304
2011-12-12,sh.600261,18.9800,19.1000,18.2600,18.4600,18.9400,1245179,23133385.0000,3,0.420010,1,-2.534300,5.505072,32.054941,2.978597,-67.791727,0,-2.5343189017951406
2011-12-13,sh.600261,18.0000,18.2900,17.4200,17.4600,18.4600,1263504,22424928.0000,3,0.426191,1,-5.417100,5.206856,30.318487,2.817243,-64.119369,0,-5.417118093174434
2011-12-14,sh.600261,17.1700,17.7500,17.1700,17.5000,17.4600,1422042,24828948.0000,3,0.479667,1,0.229100,5.218784,30.387945,2.823697,-64.266263,0,0.22909507445589838
2011-12-15,sh.600261,17.1000,17.5500,16.9400,17.4000,17.5000,1203124,20815849.0000,3,0.405824,1,-0.571400,5.188963,30.214299,2.807561,-63.899027,0,-0.5714285714285783
2011-12-16,sh.600261,17.4000,17.9700,17.4000,17.9600,17.4000,598647,10525997.0000,3,0.201929,1,3.218400,5.355964,31.186714,2.897920,-65.955548,0,3.218390804597715
2011-12-19,sh.600261,17.9700,18.0800,17.4000,17.9700,17.9600,1070300,18999183.0000,3,0.361022,1,0.055700,5.358946,31.204078,2.899533,-65.992271,0,0.055679287305121505
2011-12-20,sh.600261,17.9000,18.2300,17.6300,17.7800,17.9700,885236,15913038.0000,3,0.298598,1,-1.057300,5.302285,30.874152,2.868876,-65.294523,0,-1.057317751808562
2011-12-21,sh.600261,17.8500,18.1700,17.1700,17.3600,17.7800,1009805,17696299.0000,3,0.340616,1,-2.362200,5.177034,30.144841,2.801107,-63.752133,0,-2.3622047244094557
2011-12-22,sh.600261,17.1600,17.4800,16.9500,17.3500,17.3600,783851,13503388.0000,3,0.264400,1,-0.057600,5.174052,30.127477,2.799494,-63.715409,0,-0.05760368663593196
2011-12-23,sh.600261,17.4000,17.4000,17.0000,17.0900,17.3500,1339043,22965911.0000,3,0.451671,1,-1.498600,5.096516,29.675999,2.757542,-62.760596,0,-1.4985590778098024
2011-12-26,sh.600261,17.1000,17.3200,17.0800,17.1100,17.0900,589192,10117872.0000,3,0.198740,1,0.117000,5.102480,29.710728,2.760769,-62.834044,0,0.1170275014628519
2011-12-27,sh.600261,17.0100,17.2000,16.6600,16.7900,17.1100,949382,16080478.0000,3,0.320235,1,-1.870300,5.007051,29.155062,2.709135,-61.658889,0,-1.8702513150204547
2011-12-28,sh.600261,16.6200,17.0900,16.5000,17.0000,16.7900,1224598,20456264.0000,3,0.413068,1,1.250700,5.069676,29.519718,2.743020,-62.430084,0,1.2507444907683185
2011-12-29,sh.600261,16.7400,17.0000,16.6100,16.9700,17.0000,919764,15502073.0000,3,0.310245,1,-0.176500,5.060730,29.467624,2.738179,-62.319913,0,-0.17647058823530015
2011-12-30,sh.600261,16.9000,17.3100,16.8900,17.2300,16.9700,961289,16450736.0000,3,0.324251,1,1.532100,5.138266,29.919102,2.780131,-63.274727,0,1.5321154979375473
2012-01-04,sh.600261,17.3100,17.4900,16.8300,16.8900,17.2300,775996,13224909.0000,3,0.261750,1,-1.973300,5.036873,29.328708,2.725271,-62.026125,0,-1.9733023795705185
2012-01-05,sh.600261,16.9800,16.9800,15.2800,15.7300,16.8900,4492925,71030006.0000,3,1.515503,1,-6.868000,4.690942,27.314421,2.538100,-57.766190,0,-6.867969212551806
2012-01-06,sh.600261,15.6900,15.7700,15.3700,15.6900,15.7300,1344478,20890415.0000,3,0.453504,1,-0.254300,4.679013,27.244963,2.531646,-57.619295,0,-0.254291163382081
2012-01-09,sh.600261,15.9700,16.3700,15.4600,16.3400,15.6900,553356,8927609.0000,3,0.186652,1,4.142800,4.872854,28.373658,2.636526,-60.006328,0,4.1427660930529076
2012-01-10,sh.600261,16.3500,17.1000,16.3300,16.9600,16.3400,864916,14507780.0000,3,0.291744,1,3.794400,5.057748,29.450260,2.736566,-62.283190,0,3.79436964504285
2012-01-11,sh.600261,16.9900,17.0900,16.7000,16.8200,16.9600,586300,9890737.0000,3,0.197764,1,-0.825500,5.015997,29.207156,2.713976,-61.769060,0,-0.8254716981132115
2012-01-12,sh.600261,16.8200,17.1000,16.7000,17.0100,16.8200,1372293,23174143.0000,3,0.462887,1,1.129600,5.072658,29.537082,2.744633,-62.466808,0,1.1296076099881258
2012-01-13,sh.600261,17.0300,17.0300,16.3000,16.7200,17.0100,707968,11773100.0000,3,0.238804,1,-1.704900,4.986176,29.033511,2.697841,-61.401824,0,-1.7048794826572733
2012-01-16,sh.600261,16.3000,16.6800,15.7300,15.7500,16.7200,1716819,27437175.0000,3,0.579098,1,-5.801400,4.696906,27.349150,2.541327,-57.839637,0,-5.8014354066985625
2012-01-17,sh.600261,15.8000,16.1500,15.4100,16.1400,15.7500,3250954,51716753.0000,3,1.096576,1,2.476200,4.813210,28.026367,2.604255,-59.271856,0,2.4761904761904763
2012-01-18,sh.600261,16.1500,16.2800,15.5700,15.6700,16.1400,1657337,26344563.0000,3,0.559034,1,-2.912000,4.673049,27.210234,2.528419,-57.545848,0,-2.9120198265179753
2012-01-19,sh.600261,15.6700,15.7900,15.2900,15.5700,15.6700,2620485,40633016.0000,3,0.883913,1,-0.638200,4.643227,27.036589,2.512283,-57.178612,0,-0.638162093171668
2012-01-20,sh.600261,15.6800,15.9900,15.3600,15.8000,15.5700,2119260,32964466.0000,3,0.714845,1,1.477200,4.711817,27.435973,2.549395,-58.023255,0,1.477199743095703
2012-01-30,sh.600261,15.8500,15.8900,15.4400,15.4500,15.8000,1619191,25332596.0000,3,0.546167,1,-2.215200,4.607441,26.828214,2.492921,-56.737929,0,-2.2151898734177333
2012-01-31,sh.600261,15.4500,15.5800,15.3800,15.5700,15.4500,974703,15059192.0000,3,0.328776,1,0.776700,4.643227,27.036589,2.512283,-57.178612,0,0.7766990291262266
2012-02-01,sh.600261,15.6000,16.3800,15.4800,15.9200,15.5700,3615246,57809156.0000,3,1.219455,1,2.247900,4.747603,27.644347,2.568757,-58.463938,0,2.247912652536921
2012-02-02,sh.600261,15.9000,16.1200,15.9000,16.1100,15.9200,1634848,26170924.0000,3,0.551449,1,1.193500,4.804264,27.974274,2.599415,-59.161686,0,1.193467336683418
2012-02-03,sh.600261,16.1500,16.9300,16.0500,16.7200,16.1100,6396460,106038435.0000,3,2.157583,1,3.786500,4.986176,29.033511,2.697841,-61.401824,0,3.7864680322780897
2012-02-06,sh.600261,16.7200,17.2000,16.5800,16.7000,16.7200,3365553,56853271.0000,3,1.135231,1,-0.119600,4.980211,28.998782,2.694614,-61.328377,0,-0.11961722488037507
2012-02-07,sh.600261,16.6200,16.8000,16.1800,16.3600,16.7000,1205279,19747856.0000,3,0.406551,1,-2.035900,4.878818,28.408387,2.639753,-60.079775,0,-2.035928143712573
2012-02-08,sh.600261,16.4100,16.8800,16.3100,16.8100,16.3600,1273732,21185792.0000,3,0.429641,1,2.750600,5.013015,29.189791,2.712363,-61.732336,0,2.750611246943757
2012-02-09,sh.600261,16.5900,17.0800,16.5900,16.9000,16.8100,1891921,31983749.0000,3,0.638162,1,0.535400,5.039855,29.346072,2.726884,-62.062848,0,0.5353955978584235
2012-02-10,sh.600261,16.7800,17.0200,16.7000,16.8300,16.9000,1030675,17410583.0000,3,0.347656,1,-0.414200,5.018980,29.224521,2.715590,-61.805783,0,-0.41420118343195034
2012-02-13,sh.600261,16.7500,17.3300,16.6000,17.1300,16.8300,3888706,66482614.0000,3,1.311695,1,1.782500,5.108444,29.745457,2.763996,-62.907491,0,1.7825311942959
2012-02-14,sh.600261,17.1300,17.6500,16.8600,17.1500,17.1300,1508123,25775209.0000,3,0.508703,1,0.116800,5.114409,29.780186,2.767223,-62.980938,0,0.11675423234092097
2012-02-15,sh.600261,16.8500,17.3600,16.6000,17.2700,17.1500,1321916,22678748.0000,3,0.445894,1,0.699700,5.150195,29.988560,2.786585,-63.421621,0,0.6997084548105104
2012-02-16,sh.600261,17.2700,17.3000,17.0200,17.1400,17.2700,732697,12581410.0000,3,0.247145,1,-0.752800,5.111427,29.762821,2.765609,-62.944214,0,-0.7527504342790925
2012-02-17,sh.600261,17.1400,17.2000,16.6900,16.8700,17.1400,1471011,24839408.0000,3,0.496185,1,-1.575300,5.030908,29.293979,2.722044,-61.952678,0,-1.5752625437572942
2012-02-20,sh.600261,17.0800,17.3400,16.9800,17.2100,16.8700,2557535,43865920.0000,3,0.862679,1,2.015400,5.132302,29.884373,2.776904,-63.201279,0,2.015411973918191
2012-02-21,sh.600261,17.1500,17.3800,16.9300,17.3700,17.2100,1606363,27513315.0000,3,0.541840,1,0.929700,5.180016,30.162206,2.802721,-63.788857,0,0.9296920395119201
2012-02-22,sh.600261,17.3900,18.3500,17.2700,18.1100,17.3700,3649462,65554986.0000,3,1.230996,1,4.260200,5.400696,31.447182,2.922123,-66.506401,0,4.260218767990787
2012-02-23,sh.600261,18.0000,18.3500,17.6400,17.8600,18.1100,2046251,36592109.0000,3,0.690219,1,-1.380500,5.326142,31.013068,2.881784,-65.588312,0,-1.38045278851463
2012-02-24,sh.600261,17.8400,17.9600,17.6800,17.9000,17.8600,1806608,32244467.0000,3,0.609385,1,0.224000,5.338071,31.082526,2.888239,-65.735206,0,0.2239641657334701
2012-02-27,sh.600261,17.8000,18.6000,17.8000,18.2000,17.9000,3541638,64893044.0000,3,1.194626,1,1.676000,5.427536,31.603462,2.936645,-66.836914,0,1.6759776536312998
2012-02-28,sh.600261,18.2000,18.2000,17.6400,18.0000,18.2000,1840014,32968993.0000,3,0.620653,1,-1.098900,5.367893,31.256172,2.904374,-66.102442,0,-1.098901098901095
2012-02-29,sh.600261,18.0000,18.5500,17.8100,18.1100,18.0000,2238119,40914583.0000,3,0.754937,1,0.611100,5.400696,31.447182,2.922123,-66.506401,0,0.6111111111111178
2012-03-01,sh.600261,18.1100,18.3000,17.8000,18.0600,18.1100,1692161,30508447.0000,3,0.570781,1,-0.276100,5.385786,31.360359,2.914055,-66.322784,0,-0.2760905577029349
2012-03-02,sh.600261,18.0000,18.7400,17.9300,18.6900,18.0600,3174519,58806659.0000,3,1.070793,1,3.488400,5.573662,32.454325,3.015708,-68.636369,0,3.488372093023262
2012-03-05,sh.600261,18.7500,19.0600,18.5000,18.5700,18.6900,2808570,52655934.0000,3,0.947356,1,-0.642100,5.537876,32.245950,2.996346,-68.195686,0,-0.6420545746388506
2012-03-06,sh.600261,18.6000,18.8000,18.4100,18.5800,18.5700,1765722,32815128.0000,3,0.595594,1,0.053900,5.540858,32.263315,2.997959,-68.232410,0,0.0538502961766163
2012-03-07,sh.600261,18.4200,18.7900,18.1100,18.1800,18.5800,2986154,55021653.0000,3,1.007256,1,-2.152900,5.421571,31.568733,2.933418,-66.763467,0,-2.152852529601712
2012-03-08,sh.600261,18.3500,18.6600,18.1500,18.4900,18.1800,4773025,88224305.0000,3,1.609984,1,1.705200,5.514019,32.107034,2.983437,-67.901897,0,1.7051705170517018
2012-03-09,sh.600261,18.4000,18.6300,18.1800,18.4200,18.4900,2468704,45377267.0000,3,0.832716,1,-0.378600,5.493143,31.985482,2.972143,-67.644832,0,-0.37858301784746695
2012-03-12,sh.600261,18.4200,18.8700,18.4200,18.7000,18.4200,9369421,174937729.0000,3,3.160389,1,1.520100,5.576644,32.471689,3.017322,-68.673093,0,1.5200868621063846
2012-03-13,sh.600261,18.6900,19.0100,18.5800,18.7900,18.7000,4073690,76713735.0000,3,1.374092,1,0.481300,5.603483,32.627970,3.031844,-69.003605,0,0.4812834224598994
2012-03-14,sh.600261,18.9600,18.9600,17.7000,17.9700,18.7900,4033310,74959042.0000,3,1.360471,1,-4.364000,5.358946,31.204078,2.899533,-65.992271,0,-4.3640234167110155
2012-03-15,sh.600261,17.8100,18.0000,17.3700,17.3900,17.9700,2070058,36521788.0000,3,0.698249,1,-3.227600,5.185981,30.196935,2.805948,-63.862304,0,-3.227601558152471
2012-03-16,sh.600261,17.5300,17.6900,17.2000,17.6000,17.3900,2569337,44915492.0000,3,0.866660,1,1.207600,5.248606,30.561590,2.839832,-64.633499,0,1.2075905692926936
2012-03-19,sh.600261,17.7500,18.0000,17.5500,17.9100,17.6000,1565512,27825199.0000,3,0.528061,1,1.761400,5.341053,31.099891,2.889852,-65.771930,0,1.7613636363636331
2012-03-20,sh.600261,17.9100,17.9100,17.2600,17.2800,17.9100,1115332,19498042.0000,3,0.376211,1,-3.517600,5.153177,30.005925,2.788199,-63.458344,0,-3.5175879396984855
2012-03-21,sh.600261,17.2800,17.5800,16.9600,17.1000,17.2800,2799035,48150164.0000,3,0.944139,1,-1.041700,5.099498,29.693363,2.759155,-62.797320,0,-1.041666666666663
2012-03-22,sh.600261,17.1000,17.1900,16.7500,16.8300,17.1000,1563380,26402485.0000,3,0.527342,1,-1.578900,5.018980,29.224521,2.715590,-61.805783,0,-1.5789473684210686
2012-03-23,sh.600261,16.9500,17.0900,16.7200,16.8000,16.8300,1106092,18656587.0000,3,0.373095,1,-0.178300,5.753543,33.501735,3.113035,-70.851495,0,-0.17825311942957223
2012-03-26,sh.600261,16.8000,16.9400,16.7000,16.9000,16.8000,650757,10942984.0000,3,0.219506,1,0.595200,5.787790,33.701150,3.131565,-71.273230,0,0.5952380952380931
2012-03-27,sh.600261,16.9800,17.3500,16.9800,17.0700,16.9000,1773864,30436802.0000,3,0.598340,1,1.005900,5.846010,34.040155,3.163066,-71.990179,0,1.0059171597633254
2012-03-28,sh.600261,17.1000,17.1000,16.5000,16.5700,17.0700,1505294,25028913.0000,3,0.507749,1,-2.929100,5.674774,33.043080,3.070416,-69.881504,0,-2.9291154071470427
2012-03-29,sh.600261,16.4100,16.6400,16.2100,16.3800,16.5700,969700,15922238.0000,3,0.327088,1,-1.146700,5.609704,32.664191,3.035209,-69.080207,0,-1.1466505733252919
2012-03-30,sh.600261,16.3900,16.8200,16.3000,16.5300,16.3800,1269419,20927399.0000,3,0.428186,1,0.915800,5.661075,32.963314,3.063004,-69.712810,0,0.9157509157509347
2012-04-05,sh.600261,16.6000,17.1000,16.5600,17.0100,16.5300,1377491,23192937.0000,3,0.464640,1,2.903800,5.825462,33.920506,3.151948,-71.737138,0,2.9038112522685955
2012-04-06,sh.600261,17.0800,17.2000,16.8200,17.0000,17.0100,1367009,23332957.0000,3,0.461104,1,-0.058800,5.822037,33.900565,3.150095,-71.694965,0,-0.058788947677845815
2012-04-09,sh.600261,16.8800,17.0100,16.6800,16.7000,17.0000,508474,8546962.0000,3,0.171513,1,-1.764700,5.719295,33.302320,3.094505,-70.429759,0,-1.764705882352946
2012-04-10,sh.600261,16.8200,16.8900,16.5300,16.8500,16.7000,441498,7367502.0000,3,0.148921,1,0.898200,5.770666,33.601442,3.122300,-71.062362,0,0.8982035928143839
2012-04-11,sh.600261,16.8800,17.5800,16.5500,17.3900,16.8500,2900148,50230877.0000,3,0.978246,1,3.204700,5.955601,34.678284,3.222362,-73.339732,0,3.2047477744806985
2012-04-12,sh.600261,17.4600,17.9400,17.4600,17.8000,17.3900,2115703,37627935.0000,3,0.713645,1,2.357700,6.096015,35.495886,3.298335,-75.068845,0,2.357676825761934
2012-04-13,sh.600261,17.7800,18.0000,17.6100,17.7500,17.8000,2276267,40576183.0000,3,0.767805,1,-0.280900,6.078892,35.396178,3.289070,-74.857978,0,-0.2808988764045006
2012-04-16,sh.600261,17.5600,18.1700,17.5600,18.1000,17.7500,1915580,34524087.0000,3,0.646142,1,1.971800,6.198757,36.094131,3.353925,-76.334051,0,1.9718309859154903
2012-04-17,sh.600261,18.0000,18.0000,17.4200,17.8000,18.1000,2696323,47696151.0000,3,0.909494,1,-1.657500,5.895396,34.025661,3.252798,-627.749102,0,-1.6574585635359185
2012-04-18,sh.600261,17.7600,18.0000,17.6000,17.9000,17.8000,1615742,28834136.0000,3,0.545004,1,0.561800,5.928516,34.216817,3.271073,-631.275783,0,0.561797752808979
2012-04-19,sh.600261,17.9000,17.9100,17.3600,17.4300,17.9000,1313412,23127554.0000,3,0.443026,1,-2.625700,5.772851,33.318386,3.185184,-614.700385,0,-2.625698324022341
2012-04-20,sh.600261,17.5000,17.7300,17.3000,17.6100,17.4300,1143163,20069731.0000,3,0.385599,1,1.032700,5.832468,33.662466,3.218078,-621.048410,0,1.0327022375215211
2012-04-23,sh.600261,17.7000,17.7400,17.4300,17.5300,17.6100,415220,7278236.0000,3,0.140057,1,-0.454300,5.805971,33.509542,3.203458,-618.227066,0,-0.4542873367404776
2012-04-24,sh.600261,17.4100,17.8100,16.6300,17.1000,17.5300,1278435,21978362.0000,3,0.431227,1,-2.452900,3.261545,31.124253,3.001230,7.811728,0,-2.452937820878487
2012-04-25,sh.600261,17.1000,17.3600,16.8800,17.2900,17.1000,674109,11567211.0000,3,0.227383,1,1.111100,3.297784,31.470078,3.034577,7.898525,0,1.1111111111111072
2012-04-26,sh.600261,17.2600,18.0000,16.9500,17.3100,17.2900,1076975,18751322.0000,3,0.363273,1,0.115700,3.301599,31.506481,3.038088,7.907661,0,0.11567379988433046
2012-04-27,sh.600261,17.4600,17.7200,17.1800,17.3000,17.3100,1196504,20796525.0000,3,0.403591,1,-0.057800,3.299692,31.488280,3.036332,7.903093,0,-0.05777007510108234
2012-05-02,sh.600261,17.5100,17.8300,17.2800,17.7900,17.3000,2843369,50296623.0000,3,0.959094,1,2.832400,3.393151,32.380144,3.122333,8.126938,0,2.832369942196533
2012-05-03,sh.600261,17.7200,17.8600,17.6800,17.7000,17.7900,1011137,17920380.0000,3,0.341065,1,-0.505900,3.375985,32.216332,3.106537,8.085824,0,-0.5059021922428353
2012-05-04,sh.600261,17.8200,17.9500,17.5500,17.8500,17.7000,2530554,45018742.0000,3,0.853578,1,0.847500,3.404595,32.489352,3.132863,8.154348,0,0.847457627118664
2012-05-07,sh.600261,17.8500,17.8500,17.8500,17.8500,17.8500,0,0.0000,3,,0,0.000000,3.404595,32.489352,3.132863,8.154348,0,0.0
2012-05-08,sh.600261,17.9600,18.4000,17.9000,17.9700,17.8500,3997127,72325490.0000,3,1.348266,1,0.672300,3.427483,32.707768,3.153925,8.209167,0,0.6722689075630006
2012-05-09,sh.600261,17.9000,17.9000,17.5000,17.6600,17.9700,658553,11617503.0000,3,0.222136,1,-1.725100,3.368356,32.143527,3.099516,8.067551,0,-1.7250973845297612
2012-05-10,sh.600261,17.6500,17.6500,17.4400,17.5200,17.6600,946560,16632340.0000,3,0.319283,1,-0.792800,3.341653,31.888709,3.074945,8.003595,0,-0.7927519818799578
2012-05-11,sh.600261,17.6400,17.7400,17.4000,17.5500,17.5200,464555,8183656.0000,3,0.156699,1,0.171200,3.347375,31.943313,3.080210,8.017300,0,0.1712328767123461
2012-05-14,sh.600261,17.6600,17.9700,17.5000,17.7400,17.5500,1746678,31073701.0000,3,0.589170,1,1.082600,3.383614,32.289138,3.113557,8.104097,0,1.0826210826210714
2012-05-15,sh.600261,17.7400,18.2900,17.7400,17.9600,17.7400,3530733,63638627.0000,3,1.190948,1,1.240100,3.425576,32.689567,3.152169,8.204598,0,1.2401352874859217
2012-05-16,sh.600261,17.8800,18.4800,17.8000,18.2100,17.9600,2489076,45332900.0000,3,0.839587,1,1.392000,3.473259,33.144600,3.196047,8.318805,0,1.3919821826280598
2012-05-17,sh.600261,18.6400,18.9800,18.1000,18.1700,18.2100,6161226,113319474.0000,3,2.078236,1,-0.219700,3.465630,33.071794,3.189027,8.300532,0,-0.21965952773200792
2012-05-18,sh.600261,17.8600,17.8600,17.2900,17.5000,18.1700,2353832,41154121.0000,3,0.793968,1,-3.687400,3.337838,31.852306,3.071435,7.994458,0,-3.6873968079251584
2012-05-21,sh.600261,17.3000,17.5500,17.0700,17.1600,17.5000,2174796,37372296.0000,3,0.733578,1,-1.942900,3.272989,31.233461,3.011761,7.839138,0,-1.9428571428571462
2012-05-22,sh.600261,17.2100,17.9800,17.2100,17.8400,17.1600,2826610,50050111.0000,3,0.953441,1,3.962700,3.402688,32.471151,3.131108,8.149779,0,3.9627039627039506
2012-05-23,sh.600261,11.7900,12.0000,11.4100,11.6000,11.7900,2094619,24317625.0000,3,0.471022,1,-1.611500,3.318765,31.670293,3.053884,7.948776,0,-34.97757847533632
2012-05-24,sh.600261,11.5000,11.8800,11.4200,11.7000,11.6000,3607290,42267215.0000,3,0.811181,1,0.862100,3.347375,31.943313,3.080210,8.017300,0,0.8620689655172376
2012-05-25,sh.600261,11.7800,11.8500,11.5600,11.7000,11.7000,1157934,13590097.0000,3,0.260388,1,0.000000,3.347375,31.943313,3.080210,8.017300,0,0.0
2012-05-28,sh.600261,11.7500,12.1000,11.7500,11.9600,11.7000,4303109,51308319.0000,3,0.967651,1,2.222200,3.421761,32.653164,3.148659,8.195462,0,2.2222222222222365
2012-05-29,sh.600261,11.9500,12.6500,11.8000,12.5300,11.9600,11411929,141613233.0000,3,2.566230,1,4.765900,3.584838,34.209377,3.298721,8.586048,0,4.765886287625398
2012-05-30,sh.600261,12.4400,13.0000,12.3300,12.8000,12.5300,7584898,96569828.0000,3,1.705636,1,2.154800,3.662085,34.946530,3.369803,8.771063,0,2.154828411811671
2012-05-31,sh.600261,12.6200,13.2500,12.6200,12.7600,12.8000,4579436,59031927.0000,3,1.029790,1,-0.312500,3.650641,34.837322,3.359272,8.743653,0,-0.31250000000000444
2012-06-01,sh.600261,12.7600,12.9600,12.3100,12.4800,12.7600,4870574,60949212.0000,3,1.095259,1,-2.194400,3.570533,34.072867,3.285557,8.551786,0,-2.1943573667711602
2012-06-04,sh.600261,12.2800,12.5000,11.9800,12.1900,12.4800,4270229,52068620.0000,3,0.960257,1,-2.323700,3.487564,33.281109,3.209210,8.353067,0,-2.3237179487179516
2012-06-05,sh.600261,12.2100,12.4000,12.0700,12.2100,12.1900,2410819,29406754.0000,3,0.542127,1,0.164100,3.493286,33.335713,3.214476,8.366772,0,0.1640689089417613
2012-06-06,sh.600261,12.4500,13.0800,11.9800,12.2000,12.2100,6866692,85537531.0000,3,1.544131,1,-0.081900,3.490425,33.308411,3.211843,8.359919,0,-0.08190008190009923
2012-06-07,sh.600261,12.2900,12.4000,12.1000,12.1800,12.2000,3011591,37013171.0000,3,0.677224,1,-0.163900,3.484703,33.253807,3.206578,8.346215,0,-0.16393442622950616
2012-06-08,sh.600261,12.2500,12.3300,11.6500,12.0500,12.1800,2476208,29642752.0000,3,0.556831,1,-1.067300,3.447510,32.898882,3.172353,8.257134,0,-1.0673234811165777
2012-06-11,sh.600261,11.9000,12.3600,11.7300,12.3400,12.0500,4447132,53802401.0000,3,1.000038,1,2.406600,3.530479,33.690639,3.248700,8.455853,0,2.406639004149369
2012-06-12,sh.600261,12.3600,12.7900,12.1900,12.5400,12.3400,4604110,57669365.0000,3,1.035338,1,1.620700,3.587699,34.236679,3.301353,8.592901,0,1.620745542949753
2012-06-13,sh.600261,12.5000,12.7800,12.4500,12.6800,12.5400,3541615,44860425.0000,3,0.796412,1,1.116400,3.627753,34.618906,3.338211,8.688834,0,1.1164274322169154
2012-06-14,sh.600261,12.6700,12.6700,12.3600,12.3800,12.6800,2290790,28637595.0000,3,0.515136,1,-2.365900,3.541923,33.799847,3.259231,8.483262,0,-2.3659305993690816
2012-06-15,sh.600261,12.3500,12.6500,12.3500,12.6300,12.3800,2457229,30844837.0000,3,0.552563,1,2.019400,3.613448,34.482396,3.325047,8.654572,0,2.0193861066235774
2012-06-18,sh.600261,12.7000,12.9300,12.6000,12.9100,12.6300,3111729,39796392.0000,3,0.699743,1,2.216900,3.693557,35.246852,3.398762,8.846439,0,2.2169437846397466
2012-06-19,sh.600261,12.8500,12.8500,12.5000,12.5800,12.9100,1916671,24301810.0000,3,0.431007,1,-2.556200,3.599143,34.345887,3.311884,8.620310,0,-2.5561580170410547
2012-06-20,sh.600261,12.5900,12.7100,12.1800,12.3900,12.5800,2264482,27983607.0000,3,0.509220,1,-1.510300,3.544784,33.827149,3.261864,8.490115,0,-1.5103338632750374
2012-06-21,sh.600261,12.3200,12.3400,12.1200,12.3300,12.3900,1059503,12944030.0000,3,0.238253,1,-0.484300,3.527618,33.663337,3.246068,8.449001,0,-0.4842615012106588
2012-06-25,sh.600261,12.2500,12.3100,11.8900,11.9300,12.3300,801801,9691755.0000,3,0.180303,1,-3.244100,3.413178,32.571258,3.140761,8.174905,0,-3.2441200324412
2012-06-26,sh.600261,11.9000,12.0000,11.6500,11.7500,11.9300,1897599,22471643.0000,3,0.426718,1,-1.508800,3.361680,32.079822,3.093373,8.051562,0,-1.5088013411567402
2012-06-27,sh.600261,11.6200,11.8700,11.6000,11.8500,11.7500,2617247,30774925.0000,3,0.588547,1,0.851100,3.390290,32.352842,3.119700,8.120086,0,0.8510638297872353
2012-06-28,sh.600261,11.8500,11.8800,11.5900,11.7700,11.8500,1540866,18050568.0000,3,0.346499,1,-0.675100,3.367402,32.134426,3.098639,8.065266,0,-0.6751054852320637
2012-06-29,sh.600261,11.7300,11.9100,11.3800,11.9000,11.7700,3141646,36395237.0000,3,0.706470,1,1.104500,3.404595,32.489352,3.132863,8.154348,0,1.1045029736618694
2012-07-02,sh.600261,11.8500,12.0300,11.6100,12.0200,11.9000,5771973,68172774.0000,3,1.297958,1,1.008400,3.438927,32.816976,3.164455,8.236576,0,1.0084033613445342
2012-07-03,sh.600261,12.0000,12.1500,11.8000,12.0100,12.0200,3472382,41508700.0000,3,0.780843,1,-0.083200,3.436066,32.789674,3.161823,8.229724,0,-0.08319467554076532
2012-07-04,sh.600261,12.0300,12.0300,11.6500,11.7800,12.0100,2203188,26031582.0000,3,0.495437,1,-1.915100,3.370263,32.161728,3.101271,8.072119,0,-1.9150707743547102
2012-07-05,sh.600261,11.7900,11.7900,11.1000,11.3300,11.7800,4144533,46700452.0000,3,0.931992,1,-3.820000,3.241518,30.933139,2.982802,7.763761,0,-3.8200339558573826
2012-07-06,sh.600261,11.3300,11.3300,10.5600,11.2600,11.3300,5683281,62316527.0000,3,1.278014,1,-0.617800,3.221491,30.742026,2.964373,7.715794,0,-0.6178287731685828
2012-07-09,sh.600261,11.1000,11.1100,10.6000,10.6500,11.2600,3203167,34785141.0000,3,0.720304,1,-5.417400,3.046970,29.076605,2.803781,7.297798,0,-5.417406749555942
2012-07-10,sh.600261,10.6000,10.6900,10.2600,10.6300,10.6500,5163664,54085988.0000,3,1.161166,1,-0.187800,3.041248,29.022001,2.798516,7.284094,0,-0.187793427230043
2012-07-11,sh.600261,10.5500,10.8900,10.5500,10.8300,10.6300,1290061,13902062.0000,3,0.290099,1,1.881500,3.098468,29.568041,2.851169,7.421142,0,1.881467544684856
2012-07-12,sh.600261,10.8900,11.1500,10.6000,11.0900,10.8300,4126068,44987468.0000,3,0.927840,1,2.400700,3.172854,30.277892,2.919618,7.599304,0,2.4007386888273308
2012-07-13,sh.600261,10.9700,11.1400,10.8800,10.9800,11.0900,1397783,15425778.0000,3,0.314323,1,-0.991900,3.141383,29.977570,2.890659,7.523927,0,-0.9918845807033283
2012-07-16,sh.600261,10.8500,11.0100,10.5000,10.7700,10.9800,1503585,16064210.0000,3,0.338115,1,-1.912600,3.081302,29.404229,2.835373,7.380027,0,-1.9125683060109422
2012-07-17,sh.600261,10.7500,11.0500,10.5800,10.9600,10.7700,1144427,12531883.0000,3,0.257350,1,1.764200,3.135661,29.922966,2.885393,7.510223,0,1.7641597028783762
2012-07-18,sh.600261,10.8500,11.1300,10.8500,11.1100,10.9600,822457,9078385.0000,3,0.184948,1,1.368600,3.178576,30.332496,2.924883,7.613009,0,1.3686131386861256
2012-07-19,sh.600261,11.1100,11.2400,11.0500,11.0800,11.1100,889809,9928540.0000,3,0.200094,1,-0.270000,3.169993,30.250590,2.916985,7.592451,0,-0.27002700270026825
2012-07-20,sh.600261,11.0000,11.1200,10.7500,10.8500,11.0800,1054844,11472593.0000,3,0.237205,1,-2.075800,3.104190,29.622645,2.856434,7.434846,0,-2.0758122743682383
2012-07-23,sh.600261,10.8500,10.9400,10.6000,10.8600,10.8500,616632,6662768.0000,3,0.138664,1,0.092200,3.107051,29.649947,2.859067,7.441699,0,0.09216589861751334
2012-07-24,sh.600261,10.8000,10.9700,10.6800,10.9100,10.8600,698000,7552327.0000,3,0.156961,1,0.460400,3.121356,29.786456,2.872230,7.475961,0,0.4604051565377576
2012-07-25,sh.600261,10.9100,10.9100,10.7200,10.9100,10.9100,766102,8273120.0000,3,0.172275,1,0.000000,3.121356,29.786456,2.872230,7.475961,0,0.0
2012-07-26,sh.600261,10.9100,10.9200,10.7000,10.8300,10.9100,1713684,18554673.0000,3,0.385361,1,-0.733300,3.098468,29.568041,2.851169,7.421142,0,-0.7332722273143966
2012-07-27,sh.600261,10.8500,11.0200,10.8000,10.9000,10.8300,1110464,12120461.0000,3,0.249713,1,0.646400,3.118495,29.759154,2.869597,7.469108,0,0.6463527239150446
2012-07-30,sh.600261,10.9100,10.9400,10.7500,10.7800,10.9000,498851,5388897.0000,3,0.112178,1,-1.100900,3.084163,29.431531,2.838006,7.386880,0,-1.1009174311926717
2012-07-31,sh.600261,10.7000,10.7500,10.3700,10.4600,10.7800,2033281,21294940.0000,3,0.457229,1,-2.968500,2.992610,28.557867,2.753761,7.167603,0,-2.9684601113172393
2012-08-01,sh.600261,10.4600,10.6800,10.4600,10.6000,10.4600,1300079,13764095.0000,3,0.292352,1,1.338400,3.032665,28.940095,2.790618,7.263537,0,1.338432122370925
2012-08-02,sh.600261,10.6000,10.8200,10.6000,10.7400,10.6000,976996,10499542.0000,3,0.219700,1,1.320800,3.072719,29.322323,2.827475,7.359470,0,1.3207547169811429
2012-08-03,sh.600261,10.8900,11.0300,10.6000,10.9600,10.7400,1052624,11497402.0000,3,0.236706,1,2.048400,3.135661,29.922966,2.885393,7.510223,0,2.0484171322160183
2012-08-06,sh.600261,10.9900,11.3300,10.8300,11.3100,10.9600,2033074,22727636.0000,3,0.457183,1,3.193400,3.235796,30.878535,2.977536,7.750056,0,3.193430656934293
2012-08-07,sh.600261,11.3300,11.4000,11.1900,11.3400,11.3100,1118359,12626248.0000,3,0.251488,1,0.265300,3.244379,30.960441,2.985434,7.770614,0,0.2652519893899141
2012-08-08,sh.600261,11.3500,11.3600,11.0100,11.1800,11.3400,742438,8295619.0000,3,0.166954,1,-1.410900,3.198603,30.523610,2.943312,7.660975,0,-1.4109347442680775
2012-08-09,sh.600261,11.1300,11.2700,10.9700,11.2600,11.1800,1911839,21293685.0000,3,0.429920,1,0.715600,3.221491,30.742026,2.964373,7.715794,0,0.7155635062611854
2012-08-10,sh.600261,11.2800,11.5500,11.2100,11.4100,11.2600,2192401,24977016.0000,3,0.493011,1,1.332100,3.264406,31.151555,3.003863,7.818580,0,1.3321492007104752
2012-08-13,sh.600261,11.3600,11.4300,10.9900,11.2800,11.4100,1704226,19127016.0000,3,0.383234,1,-1.139400,3.227213,30.796630,2.969638,7.729499,0,-1.1393514460999232
2012-08-14,sh.600261,11.2600,11.2600,10.7300,11.0200,11.2800,2780002,30260634.0000,3,0.625146,1,-2.305000,3.152827,30.086778,2.901189,7.551337,0,-2.3049645390070927
2012-08-15,sh.600261,10.9900,11.0900,10.7700,10.8900,11.0200,683519,7458055.0000,3,0.153705,1,-1.179700,3.115634,29.731852,2.866965,7.462256,0,-1.1796733212341093
2012-08-16,sh.600261,10.8400,10.9500,10.8300,10.8900,10.8900,419706,4566536.0000,3,0.094380,1,0.000000,3.115634,29.731852,2.866965,7.462256,0,0.0
2012-08-17,sh.600261,10.8900,11.0900,10.8000,10.9600,10.8900,1118470,12242638.0000,3,0.251513,1,0.642800,3.135661,29.922966,2.885393,7.510223,0,0.6427915518824712
2012-08-20,sh.600261,10.8800,11.0800,10.8000,11.0000,10.9600,773825,8499867.0000,3,0.174012,1,0.365000,3.147105,30.032174,2.895924,7.537632,0,0.36496350364962904
2012-08-21,sh.600261,11.0000,11.0300,10.5000,10.5600,11.0000,8460611,90688377.0000,3,1.902559,1,-4.000000,3.066658,28.308746,2.738757,8.754352,0,-3.9999999999999925
2012-08-22,sh.600261,10.5300,10.5300,10.0000,10.3400,10.5600,10159656,103418278.0000,3,2.284628,1,-2.083300,3.002770,27.718981,2.681700,8.571970,0,-2.083333333333337
2012-08-23,sh.600261,10.2000,10.2400,10.0000,10.0500,10.3400,4689347,47394991.0000,3,1.054506,1,-2.804600,2.918553,26.941563,2.606488,8.331557,0,-2.8046421663442844
2012-08-24,sh.600261,10.0500,10.1600,9.9300,9.9800,10.0500,2172147,21739193.0000,3,0.488456,1,-0.696500,2.898224,26.753910,2.588333,8.273526,0,-0.6965174129353269
2012-08-27,sh.600261,9.9800,10.0700,9.6600,9.7300,9.9800,2255065,22139216.0000,3,0.507102,1,-2.505000,2.825624,26.083722,2.523495,8.066274,0,-2.505010020040077
2012-08-28,sh.600261,9.7300,9.8000,9.3800,9.5000,9.7300,3448734,32756753.0000,3,0.775526,1,-2.363800,2.758831,25.467149,2.463844,7.875601,0,-2.3638232271325887
2012-08-29,sh.600261,9.5000,9.7600,9.4600,9.4700,9.5000,8228014,78761469.0000,3,1.850255,1,-0.315800,2.750119,25.386726,2.456064,7.850731,0,-0.3157894736842026
2012-08-30,sh.600261,9.3900,9.4700,8.8000,8.8500,9.4700,5953901,53834658.0000,3,1.338869,1,-6.546989,2.570069,23.724660,2.295265,7.336744,0,-6.546990496304128
2012-08-31,sh.600261,8.8500,9.1400,8.8000,9.1000,8.8500,2909036,26017561.0000,3,0.654162,1,2.824900,2.642670,24.394848,2.360103,7.543997,0,2.824858757062154
2012-09-03,sh.600261,9.0300,9.1800,8.9600,9.1000,9.1000,3098200,28225273.0000,3,0.696700,1,0.000000,2.642670,24.394848,2.360103,7.543997,0,0.0
2012-09-04,sh.600261,9.1000,9.3000,8.9000,8.9100,9.1000,4563828,41737098.0000,3,1.026280,1,-2.087900,2.587493,23.885505,2.310827,7.386485,0,-2.0879120879120805
2012-09-05,sh.600261,8.9100,9.0500,8.7000,8.9500,8.9100,3447550,30705116.0000,3,0.775259,1,0.448900,2.599109,23.992735,2.321201,7.419645,0,0.44893378226711356
2012-09-06,sh.600261,8.9300,9.1000,8.9000,9.0700,8.9500,2619932,23582105.0000,3,0.589151,1,1.340800,2.633957,24.314425,2.352323,7.519127,0,1.3407821229050487
2012-09-07,sh.600261,9.1500,9.5800,9.1500,9.3700,9.0700,7560422,70807233.0000,3,1.700132,1,3.307600,2.721078,25.118651,2.430129,7.767830,0,3.3076074972436587
2012-09-10,sh.600261,9.4400,9.5600,9.3200,9.4700,9.3700,6870152,64879718.0000,3,1.544909,1,1.067200,2.750119,25.386726,2.456064,7.850731,0,1.067235859124871
2012-09-11,sh.600261,9.4400,9.5000,9.3200,9.4800,9.4700,4974897,46738163.0000,3,1.118718,1,0.105600,2.753023,25.413534,2.458657,7.859021,0,0.10559662090812161
2012-09-12,sh.600261,9.4900,9.5800,9.3000,9.3700,9.4800,3907164,36682493.0000,3,0.878614,1,-1.160300,2.721078,25.118651,2.430129,7.767830,0,-1.1603375527426296
2012-09-13,sh.600261,9.3900,9.4600,9.2000,9.2100,9.3700,3580957,33256806.0000,3,0.805259,1,-1.707600,2.674614,24.689730,2.388632,7.635188,0,-1.7075773745997669
2012-09-14,sh.600261,9.2600,9.2900,8.8700,9.0300,9.2100,5436335,49175612.0000,3,1.222483,1,-1.954400,2.622341,24.207195,2.341949,7.485966,0,-1.9543973941368198
2012-09-17,sh.600261,9.0200,9.0200,8.7800,8.7900,9.0300,3699166,32761562.0000,3,0.831841,1,-2.657800,2.552645,23.563814,2.279704,7.287004,0,-2.657807308970106
2012-09-18,sh.600261,8.7200,8.8400,8.7000,8.7600,8.7900,1970636,17302819.0000,3,0.443142,1,-0.341300,2.543932,23.483392,2.271924,7.262133,0,-0.341296928327639
2012-09-19,sh.600261,8.8100,9.1000,8.7500,9.0900,8.7600,4785889,42864031.0000,3,1.076215,1,3.767100,2.639766,24.368040,2.357510,7.535707,0,3.767123287671237
2012-09-20,sh.600261,9.0800,9.0800,8.7700,8.8100,9.0900,2576994,23053832.0000,3,0.579495,1,-3.080300,2.558453,23.617429,2.284891,7.303584,0,-3.0803080308030695
2012-09-21,sh.600261,8.8100,8.9600,8.6600,8.9400,8.8100,2558680,22570914.0000,3,0.575377,1,1.475600,2.596205,23.965927,2.318607,7.411355,0,1.4755959137343844
2012-09-24,sh.600261,9.3100,9.4500,9.0500,9.2200,8.9400,6535033,60367764.0000,3,1.469550,1,3.132000,2.677518,24.716538,2.391226,7.643478,0,3.1319910514541416
2012-09-25,sh.600261,9.0200,9.2000,8.9000,8.9100,9.2200,3631181,32789478.0000,3,0.816553,1,-3.362300,2.587493,23.885505,2.310827,7.386485,0,-3.3622559652928485
2012-09-26,sh.600261,8.8100,8.8900,8.4500,8.7300,8.9100,3074972,26614230.0000,3,0.691477,1,-2.020200,2.535220,23.402969,2.264143,7.237263,0,-2.020202020202022
2012-09-27,sh.600261,8.6000,8.9100,8.6000,8.8100,8.7300,5318612,46475266.0000,3,1.196010,1,0.916400,2.558453,23.617429,2.284891,7.303584,0,0.9163802978235935
2012-09-28,sh.600261,8.7600,8.7800,8.5700,8.6300,8.8100,10430366,90013301.0000,3,2.345503,1,-2.043100,2.506180,23.134894,2.238208,7.154362,0,-2.0431328036322305
2012-10-08,sh.600261,8.6600,8.6800,8.4500,8.4900,8.6300,6404487,54588530.0000,3,1.440193,1,-1.622200,2.465524,22.759589,2.201899,7.038300,0,-1.6222479721900385
2012-10-09,sh.600261,8.5000,9.3400,8.5000,9.3400,8.4900,19722086,177058655.0000,3,4.434956,1,10.011800,2.712366,25.038228,2.422348,7.742959,0,10.011778563015316
2012-10-10,sh.600261,9.2900,9.3700,9.1500,9.3400,9.3400,13937086,129460678.0000,3,3.134068,1,0.000000,2.712366,25.038228,2.422348,7.742959,0,0.0
2012-10-11,sh.600261,9.2800,9.5800,9.2000,9.2400,9.3400,12052259,113209476.0000,3,2.710222,1,-1.070700,2.683326,24.770153,2.396413,7.660058,0,-1.0706638115631661
2012-10-12,sh.600261,9.2600,9.3200,8.9200,8.9400,9.2400,7716501,70208080.0000,3,1.735229,1,-3.246800,2.596205,23.965927,2.318607,7.411355,0,-3.2467532467532534
2012-10-15,sh.600261,8.9600,8.9900,8.7900,8.9100,8.9400,2971471,26327048.0000,3,0.668202,1,-0.335600,2.587493,23.885505,2.310827,7.386485,0,-0.3355704697986517
2012-10-16,sh.600261,8.9000,9.3600,8.9000,9.2200,8.9100,8391473,76945324.0000,3,1.887012,1,3.479200,2.677518,24.716538,2.391226,7.643478,0,3.479236812570141
2012-10-17,sh.600261,9.1800,9.2500,8.9500,9.1600,9.2200,4166903,37967404.0000,3,0.937022,1,-0.650800,2.660094,24.555693,2.375665,7.593737,0,-0.6507592190889477
2012-10-18,sh.600261,9.1500,9.3600,9.1500,9.2600,9.1600,5931650,55105071.0000,3,1.333865,1,1.091700,2.689134,24.823768,2.401600,7.676639,0,1.091703056768556
2012-10-19,sh.600261,9.2900,9.3900,9.2000,9.3100,9.2600,3535568,32805481.0000,3,0.795052,1,0.539959,2.703654,24.957806,2.414567,7.718089,0,0.5399568034557323
2012-10-22,sh.600261,9.3300,9.3400,9.1400,9.2700,9.3100,3492112,32333774.0000,3,0.785280,1,-0.429600,2.692038,24.850576,2.404193,7.684929,0,-0.42964554242750363
2012-10-23,sh.600261,9.2700,9.3000,9.0800,9.1100,9.2700,2361146,21669676.0000,3,0.530957,1,-1.726000,2.645574,24.421655,2.362697,7.552287,0,-1.7259978425027023
2012-10-24,sh.600261,9.1000,9.1000,8.9400,9.0100,9.1100,2450085,22054564.0000,3,0.550957,1,-1.097700,2.616533,24.153580,2.336762,7.469386,0,-1.0976948408342402
2012-10-25,sh.600261,8.9500,9.0700,8.8200,8.8200,9.0100,2359869,21061196.0000,3,0.530670,1,-2.108800,2.561357,23.644237,2.287485,7.311874,0,-2.1087680355160843
2012-10-26,sh.600261,8.7100,8.8500,8.5700,8.6000,8.8200,2115025,18339626.0000,3,0.475611,1,-2.494300,2.402724,24.628404,2.175930,8.401173,0,-2.4943310657596474
2012-10-29,sh.600261,8.6100,8.7300,8.5400,8.5900,8.6000,1348437,11662336.0000,3,0.303226,1,-0.116300,2.399930,24.599766,2.173400,8.391404,0,-0.11627906976744429
2012-10-30,sh.600261,8.6000,8.6900,8.4700,8.4900,8.5900,2142176,18337227.0000,3,0.481717,1,-1.164100,2.371992,24.313390,2.148099,8.293716,0,-1.1641443538998764
2012-10-31,sh.600261,8.4900,8.6400,8.4800,8.5600,8.4900,2403809,20555601.0000,3,0.540551,1,0.824500,2.391549,24.513853,2.165810,8.362098,0,0.8244994110718551
2012-11-01,sh.600261,8.5900,8.9000,8.5900,8.8600,8.5600,3473412,30491862.0000,3,0.781075,1,3.504700,2.475365,25.372984,2.241714,8.655162,0,3.504672897196248
2012-11-02,sh.600261,8.8400,9.1400,8.7700,9.0100,8.8600,3357551,30227743.0000,3,0.755021,1,1.693000,2.517273,25.802549,2.279667,8.801694,0,1.6930022573363512
2012-11-05,sh.600261,9.0300,9.2500,8.9000,9.0900,9.0100,4348893,39654773.0000,3,0.977947,1,0.887900,2.539624,26.031650,2.299908,8.879844,0,0.8879023307436285
2012-11-06,sh.600261,9.0500,9.0700,8.7500,8.9000,9.0900,2667407,23731913.0000,3,0.599827,1,-2.090200,2.486540,25.487534,2.251835,8.694237,0,-2.0902090209020896
2012-11-07,sh.600261,8.7900,9.0000,8.7900,8.9700,8.9000,1680582,14926467.0000,3,0.377917,1,0.786500,2.506097,25.687998,2.269546,8.762619,0,0.786516853932584
2012-11-08,sh.600261,8.8300,8.9800,8.6600,8.8000,8.9700,2507633,22178317.0000,3,0.563898,1,-1.895200,2.458602,25.201158,2.226533,8.596549,0,-1.8952062430323324
2012-11-09,sh.600261,8.7900,8.8200,8.6200,8.7000,8.8000,1907280,16574699.0000,3,0.428895,1,-1.136400,2.430663,24.914781,2.201232,8.498861,0,-1.1363636363636576
2012-11-12,sh.600261,8.7000,8.9200,8.6400,8.8700,8.7000,1822960,15956037.0000,3,0.409934,1,1.954000,2.478159,25.401621,2.244245,8.664931,0,1.9540229885057547
2012-11-13,sh.600261,8.8500,8.8500,8.6700,8.6800,8.8700,940870,8219247.0000,3,0.211576,1,-2.142100,2.425075,24.857505,2.196172,8.479323,0,-2.1420518602029204
2012-11-14,sh.600261,8.7000,8.8000,8.6400,8.7800,8.6800,914523,7995086.0000,3,0.205651,1,1.152100,2.453014,25.143882,2.221473,8.577011,0,1.1520737327188835
2012-11-15,sh.600261,8.6800,8.8600,8.6600,8.7200,8.7800,1396429,12223055.0000,3,0.314019,1,-0.683400,2.436251,24.972056,2.206292,8.518399,0,-0.6833712984054552
2012-11-16,sh.600261,8.7400,8.7400,8.0100,8.1700,8.7200,4377620,36281767.0000,3,0.984407,1,-6.307300,2.282588,23.396984,2.067134,7.981114,0,-6.307339449541294
2012-11-19,sh.600261,8.1400,8.1400,7.9300,8.0100,8.1700,2034673,16297350.0000,3,0.457542,1,-1.958400,2.237886,22.938781,2.026651,7.824813,0,-1.9583843329253336
2012-11-20,sh.600261,8.0100,8.1500,7.9600,7.9700,8.0100,1233443,9911359.0000,3,0.277368,1,-0.499400,2.226711,22.824230,2.016531,7.785738,0,-0.4993757802746579
2012-11-21,sh.600261,7.9700,8.0500,7.4000,7.9800,7.9700,4927485,37641752.0000,3,1.108056,1,0.125500,2.229505,22.852868,2.019061,7.795507,0,0.12547051442912682
2012-11-22,sh.600261,7.7300,7.8400,7.5800,7.6600,7.9800,3481086,26808954.0000,3,0.782801,1,-4.010000,2.140101,21.936462,1.938096,7.482905,0,-4.010025062656641
2012-11-23,sh.600261,7.6600,7.8000,7.5800,7.6000,7.6600,2049746,15668894.0000,3,0.460932,1,-0.783300,2.123338,21.764636,1.922915,7.424292,0,-0.7832898172323799
2012-11-26,sh.600261,7.5900,7.6000,7.3800,7.4000,7.6000,1653098,12333809.0000,3,0.371736,1,-2.631600,2.067460,21.191883,1.872312,7.228916,0,-2.631578947368407
2012-11-27,sh.600261,7.4100,7.5100,6.9900,7.0300,7.4000,3667760,26054216.0000,3,0.824779,1,-5.000000,1.964087,20.132288,1.778697,6.867470,0,-5.000000000000004
2012-11-28,sh.600261,7.0200,7.0200,6.5900,6.6200,7.0300,6065998,40796221.0000,3,1.364077,1,-5.832100,1.849539,18.958144,1.674960,6.466949,0,-5.832147937411092
2012-11-29,sh.600261,6.6100,6.7300,6.5300,6.6200,6.6200,3335783,22169505.0000,3,0.750126,1,0.000000,1.849539,18.958144,1.674960,6.466949,0,0.0
2012-11-30,sh.600261,6.5800,6.9000,6.5600,6.8200,6.6200,3642669,24511156.0000,3,0.819136,1,3.021100,1.905416,19.530897,1.725563,6.662326,0,3.0211480362537735
2012-12-03,sh.600261,6.8800,6.9300,6.6200,6.7100,6.8200,3259544,22281725.0000,3,0.732982,1,-1.612900,1.874684,19.215883,1.697732,6.554869,0,-1.6129032258064613
2012-12-04,sh.600261,6.6800,6.9300,6.5400,6.9200,6.7100,2604825,17596395.0000,3,0.585754,1,3.129700,1.933355,19.817274,1.750865,6.760014,0,3.129657228017879
2012-12-05,sh.600261,6.8700,7.2800,6.8500,7.1600,6.9200,4072798,28825778.0000,3,0.915861,1,3.468200,2.000408,20.504578,1.811589,6.994465,0,3.4682080924855585
2012-12-06,sh.600261,7.1600,7.2700,7.0100,7.1700,7.1600,2747044,19568563.0000,3,0.617735,1,0.139700,2.003202,20.533216,1.814119,7.004234,0,0.13966480446927498
2012-12-07,sh.600261,7.1600,7.3500,7.0800,7.2900,7.1700,3288964,23845215.0000,3,0.739598,1,1.673600,2.036728,20.876868,1.844481,7.121459,0,1.673640167364021
2012-12-10,sh.600261,7.3100,7.5400,7.2300,7.4900,7.2900,4458380,33077625.0000,3,1.002567,1,2.743500,2.092605,21.449622,1.895084,7.316836,0,2.7434842249657088
2012-12-11,sh.600261,7.4100,7.5200,7.3700,7.4000,7.4900,2308644,17149266.0000,3,0.519151,1,-1.201600,2.067460,21.191883,1.872312,7.228916,0,-1.2016021361815787
2012-12-12,sh.600261,7.4000,7.5900,7.3600,7.4200,7.4000,3298371,24600947.0000,3,0.741713,1,0.270300,2.073048,21.249158,1.877373,7.248454,0,0.2702702702702675
2012-12-13,sh.600261,7.4100,7.4400,7.2100,7.2300,7.4200,3222492,23603812.0000,3,0.724650,1,-2.560600,2.019965,20.705042,1.829300,7.062847,0,-2.5606469002695365
2012-12-14,sh.600261,7.2000,7.6800,7.1900,7.6700,7.2300,7185051,53844814.0000,3,1.615721,1,6.085800,2.142895,21.965100,1.940626,7.492674,0,6.085753803596128
2012-12-17,sh.600261,7.6900,7.9300,7.5500,7.8400,7.6700,6072386,46894356.0000,3,1.365513,1,2.216400,2.190391,22.451940,1.983639,7.658744,0,2.2164276401564598
2012-12-18,sh.600261,7.8000,7.8600,7.5800,7.6500,7.8400,3962250,30595003.0000,3,0.891001,1,-2.423500,2.137307,21.907825,1.935566,7.473136,0,-2.423469387755095
2012-12-19,sh.600261,7.6500,7.7200,7.5800,7.6100,7.6500,2332472,17821354.0000,3,0.524509,1,-0.522900,2.126132,21.793274,1.925445,7.434061,0,-0.5228758169934622
2012-12-20,sh.600261,7.5500,7.7800,7.5500,7.7600,7.6100,2511758,19347252.0000,3,0.564825,1,1.971100,2.168040,22.222839,1.963398,7.580593,0,1.9710906701708275
2012-12-21,sh.600261,7.8000,7.8300,7.6400,7.6700,7.7600,4782083,36774753.0000,3,1.075359,1,-1.159800,2.142895,21.965100,1.940626,7.492674,0,-1.1597938144329856
2012-12-24,sh.600261,7.5700,7.6600,7.4300,7.4800,7.6700,4451318,33565548.0000,3,1.000979,1,-2.477200,2.089811,21.420984,1.892553,7.307067,0,-2.4771838331160256
2012-12-25,sh.600261,7.4900,8.1000,7.4200,7.8900,7.4800,9751486,76168667.0000,3,2.192842,1,5.481300,2.204360,22.595129,1.996290,7.707588,0,5.481283422459882
2012-12-26,sh.600261,7.8200,8.5500,7.8200,8.4700,7.8900,10206089,84615199.0000,3,2.295069,1,7.351100,2.366404,24.256114,2.143038,8.274179,0,7.35107731305451
2012-12-27,sh.600261,8.4600,8.7500,8.3100,8.3100,8.4700,6655854,56514715.0000,3,1.496719,1,-1.889000,2.321702,23.797911,2.102556,8.117878,0,-1.8890200708382543
2012-12-28,sh.600261,8.3100,8.6500,8.2600,8.5600,8.3100,4572206,38734528.0000,3,1.028164,1,3.008400,2.391549,24.513853,2.165810,8.362098,0,3.0084235860409203
2012-12-31,sh.600261,8.5100,8.7000,8.4600,8.6600,8.5600,4394461,37698116.0000,3,0.988194,1,1.168200,2.419488,24.800230,2.191111,8.459786,0,1.1682242990654235
2013-01-04,sh.600261,8.6600,8.9100,8.4700,8.7800,8.6600,6018227,52279127.0000,3,1.353334,1,1.385700,2.453014,25.143882,2.221473,8.577011,0,1.3856812933025209
2013-01-07,sh.600261,8.8100,8.9000,8.6200,8.8200,8.7800,3423797,30097122.0000,3,0.769918,1,0.455600,2.464189,25.258433,2.231594,8.616087,0,0.4555808656036442
2013-01-08,sh.600261,8.8200,8.9300,8.6700,8.8900,8.8200,3486515,30737460.0000,3,0.784022,1,0.793700,2.483746,25.458897,2.249305,8.684468,0,0.7936507936507908
2013-01-09,sh.600261,8.8600,9.3000,8.7600,9.0300,8.8900,4938254,44818399.0000,3,1.110478,1,1.574800,2.522861,25.859824,2.284727,8.821232,0,1.5748031496062964
2013-01-10,sh.600261,9.0600,9.1300,8.9000,8.9500,9.0300,2711327,24449533.0000,3,0.609703,1,-0.885900,2.500510,25.630723,2.264486,8.743081,0,-0.8859357696566983
2013-01-11,sh.600261,8.9500,9.0600,8.4500,8.6900,8.9500,4583325,39795878.0000,3,1.030664,1,-2.905000,2.427869,24.886143,2.198702,8.489092,0,-2.905027932960891
2013-01-14,sh.600261,8.5500,9.3000,8.5500,9.2000,8.6900,6074011,54474305.0000,3,1.365878,1,5.868800,2.570356,26.346665,2.327740,8.987301,0,5.868814729574212
2013-01-15,sh.600261,9.2300,9.5000,9.1400,9.3300,9.2000,5898789,54938335.0000,3,1.326476,1,1.413000,2.606677,26.718955,2.360632,9.114296,0,1.413043478260878
2013-01-16,sh.600261,9.3300,9.5700,9.1800,9.3600,9.3300,5793371,54565446.0000,3,1.302770,1,0.321500,2.615058,26.804868,2.368222,9.143602,0,0.3215434083601254
2013-01-17,sh.600261,9.3800,9.4200,9.0300,9.2000,9.3600,4427418,40901200.0000,3,0.995605,1,-1.709400,2.570356,26.346665,2.327740,8.987301,0,-1.7094017094017144
2013-01-18,sh.600261,9.2600,9.4100,9.1600,9.2700,9.2000,3826088,35486332.0000,3,0.860382,1,0.760900,2.589913,26.547129,2.345451,9.055683,0,0.7608695652173925
2013-01-21,sh.600261,9.3000,9.3500,9.0900,9.1700,9.2700,2848277,26134416.0000,3,0.640499,1,-1.078700,2.561975,26.260752,2.320149,8.957995,0,-1.0787486515641764
2013-01-22,sh.600261,9.1600,9.2100,8.7000,8.7600,9.1700,3358334,29959491.0000,3,0.755197,1,-4.471100,2.447426,25.086607,2.216413,8.557474,0,-4.471101417666301
2013-01-23,sh.600261,8.7600,8.7600,8.3600,8.4000,8.7600,10752028,91275486.0000,3,2.417836,1,-4.109600,2.346847,24.055650,2.125327,8.205797,0,-4.109589041095885
2013-01-24,sh.600261,8.4200,8.6400,8.1800,8.2400,8.4000,6881475,57479654.0000,3,1.547455,1,-1.904800,2.302145,23.597448,2.084845,8.049496,0,-1.904761904761909
2013-01-25,sh.600261,8.2300,8.4300,8.1400,8.3600,8.2400,2843837,23610578.0000,3,0.639501,1,1.456300,2.335672,23.941100,2.115207,8.166722,0,1.4563106796116498
2013-01-28,sh.600261,8.3900,8.6000,8.3400,8.4600,8.3600,7928900,66841856.0000,3,1.782992,1,1.196200,2.363610,24.227477,2.140508,8.264410,0,1.1961722488038395
2013-01-29,sh.600261,8.4800,8.6100,8.3800,8.4500,8.4600,7880419,66983245.0000,3,1.772090,1,-0.118200,2.360816,24.198839,2.137978,8.254641,0,-0.11820330969268822
2013-01-30,sh.600261,8.4500,8.5300,8.1800,8.2600,8.4500,8280075,68724451.0000,3,1.861962,1,-2.248500,2.307733,23.654723,2.089905,8.069034,0,-2.2485207100591653
2013-01-31,sh.600261,8.3000,8.3100,7.9400,7.9600,8.2600,10084755,81891426.0000,3,2.267785,1,-3.632000,2.223917,22.795593,2.014001,7.775969,0,-3.6319612590798966
2013-02-01,sh.600261,7.9700,8.1800,7.9400,8.1100,7.9600,7935743,64365630.0000,3,1.784531,1,1.884400,2.265825,23.225158,2.051953,7.922502,0,1.8844221105527525
2013-02-04,sh.600261,8.1700,8.3300,8.1600,8.2800,8.1100,8323499,68829855.0000,3,1.871727,1,2.096200,2.313321,23.711998,2.094966,8.088571,0,2.0961775585696563
2013-02-05,sh.600261,8.2600,8.4800,8.1900,8.4000,8.2800,6260683,52029563.0000,3,1.407856,1,1.449300,2.346847,24.055650,2.125327,8.205797,0,1.449275362318847
2013-02-06,sh.600261,8.4500,8.5000,8.2900,8.3500,8.4000,5587110,46718578.0000,3,1.256388,1,-0.595200,2.332878,23.912462,2.112677,8.156953,0,-0.5952380952381042
2013-02-07,sh.600261,8.3600,8.3900,8.1700,8.3000,8.3500,4972568,41055408.0000,3,1.118194,1,-0.598800,2.318908,23.769274,2.100026,8.108109,0,-0.5988023952095634
2013-02-08,sh.600261,8.3000,8.5300,8.2500,8.4600,8.3000,4470841,37716649.0000,3,1.005370,1,1.927700,2.363610,24.227477,2.140508,8.264410,0,1.9277108433734869
2013-02-18,sh.600261,8.7800,9.2800,8.7800,9.1900,8.4600,17533070,157588635.0000,3,3.942707,1,8.628800,2.567562,26.318027,2.325209,8.977533,0,8.628841607564986
2013-02-19,sh.600261,9.2000,9.2600,8.8500,9.0700,9.1900,11922728,108033270.0000,3,2.681095,1,-1.305800,2.534036,25.974375,2.294848,8.860307,0,-1.3057671381936808
2013-02-20,sh.600261,9.0600,9.3300,8.9000,9.2800,9.0700,9717915,88917106.0000,3,2.185293,1,2.315300,2.592707,26.575766,2.347981,9.065452,0,2.3153252480705433
2013-02-21,sh.600261,9.2000,9.2400,9.0100,9.1500,9.2800,8480888,77366469.0000,3,1.907119,1,-1.400900,2.556387,26.203476,2.315089,8.938457,0,-1.4008620689655027
2013-02-22,sh.600261,9.1500,9.1500,8.7800,8.8100,9.1500,7437565,66468071.0000,3,1.672504,1,-3.715800,2.461396,25.229795,2.229064,8.606318,0,-3.715846994535521
2013-02-25,sh.600261,8.7600,9.0300,8.7400,8.8900,8.8100,4851047,43112311.0000,3,1.090867,1,0.908100,2.483746,25.458897,2.249305,8.684468,0,0.9080590238365494
2013-02-26,sh.600261,8.8100,8.9600,8.7400,8.7600,8.8900,3868112,34331115.0000,3,0.869832,1,-1.462300,2.447426,25.086607,2.216413,8.557474,0,-1.462317210348718
2013-02-27,sh.600261,8.7600,8.8800,8.6200,8.7600,8.7600,3135083,27433355.0000,3,0.704994,1,0.000000,2.447426,25.086607,2.216413,8.557474,0,0.0
2013-02-28,sh.600261,8.8500,8.9500,8.7000,8.9300,8.7600,3895892,34617429.0000,3,0.876079,1,1.940600,2.494922,25.573447,2.259425,8.723544,0,1.9406392694063967
2013-03-01,sh.600261,8.9500,8.9700,8.6100,8.8300,8.9300,8697349,76261042.0000,3,1.955795,1,-1.119800,2.466983,25.287071,2.234124,8.625856,0,-1.119820828667406
2013-03-04,sh.600261,8.7600,8.7800,8.5500,8.6100,8.8300,5468980,47354761.0000,3,1.229824,1,-2.491500,2.405518,24.657042,2.178461,8.410942,0,-2.491506228765583
2013-03-05,sh.600261,8.6200,9.0000,8.5500,8.9400,8.6100,6569459,58163247.0000,3,1.477291,1,3.832800,2.497716,25.602085,2.261956,8.733312,0,3.832752613240409
2013-03-06,sh.600261,8.9900,9.8300,8.9400,9.8300,8.9400,19166210,183587671.0000,3,4.309955,1,9.955300,2.746370,28.150839,2.487139,9.602736,0,9.95525727069353
2013-03-07,sh.600261,9.9000,9.9900,9.5800,9.6600,9.8300,11564766,113316283.0000,3,2.600599,1,-1.729400,2.698874,27.663998,2.444127,9.436666,0,-1.7293997965411978
2013-03-08,sh.600261,9.5800,9.8700,9.4000,9.4600,9.6600,6575196,63174814.0000,3,1.478581,1,-2.070400,2.642997,27.091244,2.393523,9.241290,0,-2.0703933747411973
2013-03-11,sh.600261,9.4700,9.8400,9.3200,9.7000,9.4600,5228501,50481398.0000,3,1.175746,1,2.537000,2.710050,27.778549,2.454247,9.475742,0,2.5369978858350795
2013-03-12,sh.600261,9.6200,9.9400,9.3000,9.6000,9.7000,6953270,67032703.0000,3,1.563600,1,-1.030900,2.682111,27.492172,2.428946,9.378054,0,-1.0309278350515427
2013-03-13,sh.600261,9.6000,9.8200,9.3900,9.7000,9.6000,7823408,75813964.0000,3,1.759270,1,1.041700,2.710050,27.778549,2.454247,9.475742,0,1.041666666666674
2013-03-14,sh.600261,9.6700,10.3000,9.6500,10.0000,9.7000,11127234,111466114.0000,3,2.502210,1,3.092800,2.793866,28.637679,2.530152,9.768806,0,3.0927835051546504
2013-03-15,sh.600261,9.9500,10.3500,9.7100,9.7200,10.0000,10765142,108487133.0000,3,2.420785,1,-2.800000,2.715637,27.835824,2.459307,9.495279,0,-2.7999999999999914
2013-03-18,sh.600261,9.6000,9.7800,9.3000,9.4100,9.7200,5667942,53974924.0000,3,1.274565,1,-3.189300,2.629027,26.948056,2.380873,9.192446,0,-3.189300411522633
2013-03-19,sh.600261,9.3600,9.5700,8.9200,9.1600,9.4100,5870059,53718708.0000,3,1.320015,1,-2.656700,2.559181,26.232114,2.317619,8.948226,0,-2.6567481402762994
2013-03-20,sh.600261,9.2000,9.8200,9.0500,9.7700,9.1600,5571547,52896272.0000,3,1.252888,1,6.659400,2.729607,27.979013,2.471958,9.544123,0,6.659388646288211
2013-03-21,sh.600261,9.7000,10.1800,9.6300,9.9400,9.7700,7026921,69363000.0000,3,1.580162,1,1.740000,2.777102,28.465853,2.514971,9.710193,0,1.7400204708290623
2013-03-22,sh.600261,9.8900,10.2100,9.8000,10.1100,9.9400,8542965,85775704.0000,3,1.921079,1,1.710300,2.824598,28.952694,2.557983,9.876263,0,1.7102615694164935
2013-03-25,sh.600261,10.0300,10.5000,9.7700,10.3100,10.1100,12447096,127460136.0000,3,2.356975,1,1.978200,2.880475,29.525447,2.608586,10.071639,0,1.978239366963419
2013-03-26,sh.600261,10.3100,10.5000,10.0800,10.3900,10.3100,7117715,73153040.0000,3,1.347806,1,0.775900,2.902826,29.754549,2.628828,10.149789,0,0.7759456838021261
2013-03-27,sh.600261,10.4100,10.5200,10.1600,10.2700,10.3900,5362030,55488008.0000,3,1.015351,1,-1.155000,2.869300,29.410896,2.598466,10.032564,0,-1.1549566891241647
2013-03-28,sh.600261,10.0900,10.2200,9.8900,10.0200,10.2700,3842837,38643068.0000,3,0.727677,1,-2.434300,2.799453,28.694954,2.535212,9.788343,0,-2.434274586173324
2013-03-29,sh.600261,9.9800,10.1200,9.9100,9.9900,10.0200,2373943,23774832.0000,3,0.449528,1,-0.299400,2.791072,28.609041,2.527622,9.759037,0,-0.29940119760478723
2013-04-01,sh.600261,9.9900,10.1300,9.5300,9.6000,9.9900,7691819,74765984.0000,3,1.456518,1,-3.903900,2.682111,27.492172,2.428946,9.378054,0,-3.9039039039039047
2013-04-02,sh.600261,9.6000,9.8900,9.4500,9.5900,9.6000,4349677,41964396.0000,3,0.823652,1,-0.104200,2.679317,27.463534,2.426415,9.368285,0,-0.10416666666666075
2013-04-03,sh.600261,9.6400,9.6500,9.1800,9.2800,9.5900,4014376,37485832.0000,3,0.760160,1,-3.232500,2.592707,26.575766,2.347981,9.065452,0,-3.232533889468203
2013-04-08,sh.600261,9.1900,9.2400,8.8100,8.9000,9.2800,7425079,66813232.0000,3,1.406009,1,-4.094800,2.486540,25.487534,2.251835,8.694237,0,-4.094827586206884
2013-04-09,sh.600261,8.9700,9.1300,8.8800,9.0000,8.9000,6529641,58800520.0000,3,1.236449,1,1.123600,2.514479,25.773911,2.277137,8.791925,0,1.1235955056179803
2013-04-10,sh.600261,8.9700,9.1100,8.9000,9.0100,9.0000,3533809,31853714.0000,3,0.669160,1,0.111100,2.517273,25.802549,2.279667,8.801694,0,0.11111111111110628
2013-04-11,sh.600261,9.0200,9.1000,8.7300,8.7600,9.0100,5776591,51321440.0000,3,1.093852,1,-2.774700,2.447426,25.086607,2.216413,8.557474,0,-2.7746947835738056
2013-04-12,sh.600261,8.7500,8.8700,8.6500,8.8500,8.7600,5282237,46368888.0000,3,1.000241,1,1.027399,2.472571,25.344346,2.239184,8.645393,0,1.0273972602739656
2013-04-15,sh.600261,8.8200,8.9700,8.6500,8.9400,8.8500,3908159,34651984.0000,3,0.740047,1,1.016900,2.497716,25.602085,2.261956,8.733312,0,1.016949152542379
2013-04-16,sh.600261,8.8000,8.8800,8.5000,8.7200,8.9400,4650468,40337184.0000,3,0.880610,1,-2.460843,2.436251,24.972056,2.206292,8.518399,0,-2.460850111856816
2013-04-17,sh.600261,8.7300,8.7800,8.4500,8.5300,8.7200,4653797,39985276.0000,3,0.881240,1,-2.178900,2.383167,24.427940,2.158219,8.332791,0,-2.1788990825688193
2013-04-18,sh.600261,8.5200,8.8800,8.3500,8.8600,8.5300,6442601,55470632.0000,3,1.219967,1,3.868700,2.475365,25.372984,2.241714,8.655162,0,3.86869871043376
2013-04-19,sh.600261,8.8000,9.6200,8.8000,9.3800,8.8600,11376953,106356632.0000,3,2.154333,1,5.869080,2.620646,26.862143,2.373282,9.163140,0,5.8690744920993465
2013-04-22,sh.600261,9.3000,10.2900,9.3000,10.1900,9.3800,15879455,158284080.0000,3,3.006924,1,8.635400,2.846949,29.181795,2.578225,9.954413,0,8.635394456289958
2013-04-23,sh.600261,10.1100,10.3400,9.9000,10.0000,10.1900,18601756,188273104.0000,3,3.522417,1,-1.864600,2.672409,29.668337,2.422121,-25.536621,0,-1.8645731108930308
2013-04-24,sh.600261,9.9100,11.0000,9.9100,10.9700,10.0000,26085683,282501600.0000,3,4.939569,1,9.700000,2.931633,32.546165,2.657067,-28.013673,0,9.699999999999998
2013-04-25,sh.600261,11.0100,11.4000,10.6800,10.8800,10.9700,23803100,264761200.0000,3,4.507341,1,-0.820400,2.907581,32.279150,2.635268,-27.783844,0,-0.8204193254329972
2013-04-26,sh.600261,10.8800,11.1100,10.5000,10.7200,10.8800,7813465,84777640.0000,3,1.479553,1,-1.470587,2.864823,31.804457,2.596514,-27.375258,0,-1.4705882352941235
2013-05-02,sh.600261,10.7000,11.0000,10.4300,10.9100,10.7200,6470020,69791248.0000,3,1.225159,1,1.772400,2.915598,32.368155,2.642534,-27.860454,0,1.7723880597014796
2013-05-03,sh.600261,10.9500,11.3100,10.8700,11.1300,10.9100,11934924,133189544.0000,3,2.259990,1,2.016501,2.974391,33.020859,2.695821,-28.422259,0,2.016498625114571
2013-05-06,sh.600261,11.1500,11.6400,11.0500,11.5200,11.1300,12136042,139128224.0000,3,2.298074,1,3.504000,3.078615,34.177924,2.790283,-29.418187,0,3.5040431266846195
2013-05-07,sh.600261,11.5200,11.7000,11.3000,11.4100,11.5200,5427649,62356048.0000,3,1.027776,1,-0.954900,3.049219,33.851572,2.763640,-29.137285,0,-0.9548611111111049
2013-05-08,sh.600261,11.4600,11.7000,11.1200,11.4700,11.4100,3617759,41316080.0000,3,0.685057,1,0.525900,3.065253,34.029582,2.778173,-29.290504,0,0.5258545135845782
2013-05-09,sh.600261,11.2600,11.4300,10.7000,10.9000,11.4700,9363046,103032624.0000,3,1.772981,1,-4.969500,2.912926,32.338487,2.640112,-27.834917,0,-4.969485614646906
2013-05-10,sh.600261,10.9500,11.9900,10.9500,11.8400,10.9000,11797166,135515072.0000,3,2.233904,1,8.623900,3.164132,35.127310,2.867791,-30.235359,0,8.62385321100918
2013-05-13,sh.600261,11.7100,12.9400,11.7000,12.4500,11.8400,12711947,157415552.0000,3,2.407127,1,5.152000,3.327149,36.937079,3.015541,-31.793093,0,5.152027027027017
2013-05-14,sh.600261,12.3900,12.9500,12.0400,12.4000,12.4500,10603855,133144184.0000,3,2.007940,1,-0.401600,3.313787,36.788737,3.003430,-31.665410,0,-0.40160642570280514
2013-05-15,sh.600261,12.1200,13.6400,12.1200,13.6100,12.4000,16006881,210147520.0000,3,3.031053,1,9.758100,3.637149,40.378606,3.296507,-34.755341,0,9.758064516129018
2013-05-16,sh.600261,13.6700,14.1000,13.4500,13.9800,13.6100,17609579,243349984.0000,3,3.334539,1,2.718600,3.736028,41.476334,3.386125,-35.700196,0,2.7185892725936966
2013-05-17,sh.600261,13.9400,14.6500,13.5100,14.5200,13.9800,23615337,333646912.0000,3,4.471786,1,3.862700,3.880338,43.078425,3.516920,-37.079174,0,3.862660944205998
2013-05-20,sh.600261,14.4800,15.2000,14.0800,14.9600,14.5200,15004466,220147888.0000,3,2.841237,1,3.030300,3.997924,44.383831,3.623493,-38.202785,0,3.03030303030305
2013-05-21,sh.600261,14.6200,14.9900,14.3000,14.6000,14.9600,12711964,184896128.0000,3,2.407130,1,-2.406415,3.901717,43.315771,3.536297,-37.283467,0,-2.406417112299475
2013-05-22,sh.600261,14.5900,14.5900,13.3900,13.6900,14.6000,19466185,268222944.0000,3,3.686105,1,-6.232900,3.658528,40.615953,3.315884,-34.959634,0,-6.232876712328772
2013-05-23,sh.600261,13.5900,13.9400,13.2900,13.4600,13.6900,20714483,280870784.0000,3,3.922482,1,-1.680100,3.597063,39.933581,3.260175,-34.372292,0,-1.6800584368151794
2013-05-24,sh.600261,13.4700,14.8100,13.4700,14.8100,13.4600,28204205,405459520.0000,3,5.340731,1,10.029700,3.957838,43.938806,3.587161,-37.819736,0,10.029717682020788
2013-05-27,sh.600261,14.8600,15.1300,14.5200,14.9200,14.8100,19346818,287469536.0000,3,3.663502,1,0.742700,3.987234,44.265158,3.613804,-38.100639,0,0.7427413909520508
2013-05-28,sh.600261,14.9000,14.9900,13.9800,14.2000,14.9200,14002585,199816944.0000,3,2.651521,1,-4.825700,3.794821,42.129038,3.439412,-36.262002,0,-4.825737265415553
2013-05-29,sh.600261,14.0900,14.7200,13.9700,14.6500,14.2000,13127457,189128656.0000,3,2.485807,1,3.169000,3.915079,43.464113,3.548407,-37.411150,0,3.169014084507049
2013-05-30,sh.600261,14.3000,14.7000,14.1000,14.3000,14.6500,8124470,116456592.0000,3,1.538445,1,-2.389100,3.821545,42.425721,3.463633,-36.517368,0,-2.3890784982935176
2013-05-31,sh.600261,14.3000,14.3500,13.5600,13.9200,14.3000,10288576,141935696.0000,3,1.948239,1,-2.657343,3.719993,41.298324,3.371592,-35.546976,0,-2.657342657342665
2013-06-03,sh.600261,13.7900,14.0300,13.5000,13.6800,13.8000,6925533,94893744.0000,3,1.311415,1,-0.869600,3.655856,40.586284,3.313461,-34.934098,0,-1.7241379310344862
2013-06-04,sh.600261,13.6500,13.6800,12.5000,13.1600,13.6800,13012389,168904736.0000,3,2.464018,1,-3.801200,3.516890,39.043531,3.187511,-33.606193,0,-3.801169590643272
2013-06-05,sh.600261,13.0000,13.7000,12.8000,13.3400,13.1600,9202199,122708368.0000,3,1.742523,1,1.367800,3.564994,39.577561,3.231109,-34.065852,0,1.3677811550151908
2013-06-06,sh.600261,13.2500,13.4000,12.8000,12.9800,13.3400,6262667,81985216.0000,3,1.185895,1,-2.698700,3.468787,38.509501,3.143913,-33.146534,0,-2.6986506746626615
2013-06-07,sh.600261,12.7800,12.9700,11.7100,12.1100,12.9800,16829002,204899824.0000,3,3.186730,1,-6.702600,3.236287,35.928356,2.933188,-30.924848,0,-6.702619414483824
2013-06-13,sh.600261,11.9600,12.1000,11.5300,11.9500,12.1100,8636564,101910936.0000,3,1.635415,1,-1.321200,3.193529,35.453662,2.894435,-30.516262,0,-1.3212221304706895
2013-06-14,sh.600261,12.0500,13.1300,11.9000,13.0600,11.9500,13406315,169780176.0000,3,2.538612,1,9.288700,3.490166,38.746848,3.163290,-33.350827,0,9.288702928870297
2013-06-17,sh.600261,13.0500,13.4000,12.7800,13.3800,13.0600,9657142,127725264.0000,3,1.828671,1,2.450200,3.575683,39.696234,3.240798,-34.167999,0,2.4502297090352343
2013-06-18,sh.600261,13.2800,13.2900,12.7700,12.9500,13.3800,7495870,97502368.0000,3,1.419413,1,-3.213800,3.460770,38.420496,3.136647,-33.069924,0,-3.2137518684604016
2013-06-19,sh.600261,12.8200,13.1500,12.6200,13.0000,12.9500,3675883,47506324.0000,3,0.696063,1,0.386100,3.474132,38.568837,3.148757,-33.197607,0,0.38610038610038533
2013-06-20,sh.600261,12.8000,12.8900,12.0100,12.3500,13.0000,7996367,100390696.0000,3,1.514187,1,-5.000000,3.300425,36.640396,2.991319,-31.537727,0,-5.000000000000004
2013-06-21,sh.600261,11.8700,12.5400,11.6000,12.2800,12.3500,6164902,74573392.0000,3,1.167382,1,-0.566800,3.281718,36.432717,2.974365,-31.358971,0,-0.5668016194331993
2013-06-24,sh.600261,12.2900,12.4000,11.6700,11.7300,12.2800,7525597,89583488.0000,3,1.425043,1,-4.478800,3.134736,34.800959,2.841148,-29.954456,0,-4.478827361563509
2013-06-25,sh.600261,11.5000,11.8600,10.6100,11.6000,11.7300,6918007,78492216.0000,3,1.309990,1,-1.108300,3.099995,34.415270,2.809660,-29.622480,0,-1.1082693947144118
2013-06-26,sh.600261,11.8500,12.5000,11.7000,12.3600,11.6000,7808904,95437512.0000,3,1.478689,1,6.551700,3.303098,36.670064,2.993742,-31.563264,0,6.5517241379310365
2013-06-27,sh.600261,12.3800,12.9600,12.2000,12.7700,12.3600,6937430,87980416.0000,3,1.313668,1,3.317200,3.412666,37.886466,3.093048,-32.610265,0,3.3171521035598728
2013-06-28,sh.600261,12.9000,13.2900,12.5500,12.6800,12.7700,6740168,87755120.0000,3,1.276314,1,-0.704800,3.388615,37.619451,3.071249,-32.380435,0,-0.7047768206734473
2013-07-01,sh.600261,12.5200,13.4000,12.0000,13.3600,12.6800,7273402,94668024.0000,3,1.377287,1,5.362800,3.570339,39.636898,3.235954,-34.116926,0,5.362776025236582
2013-07-02,sh.600261,13.3000,13.6000,13.0000,13.2700,13.3600,8301551,110329552.0000,3,1.571977,1,-0.673700,3.546287,39.369883,3.214155,-33.887096,0,-0.6736526946107824
2013-07-03,sh.600261,13.2100,13.4600,13.0000,13.3300,13.2700,4693430,62307396.0000,3,0.888745,1,0.452100,3.562321,39.547893,3.228687,-34.040316,0,0.45214770158252815
2013-07-04,sh.600261,13.2500,13.4700,12.8400,13.1000,13.3300,5095825,67188912.0000,3,0.964942,1,-1.725400,3.500856,38.865521,3.172978,-33.452974,0,-1.7254313578394576
2013-07-05,sh.600261,13.0000,13.2000,12.8500,12.9100,13.1000,5524295,71613024.0000,3,1.046077,1,-1.450400,3.450080,38.301822,3.126958,-32.967778,0,-1.450381679389312
2013-07-08,sh.600261,12.5800,12.7600,12.2600,12.4000,12.9100,4792051,59761496.0000,3,0.907420,1,-3.950400,3.313787,36.788737,3.003430,-31.665410,0,-3.9504260263361735
2013-07-09,sh.600261,12.2100,12.6500,11.7800,11.8800,12.4000,8692531,105026192.0000,3,1.646012,1,-4.193500,3.174822,35.245984,2.877480,-30.337506,0,-4.193548387096769
2013-07-10,sh.600261,11.8900,12.4800,11.8900,12.4100,11.8800,8603900,104898280.0000,3,1.629229,1,4.461300,3.316460,36.818406,3.005852,-31.690947,0,4.461279461279455
2013-07-11,sh.600261,12.4400,12.8200,12.2600,12.6600,12.4100,8684405,109154248.0000,3,1.644474,1,2.014500,3.383270,37.560114,3.066405,-32.329362,0,2.0145044319097583
2013-07-12,sh.600261,12.6600,12.9500,12.1900,12.2500,12.6600,7577194,95723896.0000,3,1.434813,1,-3.238500,3.273701,36.343712,2.967098,-31.282361,0,-3.2385466034755117
2013-07-15,sh.600261,12.3100,13.1600,12.3100,13.1400,12.2500,7448342,94399592.0000,3,1.410414,1,7.265300,3.511546,38.984194,3.182667,-33.555120,0,7.265306122448978
2013-07-16,sh.600261,13.1700,13.7000,12.8100,13.6300,13.1400,12345732,165997984.0000,3,2.337780,1,3.729100,3.642494,40.437943,3.301351,-34.806414,0,3.729071537290718
2013-07-17,sh.600261,13.7500,14.1600,13.3300,13.3400,13.6300,8163963,112331320.0000,3,1.545923,1,-2.127700,3.564994,39.577561,3.231109,-34.065852,0,-2.127659574468088
2013-07-18,sh.600261,13.3500,13.5600,13.0500,13.3300,13.3400,3955523,52641276.0000,3,0.749015,1,-0.075000,3.562321,39.547893,3.228687,-34.040316,0,-0.07496251874062887
2013-07-19,sh.600261,13.3200,14.1800,13.2200,13.9600,13.3300,12051320,166475024.0000,3,2.282031,1,4.726200,3.730683,41.416998,3.381281,-35.649123,0,4.726181545386354
2013-07-22,sh.600261,13.8200,14.5400,13.8200,14.1800,13.9600,11123888,158183280.0000,3,2.106413,1,1.575900,3.789476,42.069701,3.434568,-36.210929,0,1.5759312320916763
2013-07-23,sh.600261,14.2000,14.3700,13.9800,14.3300,14.1800,7814280,110940416.0000,3,1.479707,1,1.057800,3.829562,42.514726,3.470899,-36.593978,0,1.0578279266572732
2013-07-24,sh.600261,14.3300,14.3300,13.7000,13.9500,14.3300,7614434,106322432.0000,3,1.441865,1,-2.651800,3.728011,41.387329,3.378859,-35.623586,0,-2.651779483600847
2013-07-25,sh.600261,13.9000,14.0800,13.1900,13.4800,13.9500,5978022,80809920.0000,3,1.131995,1,-3.369200,3.602407,39.992918,3.265019,-34.423365,0,-3.3691756272401396
2013-07-26,sh.600261,13.4500,13.4500,12.6100,12.8900,13.4800,8698594,111873800.0000,3,1.647161,1,-4.376900,3.444735,38.242486,3.122114,-32.916705,0,-4.376854599406532
2013-07-29,sh.600261,12.6000,12.9200,12.2800,12.7800,12.8900,4234262,53888556.0000,3,0.801797,1,-0.853400,3.415339,37.916134,3.095471,-32.635802,0,-0.8533747090768151
2013-07-30,sh.600261,12.8500,13.0600,11.8300,12.4100,12.7800,6342248,78501032.0000,3,1.200964,1,-2.895100,3.316460,36.818406,3.005852,-31.690947,0,-2.8951486697965545
2013-07-31,sh.600261,12.4100,12.6000,12.2000,12.3000,12.4100,3714987,46157808.0000,3,0.703468,1,-0.886400,3.287063,36.492054,2.979209,-31.410044,0,-0.8863819500402825
2013-08-01,sh.600261,12.3000,12.8300,12.2100,12.8000,12.3000,6602099,83423704.0000,3,1.250170,1,4.065000,3.420684,37.975471,3.100315,-32.686875,0,4.065040650406493
2013-08-02,sh.600261,12.8000,13.4900,12.6500,13.0400,12.8000,10039077,132397680.0000,3,1.900994,1,1.875000,3.484821,38.687511,3.158446,-33.299754,0,1.8749999999999822
2013-08-05,sh.600261,13.0000,13.3000,12.8600,13.2500,13.0400,5987147,78382408.0000,3,1.133723,1,1.610400,3.540942,39.310546,3.209310,-33.836023,0,1.610429447852768
2013-08-06,sh.600261,13.3200,13.5500,13.0800,13.5300,13.2500,9651843,128675424.0000,3,1.827667,1,2.113200,3.681563,39.393800,3.050743,-103.505850,0,2.1132075471698153
2013-08-07,sh.600261,13.5900,13.8500,13.2100,13.3500,13.5300,9105801,122787048.0000,3,1.724269,1,-1.330400,3.632584,38.869714,3.010157,-102.128832,0,-1.3303769401330379
2013-08-08,sh.600261,13.2000,13.4700,13.0000,13.1000,13.3500,5432652,71739496.0000,3,1.028724,1,-1.872700,3.564559,38.141817,2.953787,-100.216307,0,-1.8726591760299671
2013-08-09,sh.600261,13.1800,13.3500,12.7100,12.9400,13.1000,5127695,66648304.0000,3,0.970977,1,-1.221400,3.521022,37.675962,2.917710,-98.992291,0,-1.2213740458015265
2013-08-12,sh.600261,13.2000,13.3500,12.9800,13.1000,12.9400,5161002,67700416.0000,3,0.977284,1,1.236500,3.564559,38.141817,2.953787,-100.216307,0,1.2364760432766575
2013-08-13,sh.600261,13.1600,13.2600,13.0500,13.2000,13.1000,3226652,42509144.0000,3,0.610997,1,0.763400,3.591769,38.432976,2.976335,-100.981317,0,0.7633587786259444
2013-08-14,sh.600261,13.1000,13.1800,12.7300,12.7800,13.2000,6238314,80315816.0000,3,1.181283,1,-3.181800,3.477485,37.210108,2.881633,-97.768275,0,-3.1818181818181857
2013-08-15,sh.600261,12.7900,12.8500,12.5000,12.5200,12.7800,3351483,42374880.0000,3,0.634635,1,-2.034400,3.406738,36.453095,2.823008,-95.779249,0,-2.0344287949921713
2013-08-16,sh.600261,12.4200,12.9300,12.4000,12.5200,12.5200,4826739,61098848.0000,3,0.913988,1,0.000000,3.406738,36.453095,2.823008,-95.779249,0,0.0
2013-08-19,sh.600261,12.5100,12.8200,12.4100,12.6500,12.5200,5126052,64742072.0000,3,0.970666,1,1.038300,3.442112,36.831602,2.852321,-96.773762,0,1.0383386581469756
2013-08-20,sh.600261,12.6500,12.9800,12.6000,12.8500,12.6500,8298618,105970720.0000,3,1.571421,1,1.581000,3.496533,37.413919,2.897417,-98.303782,0,1.5810276679841806
2013-08-21,sh.600261,12.7600,12.8500,12.5900,12.7100,12.8500,2990684,37864576.0000,3,0.566314,1,-1.089500,3.458438,37.006297,2.865849,-97.232768,0,-1.0894941634241206
2013-08-22,sh.600261,12.6200,12.7800,12.4800,12.7000,12.7100,3129735,39598920.0000,3,0.592645,1,-0.078700,3.455717,36.977181,2.863595,-97.156267,0,-0.07867820613691734
2013-08-23,sh.600261,12.7100,12.7800,11.8800,12.1200,12.7000,7930690,97127928.0000,3,1.501751,1,-4.566900,3.297897,35.288459,2.732816,-92.719209,0,-4.566929133858267
2013-08-26,sh.600261,12.1000,12.4800,12.0800,12.3600,12.1200,7586665,93778040.0000,3,1.436606,1,1.980200,3.363202,35.987241,2.786931,-94.555233,0,1.980198019801982
2013-08-27,sh.600261,12.3600,12.4000,12.2100,12.3000,12.3600,3419418,42131412.0000,3,0.647499,1,-0.485400,3.346876,35.812545,2.773403,-94.096227,0,-0.4854368932038722
2013-08-28,sh.600261,12.2900,12.3800,11.9900,12.0000,12.3000,5813157,70191264.0000,3,1.100776,1,-2.439000,3.265244,34.939069,2.705759,-91.801197,0,-2.4390243902439046
2013-08-29,sh.600261,11.9900,12.1600,11.9500,11.9700,12.0000,5120712,61501784.0000,3,0.969655,1,-0.250000,3.257081,34.851721,2.698994,-91.571694,0,-0.24999999999999467
2013-08-30,sh.600261,11.9700,12.0000,11.1000,11.2000,11.9700,11805667,134951088.0000,3,2.235514,1,-6.432700,3.047562,32.609797,2.525375,-85.681117,0,-6.432748538011712
2013-09-02,sh.600261,11.1800,11.6600,11.1500,11.4800,11.2000,7563477,86855608.0000,3,1.432216,1,2.500000,3.123751,33.425042,2.588509,-87.823145,0,2.5000000000000133
2013-09-03,sh.600261,11.4800,11.7600,11.4600,11.7100,11.4800,8144407,95044024.0000,3,1.542220,1,2.003500,3.186334,34.094708,2.640370,-89.582668,0,2.0034843205575026
2013-09-04,sh.600261,11.8000,11.8300,11.3200,11.3600,11.7100,6135197,71021824.0000,3,1.161757,1,-2.988900,3.091098,33.075652,2.561452,-86.905133,0,-2.9888983774551736
2013-09-05,sh.600261,11.3600,11.8500,11.1800,11.6200,11.3600,8615104,99029592.0000,3,1.631351,1,2.288700,3.161845,33.832665,2.620076,-88.894159,0,2.2887323943661997
2013-09-06,sh.600261,11.6200,11.8100,11.5800,11.7000,11.6200,4785170,55774080.0000,3,0.906117,1,0.688500,3.183613,34.065592,2.638115,-89.506167,0,0.6884681583476882
2013-09-09,sh.600261,11.7700,12.0600,11.4500,11.9400,11.7000,8929832,105049504.0000,3,1.690948,1,2.051300,3.248918,34.764373,2.692230,-91.342191,0,2.051282051282044
2013-09-10,sh.600261,11.9400,12.9300,11.9400,12.7400,11.9400,18703218,236319952.0000,3,3.541630,1,6.700200,3.466601,37.093645,2.872614,-97.462271,0,6.700167504187604
2013-09-11,sh.600261,12.7400,12.8000,12.2800,12.5200,12.7400,9567435,119853851.0000,3,1.811684,1,-1.726800,3.406738,36.453095,2.823008,-95.779249,0,-1.7268445839874413
2013-09-12,sh.600261,12.4800,12.6000,12.3500,12.5500,12.5200,4524831,56502511.0000,3,0.856819,1,0.239600,3.414902,36.540443,2.829773,-96.008752,0,0.23961661341853624
2013-09-13,sh.600261,12.5400,12.8000,12.2900,12.5900,12.5500,6006709,75514878.0000,3,1.137427,1,0.318700,3.425786,36.656906,2.838792,-96.314756,0,0.31872509960158
2013-09-16,sh.600261,12.5000,12.8600,12.4800,12.5900,12.5900,4121942,52499688.0000,3,0.780528,1,0.000000,3.425786,36.656906,2.838792,-96.314756,0,0.0
2013-09-17,sh.600261,12.5900,12.5900,12.0000,12.1100,12.5900,4881716,59594640.0000,3,0.924399,1,-3.812500,3.295176,35.259343,2.730561,-92.642708,0,-3.8125496425734706
2013-09-18,sh.600261,11.9900,12.1600,11.9400,12.0400,12.1100,1671498,20097591.0000,3,0.316514,1,-0.578000,3.276129,35.055532,2.714778,-92.107201,0,-0.5780346820809301
2013-09-23,sh.600261,12.0500,12.2300,12.0000,12.1200,12.0400,2060693,24927136.0000,3,0.390212,1,0.664500,3.297897,35.288459,2.732816,-92.719209,0,0.6644518272425293
2013-09-24,sh.600261,12.1200,12.1200,11.6000,11.8100,12.1200,5420160,63943901.0000,3,1.026358,1,-2.557800,3.213545,34.385867,2.662918,-90.347678,0,-2.5577557755775526
2013-09-25,sh.600261,11.8400,11.8400,11.5000,11.6000,11.8100,3298924,38240833.0000,3,0.624682,1,-1.778200,3.156403,33.774433,2.615567,-88.741157,0,-1.7781541066892559
2013-09-26,sh.600261,11.5600,11.6800,11.2400,11.3000,11.6000,4782789,54473804.0000,3,0.905666,1,-2.586200,3.074772,32.900956,2.547923,-86.446127,0,-2.5862068965517127
2013-09-27,sh.600261,11.3900,11.9200,11.3400,11.8500,11.3000,4929000,57501636.0000,3,0.933353,1,4.867300,3.224429,34.502330,2.671937,-90.653682,0,4.867256637168138
2013-09-30,sh.600261,11.8800,11.9500,11.7000,11.8100,11.8500,2554877,30142612.0000,3,0.483790,1,-0.337600,3.213545,34.385867,2.662918,-90.347678,0,-0.33755274261603185
2013-10-08,sh.600261,11.9900,12.4000,11.9800,12.2000,11.8100,8131608,98916637.0000,3,1.539796,1,3.302300,3.319665,35.521386,2.750855,-93.331217,0,3.302286198137172
2013-10-09,sh.600261,12.2100,12.8000,12.2100,12.7000,12.2000,10242922,129005129.0000,3,1.939594,1,4.098400,3.455717,36.977181,2.863595,-97.156267,0,4.098360655737698
2013-10-10,sh.600261,12.7100,13.3100,12.5200,13.2600,12.7000,14505770,187391061.0000,3,2.746804,1,4.409400,3.608095,38.607671,2.989863,-101.440323,0,4.409448818897643
2013-10-11,sh.600261,13.2000,13.6500,13.1100,13.1200,13.2600,12862094,172298784.0000,3,2.435558,1,-1.055800,3.570001,38.200048,2.958296,-100.369309,0,-1.0558069381598867
2013-10-14,sh.600261,13.1200,13.4700,12.8800,13.3100,13.1200,7254938,95492809.0000,3,1.373791,1,1.448200,3.621700,38.753250,3.001137,-101.822828,0,1.4481707317073322
2013-10-15,sh.600261,13.3000,13.3000,12.4900,12.6000,13.3100,8306315,105947603.0000,3,1.572879,1,-5.334300,3.428507,36.686022,2.841047,-96.391257,0,-5.334335086401209
2013-10-16,sh.600261,12.6200,12.9100,12.2000,12.3600,12.6000,7369262,91867404.0000,3,1.395439,1,-1.904800,3.363202,35.987241,2.786931,-94.555233,0,-1.904761904761909
2013-10-17,sh.600261,12.4000,12.8400,12.3900,12.6500,12.3600,4945851,62613829.0000,3,0.936543,1,2.346300,3.442112,36.831602,2.852321,-96.773762,0,2.346278317152106
2013-10-18,sh.600261,12.7000,12.9500,12.6000,12.7300,12.6500,4222596,54045806.0000,3,0.799588,1,0.632400,3.463880,37.064529,2.870359,-97.385770,0,0.6324110671936722
2013-10-21,sh.600261,12.6800,13.4500,12.4400,13.4300,12.7300,7118698,93354905.0000,3,1.347992,1,5.498800,3.654353,39.102641,3.028195,-102.740840,0,5.498821681068344
2013-10-22,sh.600261,13.6800,14.3800,13.5400,13.8500,13.4300,23428200,327434400.0000,3,4.436350,1,3.127300,3.768636,40.325508,3.122896,-105.953882,0,3.127326880119141
2013-10-23,sh.600261,13.8800,14.5300,13.1500,13.9500,13.8500,10786207,150143888.0000,3,2.042470,1,0.722000,3.795847,40.616667,3.145444,-106.718892,0,0.7220216606498076
2013-10-24,sh.600261,13.8600,14.3700,13.7200,13.9500,13.9500,10788337,151616347.0000,3,2.042873,1,0.000000,3.795847,40.616667,3.145444,-106.718892,0,0.0
2013-10-25,sh.600261,13.9700,14.0700,13.3000,13.6300,13.9500,5458108,74027428.0000,3,1.033544,1,-2.293900,3.708774,39.684959,3.073291,-104.270860,0,-2.2939068100358284
2013-10-28,sh.600261,13.7000,14.2500,13.5200,14.2100,13.6300,8472854,118898069.0000,3,1.604415,1,4.255300,3.866594,41.373680,3.204069,-108.707918,0,4.255319148936176
2013-10-29,sh.600261,14.0000,14.2100,12.7900,13.2200,14.2100,14108786,188633437.0000,3,2.671631,1,-6.966900,3.478996,40.355018,2.764443,-72.896508,0,-6.966924700914845
2013-10-30,sh.600261,13.2000,13.2800,12.6800,13.0700,13.2200,9112043,117780408.0000,3,1.725451,1,-1.134600,3.439522,39.897132,2.733077,-72.069392,0,-1.13464447806354
2013-10-31,sh.600261,13.1700,13.2100,12.8300,13.0800,13.0700,2790651,36395556.0000,3,0.528436,1,0.076500,3.442153,39.927658,2.735168,-72.124533,0,0.07651109410864443
2013-11-01,sh.600261,13.0000,13.0700,12.5000,12.7800,13.0800,4136958,52598869.0000,3,0.783372,1,-2.293600,3.363205,39.011886,2.672434,-70.470301,0,-2.2935779816513846
2013-11-04,sh.600261,12.8500,13.2900,12.6500,12.6900,12.7800,4638621,60192199.0000,3,0.878367,1,-0.704200,3.339520,38.737154,2.653615,-69.974031,0,-0.7042253521126751
2013-11-05,sh.600261,12.7000,12.9600,12.3200,12.7300,12.6900,3389105,42937786.0000,3,0.641759,1,0.315200,3.350047,38.859257,2.661979,-70.194595,0,0.3152088258471242
2013-11-06,sh.600261,12.8900,13.2100,12.6500,12.7900,12.7300,4256259,55020063.0000,3,0.805963,1,0.471300,3.365836,39.042412,2.674526,-70.525442,0,0.47132757266299397
2013-11-07,sh.600261,12.0900,12.2900,11.5100,11.5100,12.7900,16433087,191967813.0000,3,3.111760,1,-10.007800,3.028990,35.135118,2.406864,-63.467383,0,-10.007818608287721
2013-11-08,sh.600261,11.7800,11.9600,11.3000,11.5400,11.5100,8869974,102818330.0000,3,1.679613,1,0.260600,3.036884,35.226695,2.413137,-63.632807,0,0.26064291920069316
2013-11-11,sh.600261,11.3600,12.2000,11.3000,11.8600,11.5400,6066028,70422870.0000,3,1.148659,1,2.773000,3.121096,36.203519,2.480053,-65.397321,0,2.772963604852685
2013-11-12,sh.600261,11.8500,12.2000,11.7300,11.8800,11.8600,4337083,52021462.0000,3,0.821267,1,0.168600,3.126359,36.264570,2.484235,-65.507603,0,0.1686340640809636
2013-11-13,sh.600261,12.0000,12.0000,11.4600,11.5700,11.8800,3756294,43646456.0000,3,0.711290,1,-2.609400,3.044779,35.318272,2.419411,-63.798230,0,-2.609427609427617
2013-11-14,sh.600261,11.6000,11.6000,11.1700,11.4000,11.5700,4689087,53239170.0000,3,0.887923,1,-1.469300,3.000042,34.799335,2.383862,-62.860832,0,-1.4693171996542742
2013-11-15,sh.600261,11.4800,11.8000,11.3400,11.6000,11.4000,4891122,56794207.0000,3,0.926180,1,1.754400,3.052674,35.409850,2.425684,-63.963653,0,1.754385964912264
2013-11-18,sh.600261,11.7000,12.2500,11.6100,12.2200,11.6000,8204016,98786076.0000,3,1.271193,1,5.344800,3.215834,37.302445,2.555333,-67.382400,0,5.344827586206913
2013-11-19,sh.600261,12.2500,12.5900,12.0400,12.2900,12.2200,5645755,69350406.0000,3,0.874797,1,0.572800,3.234256,37.516125,2.569970,-67.768388,0,0.572831423895237
2013-11-20,sh.600261,12.2600,12.3400,12.0800,12.2200,12.2900,2648999,32277978.0000,3,0.410456,1,-0.569600,3.215834,37.302445,2.555333,-67.382400,0,-0.5695687550854256
2013-11-21,sh.600261,12.2200,12.2300,11.9400,12.0000,12.2200,2537354,30512125.0000,3,0.393157,1,-1.800300,3.157939,36.630879,2.509328,-66.169296,0,-1.8003273322422353
2013-11-22,sh.600261,12.0400,12.0900,11.8100,11.8200,12.0000,2757856,32883400.0000,3,0.427323,1,-1.500000,3.110570,36.081416,2.471688,-65.176757,0,-1.5000000000000013
2013-11-25,sh.600261,11.8500,12.4200,11.8500,12.1700,11.8200,5614022,68657785.0000,3,0.869880,1,2.961100,3.202676,37.149816,2.544877,-67.106695,0,2.9610829103214886
2013-11-26,sh.600261,12.2000,12.4800,12.0500,12.3000,12.1700,2882597,35444108.0000,3,0.446652,1,1.068200,3.236887,37.546651,2.572061,-67.823529,0,1.0682004930156141
2013-11-27,sh.600261,12.3000,12.5500,12.2000,12.3500,12.3000,3520122,43762047.0000,3,0.545435,1,0.406500,3.250045,37.699279,2.582517,-68.099234,0,0.40650406504063596
2013-11-28,sh.600261,12.3600,12.9500,12.2900,12.8000,12.3500,5786292,74043940.0000,3,0.896573,1,3.643700,3.368468,39.072937,2.676617,-70.580583,0,3.6437246963562764
2013-11-29,sh.600261,12.8100,13.5000,12.8100,12.9300,12.8000,7779271,101915738.0000,3,1.205380,1,1.015600,3.402679,39.469772,2.703801,-71.297417,0,1.0156249999999867
2013-12-02,sh.600261,12.7000,12.8200,11.8500,12.0400,12.9300,6633522,81162207.0000,3,1.027849,1,-6.883200,3.168465,36.752982,2.517693,-66.389861,0,-6.883217324052593
2013-12-03,sh.600261,11.8600,12.5300,11.8000,12.4100,12.0400,3158651,38316689.0000,3,0.489426,1,3.073100,3.265835,37.882434,2.595064,-68.430081,0,3.0730897009966895
2013-12-04,sh.600261,12.3700,13.1000,12.3600,12.8500,12.4100,6740611,86651283.0000,3,1.044442,1,3.545500,3.381626,39.225566,2.687072,-70.856288,0,3.5455278001611523
2013-12-05,sh.600261,12.9900,13.0500,12.7100,12.8800,12.8500,3368526,43282428.0000,3,0.521945,1,0.233500,3.389521,39.317143,2.693346,-71.021711,0,0.23346303501945442
2013-12-06,sh.600261,12.8000,12.8900,12.5600,12.7000,12.8800,2887869,36652913.0000,3,0.447469,1,-1.397500,3.342152,38.767680,2.655706,-70.029172,0,-1.3975155279503215
2013-12-09,sh.600261,12.8000,13.0800,12.7300,12.9400,12.7000,4464893,57801035.0000,3,0.691825,1,1.889800,3.405311,39.500298,2.705892,-71.352558,0,1.8897637795275646
2013-12-10,sh.600261,13.0000,13.1500,12.8800,12.9700,12.9400,2466529,32084469.0000,3,0.382183,1,0.231800,3.413205,39.591875,2.712166,-71.517981,0,0.23183925811438577
2013-12-11,sh.600261,12.9700,13.3100,12.6000,12.8000,12.9700,4434055,57735719.0000,3,0.687047,1,-1.310700,3.368468,39.072937,2.676617,-70.580583,0,-1.3107170393215073
2013-12-12,sh.600261,12.7700,13.5900,12.6000,13.4500,12.8000,8724268,116051238.0000,3,1.351805,1,5.078100,3.539523,41.057110,2.812539,-74.164753,0,5.078124999999978
2013-12-13,sh.600261,13.2500,13.7200,13.1100,13.5900,13.4500,7758705,104534724.0000,3,1.202193,1,1.040900,3.576366,41.484470,2.841814,-74.936728,0,1.0408921933085624
2013-12-16,sh.600261,13.5500,13.6800,13.3000,13.6000,13.5900,4256104,57550524.0000,3,0.659473,1,0.073600,3.578997,41.514996,2.843905,-74.991869,0,0.07358351729211954
2013-12-17,sh.600261,13.5300,13.6200,12.9200,13.3500,13.6000,4956884,65370206.0000,3,0.768058,1,-1.838200,3.513207,40.751853,2.791628,-73.613342,0,-1.8382352941176516
2013-12-18,sh.600261,13.2200,14.2000,13.0000,13.3400,13.3500,9152128,123768652.0000,3,1.418101,1,-0.074900,3.510575,40.721327,2.789536,-73.558201,0,-0.07490636704119424
2013-12-19,sh.600261,13.4400,13.4400,13.0100,13.0600,13.3400,4228067,55791182.0000,3,0.655129,1,-2.099000,3.436890,39.866606,2.730985,-72.014251,0,-2.0989505247376306
2013-12-20,sh.600261,13.1500,13.1500,12.5700,12.6000,13.0600,4038009,51388477.0000,3,0.625680,1,-3.522200,3.315836,38.462423,2.634795,-69.477761,0,-3.522205206738138
2013-12-23,sh.600261,12.7800,13.0000,12.1600,12.9900,12.6000,6071358,76904296.0000,3,0.940743,1,3.095200,3.418469,39.652926,2.716348,-71.628263,0,3.0952380952381064
2013-12-24,sh.600261,12.9500,13.5600,12.9000,13.4000,12.9900,6181830,82332107.0000,3,0.957860,1,3.156300,3.526365,40.904481,2.802083,-73.889048,0,3.156274056966901
2013-12-25,sh.600261,13.3900,14.4300,13.3200,14.0500,13.4000,16150538,226003474.0000,3,2.502489,1,4.850700,3.697420,42.888654,2.938005,-77.473218,0,4.850746268656714
2013-12-26,sh.600261,14.0000,14.5600,13.4100,14.2000,14.0500,9520498,135231272.0000,3,1.475179,1,1.067600,3.736894,43.346540,2.969372,-78.300334,0,1.0676156583629748
2013-12-27,sh.600261,14.1000,14.6700,14.0200,14.3100,14.2000,7365829,106345586.0000,3,1.141318,1,0.774600,3.765842,43.682323,2.992374,-78.906886,0,0.7746478873239537
2013-12-30,sh.600261,14.2700,14.4500,13.8600,14.0700,14.3100,6930683,97635992.0000,3,1.073893,1,-1.677100,3.702683,42.949705,2.942187,-77.583500,0,-1.6771488469601636
2013-12-31,sh.600261,13.9300,14.5000,13.8100,13.8900,14.0700,6907552,97648859.0000,3,1.070309,1,-1.279300,3.655314,42.400242,2.904547,-76.590961,0,-1.279317697228144
2014-01-02,sh.600261,13.9000,15.2800,13.8200,15.2800,13.8900,14875058,221482636.0000,3,2.304856,1,10.007200,4.021109,46.643319,3.195211,-84.255571,0,10.007199424046064
2014-01-03,sh.600261,15.7300,16.3200,15.6200,16.1900,15.2800,31047494,494084864.0000,3,4.810738,1,5.955500,4.260586,49.421161,3.385502,-89.273409,0,5.95549738219896
2014-01-06,sh.600261,16.0500,16.8000,15.8600,16.2300,16.1900,16912955,277085312.0000,3,2.620623,1,0.247100,4.271112,49.543264,3.393866,-89.493973,0,0.24706609017912662
2014-01-07,sh.600261,16.0500,16.8000,15.8500,16.5800,16.2300,16851519,278944960.0000,3,2.611104,1,2.156500,4.363219,50.611664,3.467055,-91.423911,0,2.156500308071463
2014-01-08,sh.600261,16.4800,17.3000,16.3300,16.8700,16.5800,10875018,182698966.0000,3,1.685059,1,1.749100,4.439536,51.496910,3.527697,-93.023003,0,1.7490952955368178
2014-01-09,sh.600261,16.6500,17.1600,16.0000,16.1400,16.8700,11282890,186732384.0000,3,1.748258,1,-4.327200,4.247428,49.268532,3.375046,-88.997704,0,-4.3272080616479025
2014-01-10,sh.600261,16.0500,16.6800,15.9000,16.1600,16.1400,7570260,123364980.0000,3,1.172994,1,0.123900,4.252691,49.329583,3.379229,-89.107986,0,0.12391573729864103
2014-01-13,sh.600261,15.9500,16.9500,15.9500,16.8100,16.1600,9517361,157498764.0000,3,1.474693,1,4.022300,4.423746,51.313756,3.515151,-92.692156,0,4.02227722772277
2014-01-14,sh.600261,16.9400,17.8500,16.8000,17.4900,16.8100,14700750,256246582.0000,3,2.277847,1,4.045200,4.602696,53.389506,3.657346,-96.441750,0,4.045211183819153
2014-01-15,sh.600261,17.5100,18.3000,17.2500,17.5200,17.4900,11858090,211351561.0000,3,1.837384,1,0.171500,4.610591,53.481083,3.663619,-96.607173,0,0.17152658662094034
2014-01-16,sh.600261,17.5300,18.1100,16.9800,17.6000,17.5200,11072178,195144789.0000,3,1.715608,1,0.456600,4.631644,53.725289,3.680348,-97.048301,0,0.4566210045662267
2014-01-17,sh.600261,17.3000,17.8000,17.0100,17.2500,17.6000,7302899,127064092.0000,3,1.131567,1,-1.988600,4.539537,52.656888,3.607159,-95.118364,0,-1.9886363636363757
2014-01-20,sh.600261,17.0200,17.5500,16.5900,16.6900,17.2500,7181363,122694386.0000,3,1.112736,1,-3.246400,4.392166,50.947447,3.490057,-92.030463,0,-3.246376811594198
2014-01-21,sh.600261,16.5500,17.8000,16.4500,17.6300,16.6900,14131677,245981784.0000,3,2.189671,1,5.632100,4.639538,53.816866,3.686621,-97.213725,0,5.632115038945473
2014-01-22,sh.600261,17.7400,18.7200,17.7000,18.6000,17.6300,15373234,282136736.0000,3,2.382047,1,5.502000,4.894805,56.777862,3.889459,-102.562409,0,5.501985252410679
2014-01-23,sh.600261,18.4800,19.2000,18.2500,18.9700,18.6000,8086887,151147418.0000,3,1.253044,1,1.989200,4.992175,57.907314,3.966830,-104.602629,0,1.9892473118279463
2014-01-24,sh.600261,18.8500,19.1500,18.4000,18.7000,18.9700,8675795,162155633.0000,3,1.344294,1,-1.423300,4.921121,57.083120,3.910370,-103.113820,0,-1.4232999472851837
2014-01-27,sh.600261,18.5100,18.8300,18.1300,18.2500,18.7000,5046564,93082879.0000,3,0.781953,1,-2.406400,4.802699,55.709462,3.816270,-100.632472,0,-2.4064171122994638
2014-01-28,sh.600261,18.3200,18.6100,17.3100,17.8300,18.2500,8130744,144016533.0000,3,1.259840,1,-2.301400,4.692171,54.427381,3.728443,-98.316546,0,-2.3013698630137025
2014-01-29,sh.600261,17.6600,18.5000,17.5500,17.9900,17.8300,8383852,151643210.0000,3,1.299059,1,0.897400,4.734277,54.915793,3.761901,-99.198804,0,0.8973639932697619
2014-01-30,sh.600261,18.0000,18.0700,17.3500,17.7500,17.9900,4558311,80357483.0000,3,0.706300,1,-1.334100,4.671118,54.183175,3.711715,-97.875418,0,-1.3340744858254538
2014-02-07,sh.600261,17.4500,19.2800,17.4500,19.2100,17.7500,7818622,146552385.0000,3,1.211477,1,8.225400,5.055334,58.639932,4.017016,-105.926015,0,8.225352112676054
2014-02-10,sh.600261,19.2500,19.8500,19.0400,19.8000,19.2100,8034517,156419457.0000,3,1.244930,1,3.071300,5.210599,60.440950,4.140391,-109.179339,0,3.071317022384168
2014-02-11,sh.600261,19.7900,19.8000,18.0500,18.6200,19.8000,10593245,198618990.0000,3,1.641399,1,-5.959600,4.900068,56.838914,3.893641,-102.672692,0,-5.959595959595953
2014-02-12,sh.600261,18.6300,18.7800,18.0600,18.7300,18.6200,5341697,98017026.0000,3,0.827684,1,0.590800,4.929016,57.174697,3.916643,-103.279243,0,0.5907626208378147
2014-02-13,sh.600261,18.6000,18.7300,18.1300,18.1800,18.7300,5146658,94254358.0000,3,0.797463,1,-2.936500,4.784277,55.495781,3.801632,-100.246484,0,-2.9364655632674874
2014-02-14,sh.600261,18.0800,18.2500,17.5000,17.6600,18.1800,8462547,150916148.0000,3,1.311252,1,-2.860300,4.647433,53.908443,3.692895,-97.379148,0,-2.860286028602854
2014-02-17,sh.600261,17.7000,18.1500,17.5600,18.1400,17.6600,10278508,182634703.0000,3,1.592631,1,2.718000,4.773751,55.373679,3.793268,-100.025920,0,2.7180067950169917
2014-02-18,sh.600261,18.2900,19.0200,18.0200,18.6500,18.1400,13550743,251283048.0000,3,2.099656,1,2.811500,4.907963,56.930491,3.899914,-102.838115,0,2.811466372657101
2014-02-19,sh.600261,18.5300,18.6500,17.7000,17.9700,18.6500,7955961,143097409.0000,3,1.232758,1,-3.646100,4.729013,54.854741,3.757719,-99.088521,0,-3.646112600536189
2014-02-20,sh.600261,17.9700,17.9800,16.5000,16.7300,17.9700,14326342,244549124.0000,3,2.219834,1,-6.900400,4.402693,51.069550,3.498422,-92.251027,0,-6.900389538119079
2014-02-21,sh.600261,16.7500,16.8900,16.4500,16.7500,16.7300,8603228,143584637.0000,3,1.333050,1,0.119500,4.407956,51.130602,3.502604,-92.361310,0,0.11954572624028881
2014-02-24,sh.600261,16.7100,17.1300,16.4200,17.0100,16.7500,9371922,158275982.0000,3,1.452158,1,1.552200,4.476378,51.924271,3.556973,-93.794978,0,1.552238805970152
2014-02-25,sh.600261,17.1100,17.1500,15.6600,15.8500,17.0100,12954919,211193298.0000,3,2.007335,1,-6.819500,4.171111,48.383286,3.314404,-87.398612,0,-6.819517930629049
2014-02-26,sh.600261,15.8500,16.1300,15.0000,16.0900,15.8500,10411090,163134274.0000,3,1.613174,1,1.514200,4.234270,49.115903,3.364591,-88.721998,0,1.5141955835962229
2014-02-27,sh.600261,16.0200,16.3700,15.7000,15.7800,16.0900,6065332,97716070.0000,3,0.939809,1,-1.926700,4.152689,48.169606,3.299767,-87.012625,0,-1.9266625233063994
2014-02-28,sh.600261,15.6200,16.4700,15.3900,16.4500,15.7800,9186668,146875000.0000,3,1.423453,1,4.245900,4.329008,50.214830,3.439871,-90.707077,0,4.245880861850448
2014-03-03,sh.600261,16.4000,16.9100,16.2500,16.7500,16.4500,7622806,127353743.0000,3,1.181136,1,1.823700,4.407956,51.130602,3.502604,-92.361310,0,1.823708206686936
2014-03-04,sh.600261,16.7300,16.8300,16.4500,16.4800,16.7500,3688891,61389752.0000,3,0.571585,1,-1.611900,4.336903,50.306407,3.446144,-90.872500,0,-1.6119402985074638
2014-03-05,sh.600261,16.5000,16.7100,16.2800,16.5900,16.4800,4349708,71752693.0000,3,0.673977,1,0.667500,4.365850,50.642190,3.469146,-91.479052,0,0.6674757281553312
2014-03-06,sh.600261,16.4300,16.5700,15.6800,15.9900,16.5900,11375136,180157554.0000,3,1.762551,1,-3.616600,4.207953,48.810646,3.343680,-88.170587,0,-3.616636528028927
2014-03-07,sh.600261,15.9600,16.0800,15.7100,15.8000,15.9900,5126827,81432253.0000,3,0.794390,1,-1.188200,4.157953,48.230657,3.303949,-87.122907,0,-1.1882426516572786
2014-03-10,sh.600261,15.6100,15.6100,14.4800,14.9800,15.8000,11718879,175163158.0000,3,1.815813,1,-5.189900,3.942160,45.727547,3.132478,-82.601338,0,-5.189873417721524
2014-03-11,sh.600261,14.9600,15.4600,14.8500,15.3800,14.9800,12442690,188872473.0000,3,1.927966,1,2.670200,4.047425,46.948576,3.216122,-84.806982,0,2.6702269692923997
2014-03-12,sh.600261,15.1000,15.9800,15.1000,15.9000,15.3800,7426571,116216127.0000,3,1.150730,1,3.381000,4.184269,48.535914,3.324860,-87.674318,0,3.3810143042912744
2014-03-13,sh.600261,16.0400,17.0600,16.0200,16.8200,15.9000,14304002,238394075.0000,3,2.216372,1,5.786200,4.426377,51.344282,3.517242,-92.747297,0,5.786163522012577
2014-03-14,sh.600261,16.8000,17.0600,16.4700,16.9600,16.8200,8043146,135729015.0000,3,1.246267,1,0.832300,4.463220,51.771642,3.546517,-93.519272,0,0.832342449464929
2014-03-17,sh.600261,16.7300,17.3800,16.6000,16.9300,16.9600,5777169,98315029.0000,3,0.895159,1,-0.176900,4.455325,51.680065,3.540244,-93.353849,0,-0.176886792452835
2014-03-18,sh.600261,17.0100,17.5800,17.0100,17.2000,16.9300,8261566,143036879.0000,3,1.280111,1,1.594800,4.526379,52.504260,3.596704,-94.842658,0,1.594802126402839
2014-03-19,sh.600261,17.1200,17.2500,16.0000,17.0200,17.2000,8294617,137441601.0000,3,1.285232,1,-1.046500,4.479010,51.954796,3.559064,-93.850119,0,-1.0465116279069764
2014-03-20,sh.600261,16.7900,16.8600,15.9100,15.9900,17.0200,5532387,90311890.0000,3,0.857231,1,-6.051700,4.207953,48.810646,3.343680,-88.170587,0,-6.0517038777908265
2014-03-21,sh.600261,15.8000,16.1500,15.2000,15.9100,15.9900,9394201,147214261.0000,3,1.455610,1,-0.500300,4.186900,48.566440,3.326951,-87.729459,0,-0.500312695434646
2014-03-24,sh.600261,16.0300,16.0400,15.6000,15.8800,15.9100,4920128,77564966.0000,3,0.762362,1,-0.188600,4.179006,48.474863,3.320678,-87.564036,0,-0.18856065367692798
2014-03-25,sh.600261,15.7000,16.1400,15.7000,15.8900,15.8800,4459522,71157173.0000,3,0.690993,1,0.063000,4.181637,48.505389,3.322769,-87.619177,0,0.06297229219143219
2014-03-26,sh.600261,15.9000,17.0000,15.8700,16.8600,15.8900,8582215,143061954.0000,3,1.329794,1,6.104500,4.436904,51.466385,3.525606,-92.967861,0,6.104468219005654
2014-03-27,sh.600261,16.8500,16.9900,16.4500,16.4600,16.8600,6527659,109090573.0000,3,1.011446,1,-2.372500,4.331639,50.245355,3.441962,-90.762218,0,-2.3724792408066353
2014-03-28,sh.600261,16.4000,16.4600,15.6500,15.8100,16.4600,5829842,92917872.0000,3,0.903321,1,-3.949000,4.160584,48.261183,3.306040,-87.178048,0,-3.9489671931956294
2014-03-31,sh.600261,15.7500,16.6000,15.7100,15.9600,15.8100,4812774,78161727.0000,3,0.745728,1,0.948800,4.200059,48.719069,3.337406,-88.005164,0,0.9487666034155628
2014-04-01,sh.600261,16.1900,17.5600,16.0100,17.5600,15.9600,20416556,352074688.0000,3,3.163498,1,10.025100,4.621117,53.603186,3.671984,-96.827737,0,10.02506265664158
2014-04-02,sh.600261,17.7500,17.9800,17.1300,17.7000,17.5600,22582395,396426112.0000,3,3.499090,1,0.797300,4.657960,54.030546,3.701259,-97.599712,0,0.7972665148063829
2014-04-03,sh.600261,17.4000,18.0600,17.3600,17.7100,17.7000,9653040,170936309.0000,3,1.495716,1,0.056500,4.660591,54.061072,3.703350,-97.654853,0,0.05649717514124575
2014-04-04,sh.600261,17.6800,17.8800,17.2600,17.7800,17.7100,7347098,129813657.0000,3,1.138416,1,0.395300,4.679013,54.274752,3.717988,-98.040841,0,0.39525691699604515
2014-04-08,sh.600261,17.7000,17.7100,17.0800,17.3500,17.7800,8670008,150657079.0000,3,1.343398,1,-2.418400,4.565853,52.962146,3.628070,-95.669774,0,-2.4184476940382393
2014-04-09,sh.600261,17.4600,18.1900,17.2000,18.0900,17.3500,11290483,200308109.0000,3,1.749434,1,4.265100,4.760593,55.221050,3.782812,-99.750214,0,4.265129682997104
2014-04-10,sh.600261,18.0700,19.1900,17.9000,18.2500,18.0900,19790468,365585728.0000,3,3.066487,1,0.884500,4.802699,55.709462,3.816270,-100.632472,0,0.8844665561083431
2014-04-11,sh.600261,17.8800,18.2600,17.5000,17.9800,18.2500,8880443,158443216.0000,3,1.376004,1,-1.479500,4.731645,54.885267,3.759810,-99.143662,0,-1.4794520547945167
2014-04-14,sh.600261,17.9500,18.5000,17.8300,18.1400,17.9800,6425910,117234335.0000,3,0.995680,1,0.889900,4.773751,55.373679,3.793268,-100.025920,0,0.8898776418242438
2014-04-15,sh.600261,18.0000,18.2400,17.3300,17.5000,18.1400,5280325,92906601.0000,3,0.818174,1,-3.528100,4.605327,53.420032,3.659437,-96.496891,0,-3.528114663726578
2014-04-16,sh.600261,17.4000,17.5800,16.7800,17.1600,17.5000,8724981,148576550.0000,3,1.351916,1,-1.942900,4.515852,52.382157,3.588339,-94.622094,0,-1.9428571428571462
2014-04-17,sh.600261,17.1500,17.1600,16.8200,16.9700,17.1600,4204166,71417588.0000,3,0.651426,1,-1.107200,4.465852,51.802168,3.548608,-93.574413,0,-1.1072261072261114
2014-04-18,sh.600261,16.9500,17.4600,16.7000,17.4100,16.9700,5677897,97353046.0000,3,0.879777,1,2.592800,4.581643,53.145300,3.640617,-96.000621,0,2.59281084266354
2014-04-21,sh.600261,17.3000,17.6700,16.7000,16.8100,17.4100,6263560,108099707.0000,3,0.970524,1,-3.446300,4.423746,51.313756,3.515151,-92.692156,0,-3.4462952326249408
2014-04-22,sh.600261,16.8500,17.1300,16.0000,16.3800,16.8100,10491225,173227988.0000,3,1.625591,1,-2.558000,4.091220,42.895792,3.238198,39.375855,0,-2.558001189767989
2014-04-23,sh.600261,16.5900,16.7200,16.2000,16.4200,16.3800,5112535,84193856.0000,3,0.792176,1,0.244200,4.101211,43.000543,3.246106,39.472011,0,0.24420024420026554
2014-04-24,sh.600261,16.4200,16.4200,15.7700,16.2200,16.4200,6079698,97585961.0000,3,0.942035,1,-1.218000,4.051257,42.476785,3.206567,38.991231,0,-1.2180267965895442
2014-04-25,sh.600261,16.0200,16.2800,15.8100,15.8300,16.2200,3347467,53661788.0000,3,0.518682,1,-2.404400,3.953847,41.455457,3.129467,38.053711,0,-2.404438964241673
2014-04-28,sh.600261,15.8400,15.8800,15.3200,15.7100,15.8300,5457322,85221863.0000,3,0.845599,1,-0.758100,3.923875,41.141202,3.105744,37.765243,0,-0.7580543272267759
2014-04-29,sh.600261,15.8400,16.6400,15.7200,16.6300,15.7100,7831455,127764230.0000,3,1.213466,1,5.856100,4.153663,43.550489,3.287621,39.976829,0,5.856142584341173
2014-04-30,sh.600261,16.5100,17.0300,16.4900,16.6500,16.6300,6254434,104804860.0000,3,0.969110,1,0.120300,4.158658,43.602865,3.291575,40.024907,0,0.12026458208056479
2014-05-05,sh.600261,16.7000,16.9700,16.4100,16.9400,16.6500,3921152,65594313.0000,3,0.607573,1,1.741700,4.231091,44.362315,3.348906,40.722038,0,1.7417417417417536
2014-05-06,sh.600261,17.0300,17.3500,16.7300,16.9800,16.9400,6493364,111046818.0000,3,1.006132,1,0.236100,4.241082,44.467066,3.356813,40.818194,0,0.23612750885477762
2014-05-07,sh.600261,16.8600,16.8600,16.0000,16.1600,16.9800,5400361,88891501.0000,3,0.836773,1,-4.829200,4.036271,42.319658,3.194706,38.846997,0,-4.829210836277975
2014-05-08,sh.600261,16.3000,16.3300,15.8300,15.8800,16.1600,6933390,111378046.0000,3,1.074313,1,-1.732700,3.966336,41.586396,3.139352,38.173906,0,-1.7326732673267342
2014-05-09,sh.600261,15.8200,16.0400,15.5800,15.8700,15.8800,4391600,69376609.0000,3,0.680468,1,-0.063000,3.963838,41.560208,3.137375,38.149867,0,-0.06297229219144329
2014-05-12,sh.600261,16.0300,16.3700,15.7800,16.3400,15.8700,5268241,85047184.0000,3,0.816302,1,2.961600,4.081230,42.791040,3.230290,39.279699,0,2.961562696912412
2014-05-13,sh.600261,16.3400,16.4500,16.0300,16.2000,16.3400,3023678,48968031.0000,3,0.468512,1,-0.856800,4.046262,42.424409,3.202613,38.943153,0,-0.8567931456548328
2014-05-14,sh.600261,16.1000,16.3000,16.0000,16.1100,16.2000,2449445,39610564.0000,3,0.379536,1,-0.555600,4.023783,42.188718,3.184821,38.726802,0,-0.5555555555555536
2014-05-15,sh.600261,16.0400,16.5300,15.6200,15.8200,16.1100,5909199,95009731.0000,3,0.915617,1,-1.800100,3.951350,41.429269,3.127490,38.029672,0,-1.8001241464928541
2014-05-16,sh.600261,15.7500,15.8000,15.4000,15.7800,15.8200,5848086,90983662.0000,3,0.906147,1,-0.252800,3.941359,41.324517,3.119583,37.933516,0,-0.25284450063212116
2014-05-19,sh.600261,15.7000,15.7500,15.3300,15.4300,15.7800,4043175,62775373.0000,3,0.626481,1,-2.218000,3.853940,40.407941,3.050390,37.092151,0,-2.217997465145749
2014-05-20,sh.600261,15.5100,15.8300,15.1100,15.3900,15.4300,6748432,104559098.0000,3,1.045654,1,-0.259200,3.843949,40.303189,3.042483,36.995995,0,-0.25923525599480524
2014-05-21,sh.600261,15.3000,15.6500,15.0500,15.6100,15.3900,3233105,49991016.0000,3,0.500962,1,1.429500,3.898898,40.879323,3.085975,37.524853,0,1.429499675113699
2014-05-22,sh.600261,15.7200,16.0300,15.6600,15.7000,15.6100,5819838,92431395.0000,3,0.901770,1,0.576600,3.921377,41.115014,3.103767,37.741204,0,0.5765534913517056
2014-05-23,sh.600261,15.6800,16.0200,15.6600,15.9800,15.7000,2779696,44063902.0000,3,0.430707,1,1.783400,3.991313,41.848275,3.159121,38.414295,0,1.7834394904458595
2014-05-26,sh.600261,15.9800,16.4000,15.9800,16.2600,15.9800,4874733,79168142.0000,3,0.755329,1,1.752200,4.061248,42.581537,3.214475,39.087387,0,1.7521902377972465
2014-05-27,sh.600261,16.1800,16.2600,15.7500,15.8400,16.2600,6900381,110385884.0000,3,1.069198,1,-2.583000,3.956345,41.481645,3.131444,38.077750,0,-2.583025830258312
2014-05-28,sh.600261,15.8900,16.0400,15.2700,15.9800,15.8400,12526286,194772875.0000,3,1.940919,1,0.883800,3.991313,41.848275,3.159121,38.414295,0,0.8838383838383868
2014-05-29,sh.600261,15.9700,16.4000,15.8500,15.9100,15.9800,14509956,234499450.0000,3,2.248284,1,-0.438000,3.973829,41.664960,3.145283,38.246023,0,-0.43804755944931717
2014-05-30,sh.600261,15.9700,16.1500,15.4100,15.7800,15.9100,6135732,95978372.0000,3,0.950718,1,-0.817100,3.941359,41.324517,3.119583,37.933516,0,-0.8170961659333842
2014-06-03,sh.600261,15.8900,15.8900,15.6100,15.6200,15.7800,2540220,39919892.0000,3,0.393601,1,-1.013900,3.901396,40.905511,3.087952,37.548892,0,-1.0139416983523497
2014-06-04,sh.600261,15.6200,15.7400,15.3600,15.6700,15.6200,4725333,73458619.0000,3,0.732179,1,0.320100,3.913884,41.036450,3.097837,37.669087,0,0.3201024327784907
2014-06-05,sh.600261,15.6700,16.2100,15.6100,16.0700,15.6700,7534406,120159222.0000,3,1.167439,1,2.552600,4.013792,42.083967,3.176913,38.630646,0,2.552648372686672
2014-06-06,sh.600261,16.0400,16.5600,16.0300,16.1700,16.0700,7795762,127147835.0000,3,1.207935,1,0.622300,4.038769,42.345846,3.196683,38.871036,0,0.6222775357809684
2014-06-09,sh.600261,16.2300,16.5300,16.1200,16.2400,16.1700,5547526,90429959.0000,3,0.859576,1,0.432900,4.056253,42.529161,3.210521,39.039309,0,0.43290043290040714
2014-06-10,sh.600261,16.2500,16.5100,15.9500,16.5000,16.2400,9687231,157634077.0000,3,1.501014,1,1.601000,4.121193,43.210047,3.261921,39.664323,0,1.6009852216748888
2014-06-11,sh.600261,16.5600,17.0800,16.4500,16.7600,16.5000,9425724,158400691.0000,3,1.460494,1,1.575800,4.186133,43.890932,3.313321,40.289336,0,1.575757575757586
2014-06-12,sh.600261,16.7400,16.9600,16.5600,16.5900,16.7600,4168042,69724510.0000,3,0.645828,1,-1.014300,4.143672,43.445738,3.279713,39.880673,0,-1.0143198090692196
2014-06-13,sh.600261,16.5800,17.1500,16.3000,17.0000,16.5900,8641639,145179079.0000,3,1.339002,1,2.471400,4.246077,44.519442,3.360767,40.866272,0,2.471368294153109
2014-06-16,sh.600261,17.0000,17.2500,16.9000,17.0500,17.0000,9558632,163358981.0000,3,1.481088,1,0.294100,4.258566,44.650382,3.370652,40.986467,0,0.2941176470588225
2014-06-17,sh.600261,17.0600,17.0600,16.6600,16.8900,17.0500,4950175,83085396.0000,3,0.767018,1,-0.938400,4.218603,44.231375,3.339021,40.601843,0,-0.9384164222873914
2014-06-18,sh.600261,16.8300,16.8800,16.5900,16.7600,16.8900,3889789,65114150.0000,3,0.602714,1,-0.769700,4.186133,43.890932,3.313321,40.289336,0,-0.7696862048549358
2014-06-19,sh.600261,16.9300,16.9300,15.9500,16.2200,16.7600,4384587,71748701.0000,3,0.679382,1,-3.222000,4.051257,42.476785,3.206567,38.991231,0,-3.2219570405728093
2014-06-20,sh.600261,10.7100,11.0400,10.7000,10.8400,10.7100,3943358,42654843.0000,3,0.407343,1,1.213800,4.061248,42.581537,3.214475,39.087387,0,-33.16892725030826
2014-06-23,sh.600261,10.8000,10.8400,9.7600,9.8800,10.8400,42138272,421989728.0000,3,4.352819,1,-8.856100,3.701580,38.810478,2.929798,35.625773,0,-8.856088560885599
2014-06-24,sh.600261,9.7800,9.8700,9.6100,9.8300,9.8800,19306480,188473048.0000,3,1.994330,1,-0.506100,3.682848,38.614069,2.914971,35.445481,0,-0.5060728744939347
2014-06-25,sh.600261,9.8000,10.0900,9.5800,10.0200,9.8300,18670291,183487808.0000,3,1.928612,1,1.932900,3.754032,39.360424,2.971314,36.130592,0,1.9328585961342792
2014-06-26,sh.600261,9.9600,10.2500,9.9200,10.0300,10.0200,18531147,186408596.0000,3,1.914239,1,0.099800,3.757778,39.399706,2.974279,36.166650,0,0.09980039920158834
2014-06-27,sh.600261,10.0400,10.0500,9.8400,9.9000,10.0300,12487185,124293873.0000,3,1.289907,1,-1.296100,3.709073,38.889042,2.935729,35.697890,0,-1.296111665004973
2014-06-30,sh.600261,9.9100,9.9300,9.6300,9.8800,9.9000,23143355,225650752.0000,3,2.390673,1,-0.202000,3.701580,38.810478,2.929798,35.625773,0,-0.20202020202019222
2014-07-01,sh.600261,9.8800,9.8800,9.7000,9.7600,9.8800,12006659,117270115.0000,3,1.240269,1,-1.214600,3.656622,38.339096,2.894214,35.193072,0,-1.2145748987854366
2014-07-02,sh.600261,9.7900,9.9300,9.7100,9.9000,9.7600,17472004,171573370.0000,3,1.804831,1,1.434400,3.709073,38.889042,2.935729,35.697890,0,1.434426229508201
2014-07-03,sh.600261,9.9100,10.2200,9.8200,10.1300,9.9000,24737518,248938519.0000,3,2.555348,1,2.323200,3.795244,39.792525,3.003933,36.527235,0,2.323232323232327
2014-07-04,sh.600261,10.1300,10.2400,9.9000,9.9600,10.1300,19942517,199192178.0000,3,2.060031,1,-1.678200,3.731553,39.124733,2.953521,35.914241,0,-1.6781836130306038
2014-07-07,sh.600261,9.9800,10.0500,9.3700,9.4500,9.9600,37388054,358110400.0000,3,3.862128,1,-5.120500,3.540479,37.121358,2.802287,34.075259,0,-5.120481927710863
2014-07-08,sh.600261,9.5600,9.6200,9.4500,9.5400,9.4500,17750118,169209307.0000,3,1.833560,1,0.952400,3.574198,37.474895,2.828975,34.399785,0,0.952380952380949
2014-07-09,sh.600261,9.5500,9.5700,9.3500,9.4000,9.5400,12709284,120072431.0000,3,1.312849,1,-1.467500,3.521746,36.924949,2.787460,33.894967,0,-1.467505241090139
2014-07-10,sh.600261,9.4000,9.4600,8.9400,9.1200,9.4000,23402826,213853706.0000,3,2.417476,1,-2.978700,3.416843,35.825057,2.704429,32.885329,0,-2.9787234042553346
2014-07-11,sh.600261,9.0500,9.3500,9.0500,9.1700,9.1200,12546798,115201619.0000,3,1.296065,1,0.548200,3.435576,36.021466,2.719256,33.065622,0,0.5482456140351033
2014-07-14,sh.600261,9.2200,9.3600,9.1100,9.3300,9.1700,15083957,139207299.0000,3,1.558150,1,1.744800,3.495521,36.649976,2.766702,33.642557,0,1.7448200654307522
2014-07-15,sh.600261,9.3300,9.3500,9.1200,9.2100,9.3300,11841699,109052550.0000,3,1.223229,1,-1.286200,3.450562,36.178594,2.731118,33.209856,0,-1.2861736334405016
2014-07-16,sh.600261,9.1800,9.3300,9.1700,9.2500,9.2100,10290530,95274934.0000,3,1.062996,1,0.434300,3.465548,36.335721,2.742979,33.354089,0,0.43431053203040193
2014-07-17,sh.600261,9.2500,9.4300,9.2300,9.3400,9.2500,10624356,99236450.0000,3,1.097480,1,0.973000,3.499267,36.689258,2.769668,33.678616,0,0.972972972972963
2014-07-18,sh.600261,9.2900,9.4400,9.2600,9.3600,9.3400,9002844,84460547.0000,3,0.929980,1,0.214100,3.506760,36.767822,2.775598,33.750733,0,0.21413276231263545
2014-07-21,sh.600261,9.3600,9.3900,9.2100,9.3000,9.3600,6388031,59393555.0000,3,0.659874,1,-0.641000,3.484281,36.532130,2.757806,33.534382,0,-0.6410256410256276
2014-07-22,sh.600261,9.3200,9.5300,9.2000,9.5100,9.3000,14603824,137672635.0000,3,1.508553,1,2.258100,3.562958,37.357049,2.820079,34.291610,0,2.2580645161290214
2014-07-23,sh.600261,9.5000,9.5000,9.2100,9.2500,9.5100,10021477,93412775.0000,3,1.035203,1,-2.734000,3.465548,36.335721,2.742979,33.354089,0,-2.733964248159826
2014-07-24,sh.600261,9.2100,9.3400,9.0800,9.1500,9.2500,11847289,108674463.0000,3,1.223807,1,-1.081100,3.428083,35.942902,2.713325,32.993505,0,-1.0810810810810811
2014-07-25,sh.600261,9.1600,9.2200,8.9800,9.0600,9.1500,15660219,141894353.0000,3,1.617677,1,-0.983600,3.394364,35.589366,2.686637,32.668978,0,-0.983606557377048
2014-07-28,sh.600261,9.1000,9.3000,9.0900,9.2500,9.0600,13637410,125536815.0000,3,1.408723,1,2.097100,3.465548,36.335721,2.742979,33.354089,0,2.0971302428256067
2014-07-29,sh.600261,9.2500,9.5600,9.2000,9.5500,9.2500,23927501,224766363.0000,3,2.471674,1,3.243200,3.577945,37.514177,2.831941,34.435844,0,3.2432432432432545
2014-07-30,sh.600261,9.5000,9.8000,9.4000,9.7100,9.5500,23624271,227092992.0000,3,2.440351,1,1.675400,3.637889,38.142687,2.879387,35.012779,0,1.675392670157061
2014-07-31,sh.600261,9.7100,9.7700,9.6200,9.7100,9.7100,14650337,141827892.0000,3,1.513357,1,0.000000,3.637889,38.142687,2.879387,35.012779,0,0.0
2014-08-01,sh.600261,9.7000,9.7400,9.4200,9.4300,9.7100,16570317,158807867.0000,3,1.711688,1,-2.883600,3.532986,37.042795,2.796356,34.003142,0,-2.8836251287332804
2014-08-04,sh.600261,9.4300,9.8100,9.4300,9.7900,9.4300,20776997,201898712.0000,3,2.146232,1,3.817600,3.667862,38.456942,2.903110,35.301247,0,3.8176033934252285
2014-08-05,sh.600261,9.7900,9.9800,9.7300,9.9200,9.7900,19257214,189873287.0000,3,1.989241,1,1.327900,3.716567,38.967606,2.941660,35.770007,0,1.3278855975485282
2014-08-06,sh.600261,9.9000,10.2600,9.7900,10.1000,9.9200,27720665,279604928.0000,3,2.863502,1,1.814500,3.784004,39.674679,2.995037,36.419060,0,1.814516129032251
2014-08-07,sh.600261,10.1300,10.5000,10.1300,10.2900,10.1000,34646704,358061776.0000,3,3.578951,1,1.881200,3.855188,40.421035,3.051379,37.104171,0,1.8811881188118829
2014-08-08,sh.600261,10.2900,10.4100,10.0800,10.1900,10.2900,18888448,192398066.0000,3,1.951148,1,-0.971800,3.817723,40.028216,3.021725,36.743586,0,-0.9718172983479101
2014-08-11,sh.600261,10.1900,10.3000,10.1200,10.2800,10.1900,17887662,182945051.0000,3,1.847768,1,0.883200,3.851442,40.381753,3.048414,37.068112,0,0.8832188420019538
2014-08-12,sh.600261,10.2000,10.4800,10.2000,10.2600,10.2800,14639499,150874836.0000,3,1.512238,1,-0.194500,3.843949,40.303189,3.042483,36.995995,0,-0.1945525291828787
2014-08-13,sh.600261,10.2400,10.3600,10.1500,10.3200,10.2600,16566807,169800750.0000,3,1.711326,1,0.584800,3.866428,40.538880,3.060275,37.212346,0,0.5847953216374213
2014-08-14,sh.600261,10.3000,10.3000,9.9100,10.0300,10.3200,18915327,191373602.0000,3,1.953924,1,-2.810100,3.757778,39.399706,2.974279,36.166650,0,-2.81007751937985
2014-08-15,sh.600261,10.0100,10.1700,9.8500,10.1000,10.0300,15167268,152072883.0000,3,1.566755,1,0.697900,3.784004,39.674679,2.995037,36.419060,0,0.6979062811565351
2014-08-18,sh.600261,10.1000,10.1800,10.0800,10.1800,10.1000,12707902,128748459.0000,3,1.312707,1,0.792100,3.813977,39.988934,3.018760,36.707528,0,0.7920792079207928
2014-08-19,sh.600261,10.2200,10.4400,10.1700,10.4000,10.1800,30153619,311744768.0000,3,3.114822,1,2.161100,3.963581,37.742209,3.118350,47.909143,0,2.16110019646365
2014-08-20,sh.600261,10.4000,10.5400,10.2600,10.3400,10.4000,20519617,213541369.0000,3,2.119645,1,-0.576900,3.940714,37.524466,3.100360,47.632744,0,-0.576923076923086
2014-08-21,sh.600261,10.3400,10.7100,10.2100,10.6400,10.3400,34774189,365644864.0000,3,3.592120,1,2.901400,4.055048,38.613183,3.190312,49.014739,0,2.9013539651837617
2014-08-22,sh.600261,10.5700,10.7400,10.4800,10.7000,10.6400,24008465,255124047.0000,3,2.480038,1,0.563900,4.077915,38.830927,3.208303,49.291138,0,0.5639097744360777
2014-08-25,sh.600261,10.7000,10.9500,10.6200,10.6600,10.7000,20840325,224452127.0000,3,2.152774,1,-0.373800,4.062670,38.685765,3.196309,49.106872,0,-0.37383177570092796
2014-08-26,sh.600261,10.6600,10.6600,10.2100,10.3000,10.6600,19670366,204773530.0000,3,2.031919,1,-3.377100,3.925469,37.379303,3.088366,47.448478,0,-3.3771106941838602
2014-08-27,sh.600261,10.3000,10.4400,10.2200,10.3400,10.3000,12623948,130156496.0000,3,1.304034,1,0.388300,3.940714,37.524466,3.100360,47.632744,0,0.3883495145631022
2014-08-28,sh.600261,10.3600,10.3800,9.9700,10.0500,10.3400,15647727,158140874.0000,3,1.616386,1,-2.804600,3.830191,36.472039,3.013406,46.296816,0,-2.8046421663442844
2014-08-29,sh.600261,10.0500,10.3500,10.0100,10.3100,10.0500,12310404,126196026.0000,3,1.271646,1,2.587100,3.929281,37.415594,3.091365,47.494545,0,2.5870646766169125
2014-09-01,sh.600261,10.3100,10.4300,10.2000,10.3700,10.3100,14004471,144420161.0000,3,1.446640,1,0.582000,3.952147,37.633338,3.109355,47.770944,0,0.5819592628515835
2014-09-02,sh.600261,10.4100,10.6500,10.3000,10.5700,10.3700,24039368,251338638.0000,3,2.483230,1,1.928600,4.028370,38.359149,3.169323,48.692273,0,1.9286403085824633
2014-09-03,sh.600261,10.5300,10.6400,10.4500,10.5800,10.5700,21525811,227208706.0000,3,2.223583,1,0.094600,4.032181,38.395440,3.172322,48.738340,0,0.09460737937558861
2014-09-04,sh.600261,10.5700,10.7500,10.5600,10.5900,10.5800,23143160,245934907.0000,3,2.390653,1,0.094500,4.035992,38.431730,3.175320,48.784406,0,0.0945179584120881
2014-09-05,sh.600261,10.7000,10.8200,10.5800,10.7500,10.5900,25430279,272145968.0000,3,2.626909,1,1.510900,4.096970,39.012380,3.223295,49.521470,0,1.510859301227585
2014-09-09,sh.600261,10.9000,10.9400,10.6500,10.8200,10.7500,24031578,259325873.0000,3,2.482425,1,0.651200,4.123648,39.266414,3.244284,49.843935,0,0.6511627906976791
2014-09-10,sh.600261,10.7000,10.7800,10.6200,10.7000,10.8200,18978419,202788969.0000,3,1.960442,1,-1.109100,4.077915,38.830927,3.208303,49.291138,0,-1.1090573012939142
2014-09-11,sh.600261,10.6800,10.7500,10.5700,10.5900,10.7000,27495114,293104352.0000,3,2.840203,1,-1.028000,4.035992,38.431730,3.175320,48.784406,0,-1.0280373831775602
2014-09-12,sh.600261,10.5900,10.6500,10.5200,10.6400,10.5900,14914051,158112977.0000,3,1.540599,1,0.472100,4.055048,38.613183,3.190312,49.014739,0,0.47214353163362865
2014-09-15,sh.600261,10.6400,10.6800,10.5300,10.6600,10.6400,14746140,156550395.0000,3,1.523254,1,0.188000,4.062670,38.685765,3.196309,49.106872,0,0.1879699248120259
2014-09-16,sh.600261,10.6500,10.6600,10.1500,10.2600,10.6600,23000353,241407935.0000,3,2.375901,1,-3.752300,3.910225,37.234141,3.076373,47.264212,0,-3.752345215759856
2014-09-17,sh.600261,10.2100,10.2800,9.9300,10.1200,10.2600,21972481,221656227.0000,3,2.269724,1,-1.364500,3.856869,36.726073,3.034395,46.619282,0,-1.3645224171540016
2014-09-18,sh.600261,10.1100,10.2900,10.0300,10.2800,10.1200,11313514,114866469.0000,3,1.168669,1,1.581000,3.917847,37.306722,3.082369,47.356345,0,1.5810276679841806
2014-09-19,sh.600261,10.2800,10.9200,10.1800,10.6500,10.2800,25496906,267176439.0000,3,2.633791,1,3.599200,4.058859,38.649474,3.193311,49.060805,0,3.599221789883278
2014-09-22,sh.600261,10.6000,10.6100,10.3400,10.4400,10.6500,19702326,205369255.0000,3,2.035220,1,-1.971800,3.978825,37.887372,3.130344,48.093409,0,-1.9718309859155014
2014-09-23,sh.600261,10.4500,10.7900,10.3700,10.6000,10.4400,27094216,286088208.0000,3,2.798791,1,1.532600,4.039803,38.468021,3.178319,48.830473,0,1.5325670498084198
2014-09-24,sh.600261,10.5400,10.8800,10.5100,10.7500,10.6000,38807017,416149072.0000,3,4.008705,1,1.415100,4.096970,39.012380,3.223295,49.521470,0,1.4150943396226356
2014-09-25,sh.600261,10.8800,10.8800,10.5800,10.6100,10.7500,23260102,248399705.0000,3,2.402733,1,-1.302300,4.043615,38.504312,3.181317,48.876539,0,-1.3023255813953583
2014-09-26,sh.600261,10.5500,10.7500,10.5100,10.5500,10.6100,14815514,157121249.0000,3,1.530420,1,-0.565500,4.020748,38.286568,3.163327,48.600140,0,-0.5655042412818001
2014-09-29,sh.600261,10.5700,10.7200,10.5300,10.6800,10.5500,18995976,202108678.0000,3,1.962255,1,1.232200,4.070293,38.758346,3.202306,49.199005,0,1.2322274881516382
2014-09-30,sh.600261,10.6800,10.7800,10.6300,10.6900,10.6800,18991264,203309498.0000,3,1.961768,1,0.093600,4.074104,38.794636,3.205304,49.245071,0,0.0936329588014928
2014-10-08,sh.600261,10.8600,10.8600,10.7000,10.8300,10.6900,22200563,239400042.0000,3,2.293284,1,1.309600,4.127460,39.302705,3.247282,49.890002,0,1.3096351730589317
2014-10-09,sh.600261,10.8300,10.9500,10.6700,10.7600,10.8300,30194677,326451792.0000,3,3.119064,1,-0.646300,4.100782,39.048670,3.226293,49.567537,0,-0.6463527239150557
2014-10-10,sh.600261,10.7600,10.7700,10.5400,10.5800,10.7600,20863612,221929296.0000,3,2.155179,1,-1.672900,4.032181,38.395440,3.172322,48.738340,0,-1.6728624535315983
2014-10-13,sh.600261,10.5600,10.5600,10.3400,10.4200,10.5800,16762054,174011283.0000,3,1.731494,1,-1.512300,3.971203,37.814791,3.124347,48.001276,0,-1.5122873345935761
2014-10-14,sh.600261,10.3900,10.4800,10.3200,10.4500,10.4200,11650622,121283564.0000,3,1.203491,1,0.287900,3.982636,37.923662,3.133343,48.139476,0,0.2879078694817627
2014-10-15,sh.600261,10.4500,10.4700,10.2700,10.3900,10.4500,12051504,124863619.0000,3,1.244902,1,-0.574200,3.959770,37.705919,3.115352,47.863077,0,-0.574162679425827
2014-10-16,sh.600261,10.3000,10.4200,10.2200,10.2500,10.3900,14267702,147525002.0000,3,1.473832,1,-1.347500,3.906414,37.197851,3.073374,47.218146,0,-1.347449470644857
2014-10-17,sh.600261,10.2400,10.3100,9.9500,10.0700,10.2500,18961068,191469015.0000,3,1.958649,1,-1.756100,3.837813,36.544620,3.019403,46.388949,0,-1.7560975609756113
2014-10-20,sh.600261,10.1400,10.1900,10.0800,10.1400,10.0700,12172632,123208706.0000,3,1.257414,1,0.695100,3.864491,36.798654,3.040392,46.711415,0,0.6951340615690249
2014-10-21,sh.600261,10.1700,10.1700,9.9800,10.0000,10.1400,10742733,108011267.0000,3,1.109708,1,-1.380700,3.811135,36.290586,2.998414,46.066484,0,-1.3806706114398493
2014-10-22,sh.600261,10.0000,10.0900,9.8200,9.8400,10.0000,10848796,107940178.0000,3,1.120664,1,-1.600000,3.750157,35.709937,2.950439,45.329420,0,-1.6000000000000014
2014-10-23,sh.600261,9.7900,9.8900,9.5700,9.5900,9.8400,11604226,112759072.0000,3,1.198699,1,-2.540700,3.654879,34.802672,2.875479,44.177758,0,-2.5406504065040636
2014-10-24,sh.600261,9.5900,9.6800,9.5900,9.6500,9.5900,6900569,66474270.0000,3,0.712818,1,0.625600,3.677746,35.020415,2.893469,44.454157,0,0.6256517205422307
2014-10-27,sh.600261,9.6000,9.8000,9.5500,9.7100,9.6500,6552477,63438071.0000,3,0.676861,1,0.621800,3.700612,35.238159,2.911460,44.730556,0,0.6217616580310947
2014-10-28,sh.600261,9.7100,9.8500,9.7000,9.8400,9.7100,9651700,94554149.0000,3,0.997006,1,1.338800,3.636795,35.906715,2.977458,20.758816,0,1.3388259526261548
2014-10-29,sh.600261,9.8800,10.0400,9.8300,9.9800,9.8400,13952969,138609468.0000,3,1.441320,1,1.422800,3.688538,36.417583,3.019821,21.054165,0,1.4227642276422925
2014-10-30,sh.600261,9.9600,10.0300,9.8500,9.8800,9.9800,12057497,119778960.0000,3,1.245521,1,-1.002000,3.651579,36.052677,2.989562,20.843201,0,-1.002004008016033
2014-10-31,sh.600261,9.8800,9.9400,9.6900,9.7500,9.8800,13204543,129240583.0000,3,1.364009,1,-1.315800,3.603532,35.578300,2.950226,20.568949,0,-1.3157894736842146
2014-11-03,sh.600261,9.8000,9.8800,9.6800,9.7800,9.7500,13878296,135690614.0000,3,1.433607,1,0.307700,3.614620,35.687772,2.959303,20.632238,0,0.3076923076922977
2014-11-04,sh.600261,9.7800,9.7900,9.5700,9.6200,9.7800,17899174,172648126.0000,3,1.848957,1,-1.636000,3.555485,35.103923,2.910889,20.294696,0,-1.6359918200409052
2014-11-05,sh.600261,9.6000,9.6200,9.4400,9.4500,9.6200,20272735,192124267.0000,3,2.094142,1,-1.767200,3.492654,34.483583,2.859449,19.936058,0,-1.7671517671517645
2014-11-06,sh.600261,9.4500,9.5900,9.2300,9.5800,9.4500,22473014,210846064.0000,3,2.321428,1,1.375700,3.540701,34.957961,2.898786,20.210311,0,1.3756613756613856
2014-11-07,sh.600261,9.5800,9.5800,9.2900,9.3600,9.5800,19433824,183498555.0000,3,2.007484,1,-2.296500,3.459391,34.155168,2.832217,19.746191,0,-2.2964509394572064
2014-11-10,sh.600261,9.3600,9.4200,9.3000,9.3900,9.3600,15896366,148783807.0000,3,1.642070,1,0.320500,3.470478,34.264640,2.841294,19.809480,0,0.3205128205128416
2014-11-11,sh.600261,9.4300,9.4500,8.8800,9.0200,9.3900,29409967,268217845.0000,3,3.038004,1,-3.940400,3.333729,32.914489,2.729337,19.028915,0,-3.940362087326954
2014-11-12,sh.600261,8.9700,9.1400,8.9300,9.1200,9.0200,10658089,96381050.0000,3,1.100964,1,1.108600,3.370688,33.279395,2.759596,19.239878,0,1.1086474501108556
2014-11-13,sh.600261,9.1100,9.1100,8.8600,8.9100,9.1200,15471908,138273957.0000,3,1.598224,1,-2.302600,3.293074,32.513093,2.696052,18.796855,0,-2.302631578947356
2014-11-14,sh.600261,8.9000,9.0100,8.8100,8.9500,8.9100,10571456,94280641.0000,3,1.092015,1,0.448900,3.307857,32.659055,2.708156,18.881240,0,0.44893378226711356
2014-11-17,sh.600261,9.0400,9.1200,8.9000,9.0300,8.9500,15500225,140108806.0000,3,1.601149,1,0.893900,3.337425,32.950979,2.732363,19.050011,0,0.893854748603351
2014-11-18,sh.600261,9.0300,9.0900,9.0000,9.0500,9.0300,7491131,67726892.0000,3,0.773822,1,0.221500,3.344817,33.023961,2.738414,19.092204,0,0.22148394241419123
2014-11-19,sh.600261,9.0500,9.1300,9.0100,9.1000,9.0500,9487278,86116251.0000,3,0.980021,1,0.552500,3.363296,33.206413,2.753544,19.197685,0,0.5524861878452914
2014-11-20,sh.600261,9.1000,9.1300,9.0500,9.0900,9.1000,9617387,87495837.0000,3,0.993461,1,-0.109900,3.359600,33.169923,2.750518,19.176589,0,-0.1098901098901095
2014-11-21,sh.600261,9.0900,9.1100,8.9800,9.0700,9.0900,12424103,112189086.0000,3,1.283391,1,-0.220000,3.352209,33.096942,2.744466,19.134396,0,-0.22002200220021528
2014-11-24,sh.600261,9.1300,9.1400,9.0600,9.0900,9.0700,19382144,176085473.0000,3,2.002146,1,0.220500,3.359600,33.169923,2.750518,19.176589,0,0.22050716648289725
2014-11-25,sh.600261,9.1000,9.3100,9.0700,9.2800,9.0900,24408948,225155451.0000,3,2.521407,1,2.090200,3.429823,33.863244,2.808010,19.577420,0,2.0902090209020896
2014-11-26,sh.600261,9.3000,9.4300,9.1700,9.2700,9.2800,21765485,202303793.0000,3,2.248341,1,-0.107800,3.426127,33.826753,2.804984,19.556324,0,-0.10775862068965747
2014-11-27,sh.600261,9.2700,9.4400,9.2200,9.4200,9.2700,23577924,219901728.0000,3,2.435563,1,1.618100,3.481566,34.374111,2.850372,19.872769,0,1.6181229773462924
2014-11-28,sh.600261,9.3800,9.4800,9.3000,9.3700,9.4200,20556190,192547683.0000,3,2.123423,1,-0.530800,3.463087,34.191659,2.835242,19.767287,0,-0.5307855626327074
2014-12-01,sh.600261,9.3800,9.4200,9.2000,9.2400,9.3700,16941694,157027326.0000,3,1.750051,1,-1.387400,3.415039,33.717281,2.795906,19.493034,0,-1.387406616862319
2014-12-02,sh.600261,9.2300,9.3300,9.2000,9.2800,9.2400,16054370,149050227.0000,3,1.658392,1,0.432900,3.429823,33.863244,2.808010,19.577420,0,0.43290043290042934
2014-12-03,sh.600261,9.3300,9.4800,9.2600,9.4700,9.2800,31089390,291970032.0000,3,3.211486,1,2.047400,3.500046,34.556564,2.865501,19.978251,0,2.0474137931034697
2014-12-04,sh.600261,9.5000,9.5900,9.4600,9.5800,9.4700,34474397,328885808.0000,3,3.561152,1,1.161600,3.540701,34.957961,2.898786,20.210311,0,1.1615628299894265
2014-12-05,sh.600261,9.5900,9.6000,9.1300,9.2600,9.5800,28966149,271089392.0000,3,2.992159,1,-3.340300,3.422431,33.790262,2.801958,19.535227,0,-3.3402922755741193
2014-12-08,sh.600261,9.2000,9.3200,9.1100,9.2800,9.2600,18486021,170544013.0000,3,1.909578,1,0.216000,3.429823,33.863244,2.808010,19.577420,0,0.21598272138227959
2014-12-09,sh.600261,9.2400,9.5800,9.1000,9.2200,9.2800,32191506,299385952.0000,3,3.325333,1,-0.646500,3.407648,33.644300,2.789854,19.450842,0,-0.6465517241379226
2014-12-10,sh.600261,9.2200,9.4700,9.1600,9.4100,9.2200,25268817,236254474.0000,3,2.610230,1,2.060700,3.477870,34.337621,2.847346,19.851673,0,2.060737527114953
2014-12-11,sh.600261,9.3600,9.5400,9.3200,9.5000,9.4100,24345115,230327197.0000,3,2.514813,1,0.956400,3.511134,34.666036,2.874579,20.041540,0,0.9564293304994642
2014-12-12,sh.600261,9.5000,9.5400,9.3900,9.4900,9.5000,19697830,186386951.0000,3,2.034756,1,-0.105300,3.507438,34.629545,2.871553,20.020443,0,-0.10526315789473051
2014-12-15,sh.600261,9.4600,9.6200,9.4300,9.5800,9.4900,21664465,207006264.0000,3,2.237906,1,0.948400,3.540701,34.957961,2.898786,20.210311,0,0.9483667017913477
2014-12-16,sh.600261,9.5800,9.5900,9.3800,9.4600,9.5800,20286933,192020833.0000,3,2.095609,1,-1.252600,3.496350,34.520074,2.862475,19.957154,0,-1.2526096033402823
2014-12-17,sh.600261,9.4400,9.4500,9.2100,9.2600,9.4600,21155425,196652884.0000,3,2.185323,1,-2.114200,3.422431,33.790262,2.801958,19.535227,0,-2.114164904862592
2014-12-18,sh.600261,9.2300,9.3900,9.2000,9.3000,9.2600,13779032,128070054.0000,3,1.423353,1,0.432000,3.437215,33.936225,2.814061,19.619613,0,0.4319654427645814
2014-12-19,sh.600261,9.3000,9.3000,9.0000,9.0700,9.3000,21037061,191673665.0000,3,2.173096,1,-2.473100,3.352209,33.096942,2.744466,19.134396,0,-2.473118279569897
2014-12-22,sh.600261,9.0600,9.0600,8.6200,8.6900,9.0700,22037343,193313432.0000,3,2.276424,1,-4.189600,3.211763,31.710300,2.629483,18.332735,0,-4.189636163175314
2014-12-23,sh.600261,8.6900,8.7800,8.6000,8.6400,8.6900,11655188,101302222.0000,3,1.203963,1,-0.575400,3.193284,31.527847,2.614354,18.227253,0,-0.575373993095496
2014-12-24,sh.600261,8.6400,8.7300,8.5900,8.7000,8.6400,14117278,122193925.0000,3,1.458293,1,0.694400,3.215459,31.746791,2.632509,18.353831,0,0.6944444444444198
2014-12-25,sh.600261,8.7000,8.7500,8.6800,8.7200,8.7000,10817002,94248643.0000,3,1.117380,1,0.229900,3.222851,31.819772,2.638561,18.396024,0,0.22988505747127963
2014-12-26,sh.600261,8.7500,8.8900,8.6900,8.8700,8.7200,15543685,136812899.0000,3,1.605639,1,1.720200,3.278290,32.367130,2.683949,18.712469,0,1.7201834862385246
2014-12-29,sh.600261,8.8600,8.9500,8.6700,8.7600,8.8700,14602481,128215224.0000,3,1.508414,1,-1.240100,3.237635,31.965734,2.650664,18.480409,0,-1.2401352874858995
2014-12-30,sh.600261,8.7300,8.8500,8.4500,8.4800,8.7600,16391214,141322254.0000,3,1.693187,1,-3.196400,3.134149,30.943998,2.565940,17.889711,0,-3.1963470319634646
2014-12-31,sh.600261,8.4700,8.5200,8.4200,8.4800,8.4800,10367463,87665479.0000,3,1.070943,1,0.000000,3.134149,30.943998,2.565940,17.889711,0,0.0
2015-01-05,sh.600261,8.5000,8.6800,8.4200,8.6800,8.4800,13143472,112537201.0000,3,1.357700,1,2.358500,3.208067,31.673810,2.626457,18.311638,0,2.3584905660377187
2015-01-06,sh.600261,8.6500,8.9000,8.6000,8.8800,8.6800,16745626,147272292.0000,3,1.729797,1,2.304100,3.281986,32.403621,2.686975,18.733566,0,2.3041474654378113
2015-01-07,sh.600261,8.8900,8.9500,8.7100,8.7900,8.8800,11807469,103995060.0000,3,1.219693,1,-1.013500,3.248723,32.075206,2.659742,18.543698,0,-1.013513513513531
2015-01-08,sh.600261,8.7300,8.8500,8.7300,8.7600,8.7900,10404310,91353349.0000,3,1.074749,1,-0.341300,3.237635,31.965734,2.650664,18.480409,0,-0.341296928327639
2015-01-09,sh.600261,8.7600,9.0900,8.7400,8.8800,8.7600,19686019,176127173.0000,3,2.033535,1,1.369900,3.281986,32.403621,2.686975,18.733566,0,1.3698630136986356
2015-01-12,sh.600261,8.8200,9.0900,8.7800,9.0600,8.8800,18224564,162939648.0000,3,1.882569,1,2.027000,3.348513,33.060451,2.741440,19.113300,0,2.0270270270270174
2015-01-13,sh.600261,9.0300,9.1900,8.9600,9.1800,9.0600,22528749,205062531.0000,3,2.327185,1,1.324500,3.392864,33.498338,2.777751,19.366456,0,1.3245033112582627
2015-01-14,sh.600261,9.1800,9.2200,9.0300,9.0800,9.1800,14165130,129136194.0000,3,1.463236,1,-1.089300,3.355905,33.133432,2.747492,19.155493,0,-1.0893246187363759
2015-01-15,sh.600261,9.2500,9.4700,9.2400,9.4300,9.0800,37792196,355140992.0000,3,3.903876,1,3.854600,3.485262,34.410602,2.853398,19.893865,0,3.854625550660784
2015-01-16,sh.600261,9.4900,9.5900,9.3800,9.4500,9.4300,25421198,241123804.0000,3,2.625971,1,0.212100,3.492654,34.483583,2.859449,19.936058,0,0.21208907741250282
2015-01-19,sh.600261,9.3300,9.5700,9.0700,9.1700,9.4500,29659875,277713728.0000,3,3.063819,1,-2.963000,3.389168,33.461847,2.774725,19.345360,0,-2.962962962962956
2015-01-20,sh.600261,9.1900,9.7200,9.1900,9.6800,9.1700,49080645,468847920.0000,3,5.069955,1,5.561600,3.577660,35.322866,2.929044,20.421274,0,5.561613958560518
2015-01-21,sh.600261,9.7200,9.9000,9.6100,9.8700,9.6800,49143543,480394944.0000,3,5.076452,1,1.962800,3.647883,36.016187,2.986536,20.822105,0,1.962809917355357
2015-01-22,sh.600261,9.8300,9.9600,9.7500,9.8500,9.8700,27950589,274830032.0000,3,2.887253,1,-0.202600,3.640491,35.943206,2.980484,20.779912,0,-0.20263424518742745
2015-01-23,sh.600261,9.8100,10.0600,9.7200,9.8500,9.8500,31743888,313506864.0000,3,3.279095,1,0.000000,3.640491,35.943206,2.980484,20.779912,0,0.0
2015-01-26,sh.600261,9.8000,9.9000,9.6100,9.7400,9.8500,31336455,304171072.0000,3,3.237008,1,-1.116800,3.599836,35.541810,2.947200,20.547852,0,-1.116751269035532
2015-01-27,sh.600261,9.7600,9.7800,9.5500,9.7000,9.7400,23282697,224839071.0000,3,2.405067,1,-0.410700,3.585052,35.395847,2.935096,20.463467,0,-0.4106776180698213
2015-01-28,sh.600261,9.6900,9.8600,9.6100,9.7600,9.7000,21263887,207308780.0000,3,2.196527,1,0.618600,3.607228,35.614791,2.953251,20.590045,0,0.6185567010309256
2015-01-29,sh.600261,9.7100,9.7400,9.4700,9.5000,9.7600,19099053,183063999.0000,3,1.972903,1,-2.663900,3.511134,34.666036,2.874579,20.041540,0,-2.6639344262295084
2015-01-30,sh.600261,9.5300,9.5900,9.3700,9.4700,9.5000,11703427,111014929.0000,3,1.208946,1,-0.315800,3.500046,34.556564,2.865501,19.978251,0,-0.3157894736842026
2015-02-02,sh.600261,9.4200,9.6600,9.3800,9.5700,9.4700,13867380,132752300.0000,3,1.432479,1,1.056000,3.537005,34.921470,2.895760,20.189214,0,1.055966209081305
2015-02-03,sh.600261,9.5800,9.7500,9.5200,9.7000,9.5700,16497095,159009455.0000,3,1.704125,1,1.358400,3.585052,35.395847,2.935096,20.463467,0,1.3584117032392706
2015-02-04,sh.600261,9.7100,9.7400,9.4800,9.5100,9.7000,13417603,128918553.0000,3,1.386018,1,-1.958800,3.514830,34.702527,2.877605,20.062636,0,-1.9587628865979312
2015-02-05,sh.600261,9.5500,9.6000,9.3700,9.3800,9.5100,12888784,122057772.0000,3,1.331392,1,-1.367000,3.466782,34.228149,2.838268,19.788384,0,-1.3669821240799074
2015-02-06,sh.600261,9.3600,9.4200,9.0600,9.1100,9.3800,15652550,144325049.0000,3,1.616884,1,-2.878500,3.366992,33.242904,2.756570,19.218782,0,-2.8784648187633377
2015-02-09,sh.600261,9.1000,9.2300,9.0500,9.0800,9.1100,8636613,78819768.0000,3,0.892149,1,-0.329300,3.355905,33.133432,2.747492,19.155493,0,-0.3293084522502654
2015-02-10,sh.600261,9.1200,9.1700,9.0700,9.1500,9.0800,7580227,69091173.0000,3,0.783026,1,0.770900,3.381776,33.388866,2.768673,19.303167,0,0.7709251101321701
2015-02-11,sh.600261,9.1600,9.2900,9.1200,9.2100,9.1500,10035604,92493233.0000,3,1.036662,1,0.655700,3.403952,33.607810,2.786828,19.429745,0,0.6557377049180468
2015-02-12,sh.600261,9.2100,9.3200,9.2100,9.2600,9.2100,7792539,72217815.0000,3,0.804957,1,0.542900,3.422431,33.790262,2.801958,19.535227,0,0.5428881650379802
2015-02-13,sh.600261,9.2800,9.4800,9.2800,9.4000,9.2600,14489640,136279817.0000,3,1.496758,1,1.511900,3.474174,34.301130,2.844320,19.830576,0,1.5118790496760237
2015-02-16,sh.600261,9.4300,9.5900,9.4000,9.5600,9.4000,16854978,160422059.0000,3,1.741093,1,1.702100,3.533309,34.884979,2.892734,20.168118,0,1.7021276595744705
2015-02-17,sh.600261,9.5900,9.6000,9.4500,9.5100,9.5600,12597337,119959702.0000,3,1.301286,1,-0.523000,3.514830,34.702527,2.877605,20.062636,0,-0.5230125523012608
2015-02-25,sh.600261,9.5500,9.6500,9.5100,9.5600,9.5100,11599105,111187112.0000,3,1.198170,1,0.525800,3.533309,34.884979,2.892734,20.168118,0,0.525762355415349
2015-02-26,sh.600261,9.5900,9.6300,9.5300,9.6200,9.5600,11200318,107484781.0000,3,1.156976,1,0.627600,3.555485,35.103923,2.910889,20.294696,0,0.6276150627614996
2015-02-27,sh.600261,9.6400,9.6900,9.5800,9.5900,9.6200,13949529,134400073.0000,3,1.440965,1,-0.311800,3.544397,34.994451,2.901812,20.231407,0,-0.31185031185030354
2015-03-02,sh.600261,9.6100,9.8700,9.5500,9.8500,9.5900,28368965,275506224.0000,3,2.930470,1,2.711200,3.640491,35.943206,2.980484,20.779912,0,2.711157455683
2015-03-03,sh.600261,9.8400,9.9400,9.7300,9.7500,9.8500,26787545,263178693.0000,3,2.767112,1,-1.015200,3.603532,35.578300,2.950226,20.568949,0,-1.015228426395931
2015-03-04,sh.600261,9.7600,10.0600,9.7600,10.0600,9.7500,36859108,366882736.0000,3,3.807489,1,3.179500,3.718106,36.709508,3.044028,21.222936,0,3.179487179487195
2015-03-05,sh.600261,10.0600,10.1300,9.9200,10.0500,10.0600,26956329,270373264.0000,3,2.784547,1,-0.099400,3.714410,36.673017,3.041002,21.201839,0,-0.09940357852882276
2015-03-06,sh.600261,10.0200,10.1000,9.7900,9.8100,10.0500,24198343,239096086.0000,3,2.499652,1,-2.388100,3.625707,35.797243,2.968381,20.695527,0,-2.3880597014925398
2015-03-09,sh.600261,9.7600,9.8400,9.6500,9.8100,9.8100,17923082,174894105.0000,3,1.851427,1,0.000000,3.625707,35.797243,2.968381,20.695527,0,0.0
2015-03-10,sh.600261,9.8100,10.0400,9.7800,10.0000,9.8100,20457232,203496467.0000,3,2.113201,1,1.936800,3.695930,36.490564,3.025872,21.096358,0,1.9367991845055998
2015-03-11,sh.600261,10.0000,10.0400,9.7700,9.8200,10.0000,21970871,217177386.0000,3,2.269557,1,-1.800000,3.629403,35.833734,2.971407,20.716623,0,-1.8000000000000016
2015-03-12,sh.600261,9.8000,9.8700,9.6800,9.7900,9.8200,17769876,173708503.0000,3,1.835601,1,-0.305500,3.618316,35.724262,2.962329,20.653334,0,-0.3054989816700715
2015-03-13,sh.600261,9.7900,9.9300,9.7900,9.8700,9.7900,16140077,159264617.0000,3,1.667245,1,0.817200,3.647883,36.016187,2.986536,20.822105,0,0.8171603677221695
2015-03-16,sh.600261,9.9000,10.5900,9.9000,10.4900,9.8700,57960761,593181392.0000,3,5.987257,1,6.281700,3.877031,38.278602,3.174140,22.130079,0,6.28166160081054
2015-03-17,sh.600261,10.6000,10.6500,10.4100,10.5300,10.4900,48831389,513325056.0000,3,5.044207,1,0.381300,3.891814,38.424564,3.186244,22.214465,0,0.38131553860818457
2015-03-18,sh.600261,10.5000,10.7900,10.4500,10.7500,10.5300,40976980,437062192.0000,3,4.232859,1,2.089300,3.973125,39.227357,3.252813,22.678585,0,2.089268755935425
2015-03-19,sh.600261,10.6800,10.9100,10.6000,10.7700,10.7500,41230280,442694880.0000,3,4.259025,1,0.186100,3.980517,39.300338,3.258865,22.720777,0,0.18604651162790198
2015-03-20,sh.600261,10.7900,11.0600,10.6700,10.8600,10.7700,30427959,331639776.0000,3,3.143161,1,0.835600,4.013780,39.628753,3.286097,22.910644,0,0.8356545961002881
2015-03-23,sh.600261,10.8600,11.1800,10.8100,11.1700,10.8600,39662580,435503152.0000,3,4.097084,1,2.854500,4.128354,40.759960,3.379899,23.564632,0,2.8545119705340793
2015-03-24,sh.600261,11.1800,11.4200,10.6900,10.9500,11.1700,49057448,541261904.0000,3,5.067559,1,-1.969600,4.047043,39.957168,3.313330,23.100512,0,-1.96956132497762
2015-03-25,sh.600261,10.9000,11.1500,10.6700,11.0600,10.9500,37447925,406629328.0000,3,3.868313,1,1.004600,4.087699,40.358564,3.346615,23.332572,0,1.0045662100456765
2015-03-26,sh.600261,11.0000,11.1500,10.7700,10.9900,11.0600,33022383,362404144.0000,3,3.411161,1,-0.632900,4.061827,40.103130,3.325434,23.184897,0,-0.6329113924050667
2015-03-27,sh.600261,10.9100,11.0900,10.9100,11.0100,10.9900,24857908,273676160.0000,3,2.567784,1,0.182000,4.069219,40.176111,3.331485,23.227090,0,0.18198362147405778
2015-03-30,sh.600261,11.0300,11.3400,10.9200,11.2800,11.0100,37580861,419701232.0000,3,3.882045,1,2.452300,4.169009,41.161356,3.413184,23.796691,0,2.452316076294281
2015-03-31,sh.600261,11.3200,12.1900,11.1300,11.9100,11.2800,58825784,686528784.0000,3,6.076613,1,5.585100,4.401853,43.460262,3.603814,25.125762,0,5.585106382978733
2015-04-01,sh.600261,11.8000,12.4300,11.7700,12.1200,11.9100,50899039,619781488.0000,3,5.257792,1,1.763200,4.479467,44.226564,3.667357,25.568786,0,1.76322418136019
2015-04-02,sh.600261,12.1300,12.9100,12.1200,12.8000,12.1200,54441695,680512656.0000,3,5.623743,1,5.610600,4.730791,46.707922,3.873117,27.003338,0,5.610561056105623
2015-04-03,sh.600261,12.7000,13.0500,12.4800,12.7400,12.8000,49846009,630534368.0000,3,5.149016,1,-0.468800,4.708615,46.488979,3.854961,26.876760,0,-0.46875000000000666
2015-04-07,sh.600261,12.7100,12.9500,12.6000,12.8100,12.7400,34947655,444714496.0000,3,3.610039,1,0.549500,4.734486,46.744413,3.876143,27.024434,0,0.5494505494505475
2015-04-08,sh.600261,12.8400,12.8800,12.1200,12.3000,12.8100,43731590,541639200.0000,3,4.517406,1,-3.981300,4.545994,44.883394,3.721823,25.948520,0,-3.9812646370023352
2015-04-09,sh.600261,12.2800,12.4000,11.7000,12.0800,12.3000,34809262,418059936.0000,3,3.595743,1,-1.788600,4.464684,44.080602,3.655254,25.484400,0,-1.788617886178867
2015-04-10,sh.600261,12.0400,12.3900,11.9100,12.3400,12.0800,23593539,289102272.0000,3,2.437176,1,2.152300,4.560778,45.029356,3.733927,26.032905,0,2.1523178807947074
2015-04-13,sh.600261,12.3500,12.6400,12.2800,12.3200,12.3400,33048576,409812192.0000,3,3.413867,1,-0.162100,4.553386,44.956375,3.727875,25.990713,0,-0.16207455429497752
2015-04-14,sh.600261,12.8900,12.9900,12.4100,12.4900,12.3200,53029288,671458176.0000,3,5.477844,1,1.379900,4.494545,41.969753,3.719004,45.207640,0,1.379870129870131
2015-04-15,sh.600261,12.5200,12.6900,11.9900,12.0500,12.4900,29917800,368786448.0000,3,3.090463,1,-3.522800,4.336211,40.491235,3.587990,43.615057,0,-3.522818254603677
2015-04-16,sh.600261,11.9600,12.3100,11.7300,12.1200,12.0500,25541722,308781488.0000,3,2.638421,1,0.580900,4.361400,40.726454,3.608833,43.868422,0,0.5809128630705374
2015-04-17,sh.600261,12.2300,12.4300,12.0500,12.2700,12.1200,28470078,349357408.0000,3,2.940915,1,1.237600,4.415378,41.230494,3.653497,44.411348,0,1.2376237623762387
2015-04-20,sh.600261,12.2900,12.4300,11.9500,12.1300,12.2700,33444854,407845136.0000,3,3.454802,1,-1.141000,4.364999,40.760057,3.611810,43.904617,0,-1.140994295028519
2015-04-21,sh.600261,12.3600,12.7600,12.1400,12.7300,12.1300,42036976,525633648.0000,3,4.342355,1,4.946400,4.580910,42.776218,3.790466,46.076321,0,4.946413849958775
2015-04-22,sh.600261,12.8100,13.0700,12.6700,12.9700,12.7300,42298419,546463744.0000,3,4.369362,1,1.885300,4.667274,43.582682,3.861928,46.945003,0,1.885310290651998
2015-04-23,sh.600261,13.0000,13.1000,12.7100,12.9600,12.9700,39055380,505190528.0000,3,4.034361,1,-0.077100,4.663675,43.549080,3.858950,46.908808,0,-0.07710100231302919
2015-04-24,sh.600261,12.7400,13.4500,12.6400,13.2900,12.9600,51375389,677564560.0000,3,5.306999,1,2.546300,4.782426,44.657968,3.957210,48.103245,0,2.54629629629628
2015-04-27,sh.600261,13.3800,13.7000,13.1200,13.2700,13.2900,34135832,456376976.0000,3,3.526179,1,-0.150500,4.775229,44.590763,3.951255,48.030855,0,-0.15048908954100604
2015-04-28,sh.600261,13.3000,13.3300,12.5300,12.5600,13.2700,35826761,458784928.0000,3,3.700849,1,-5.350400,4.519735,42.204972,3.739847,45.461005,0,-5.350414468726439
2015-04-29,sh.600261,12.5800,12.8800,12.5000,12.7600,12.5600,17737789,225630436.0000,3,1.832286,1,1.592400,4.591705,42.877026,3.799398,46.184907,0,1.5923566878980777
2015-04-30,sh.600261,12.8400,12.9700,12.6600,12.6700,12.7600,19396698,248793669.0000,3,2.003649,1,-0.705300,4.399682,40.294360,3.590380,99.937219,0,-0.7053291536050166
2015-05-04,sh.600261,12.7000,12.9300,12.5300,12.8700,12.6700,19076689,243587093.0000,3,1.970593,1,1.578500,4.469132,40.930419,3.647056,101.514760,0,1.5785319652722896
2015-05-05,sh.600261,12.8400,12.8500,12.2000,12.2600,12.8700,21529736,269707040.0000,3,2.223989,1,-4.739700,4.257308,38.990438,3.474196,96.703260,0,-4.739704739704731
2015-05-06,sh.600261,12.3100,12.4800,11.7800,11.9200,12.2600,19295753,236013577.0000,3,1.993222,1,-2.773200,4.139243,37.909137,3.377848,94.021440,0,-2.7732463295269127
2015-05-07,sh.600261,11.8700,12.0000,11.7500,11.9200,11.9200,14413395,171399252.0000,3,1.488882,1,0.000000,4.139243,37.909137,3.377848,94.021440,0,0.0
2015-05-08,sh.600261,11.9800,12.3900,11.9800,12.3100,11.9200,18080976,219697378.0000,3,1.867737,1,3.271800,4.274671,39.149453,3.488365,97.097645,0,3.2718120805369066
2015-05-11,sh.600261,12.4200,12.9300,12.4200,12.8600,12.3100,25100941,319402784.0000,3,2.592889,1,4.467900,4.465660,40.898616,3.644222,101.435883,0,4.467912266450025
2015-05-12,sh.600261,12.9400,13.2200,12.6400,13.0500,12.8600,35469103,458213488.0000,3,3.663904,1,1.477500,4.531638,41.502872,3.698064,102.934546,0,1.477449455676516
2015-05-13,sh.600261,13.0800,13.4900,12.9300,13.1300,13.0500,50071519,666041408.0000,3,5.172311,1,0.613000,4.559418,41.757296,3.720734,103.565563,0,0.6130268199233679
2015-05-14,sh.600261,13.0800,13.1500,12.8600,12.9900,13.1300,24479898,317838784.0000,3,2.528736,1,-1.066300,4.510802,41.312055,3.681061,102.461284,0,-1.066260472201075
2015-05-15,sh.600261,12.9900,13.9800,12.8600,13.8400,12.9900,59700591,804565088.0000,3,6.166979,1,6.543500,4.805967,44.015307,3.921931,109.165833,0,6.543494996150878
2015-05-18,sh.600261,13.7000,14.3500,13.5700,14.1500,13.8400,49965102,698208864.0000,3,5.161318,1,2.239900,4.913615,45.001199,4.009778,111.611022,0,2.239884393063596
2015-05-19,sh.600261,14.0000,14.5300,13.8300,14.2300,14.1500,36769004,522033504.0000,3,3.798182,1,0.565400,4.941395,45.255622,4.032448,112.242038,0,0.565371024734973
2015-05-20,sh.600261,14.4500,14.6000,14.1100,14.1200,14.2300,33521906,481600480.0000,3,3.462761,1,-0.773000,4.903197,44.905790,4.001276,111.374391,0,-0.7730147575544688
2015-05-21,sh.600261,14.1500,14.9800,14.1400,14.8100,14.1200,33411108,488544112.0000,3,3.451316,1,4.886700,5.142801,47.100195,4.196806,116.816907,0,4.886685552407943
2015-05-22,sh.600261,15.0000,15.1000,14.5900,14.8900,14.8100,34943367,519058816.0000,3,3.609596,1,0.540200,5.170581,47.354618,4.219476,117.447923,0,0.5401755570560329
2015-05-25,sh.600261,14.9100,15.6300,14.7500,15.4800,14.8900,41164584,626016560.0000,3,4.252238,1,3.962400,5.375460,49.230993,4.386668,122.101669,0,3.9623908663532603
2015-05-26,sh.600261,10.4000,11.2400,10.3000,11.2400,10.2200,45784748,499868032.0000,3,3.152996,1,9.980400,5.854667,53.619803,4.777728,132.986701,0,-27.39018087855297
2015-05-27,sh.600261,11.2400,11.2600,10.6600,10.9900,11.2400,78408913,857364240.0000,3,5.399680,1,-2.224200,5.724448,52.427192,4.671462,130.028812,0,-2.2241992882562234
2015-05-28,sh.600261,10.9500,11.1900,9.9200,10.1300,10.9900,72033572,769217280.0000,3,4.960638,1,-7.825300,5.276493,48.324609,4.305906,119.853673,0,-7.825295723384896
2015-05-29,sh.600261,10.0200,10.4000,9.4000,10.0500,10.1300,53296678,534364704.0000,3,3.670310,1,-0.789700,5.234823,47.942973,4.271901,118.907149,0,-0.7897334649555776
2015-06-01,sh.600261,10.0900,10.7900,10.0900,10.6900,10.0500,45745806,478457360.0000,3,3.150314,1,6.368200,5.568184,50.996058,4.543942,126.479345,0,6.368159203980084
2015-06-02,sh.600261,10.7300,10.8600,10.4700,10.8000,10.6900,53183846,568531104.0000,3,3.662540,1,1.029000,5.625481,51.520807,4.590700,127.780816,0,1.028999064546321
2015-06-03,sh.600261,10.8900,10.9900,10.5000,10.7500,10.8000,55233973,594359920.0000,3,3.803723,1,-0.463000,5.599437,51.282285,4.569446,127.189238,0,-0.462962962962965
2015-06-04,sh.600261,10.7500,10.9300,9.9800,10.6600,10.7500,52028862,551339648.0000,3,3.583001,1,-0.837200,5.552558,50.852945,4.531191,126.124398,0,-0.8372093023255811
2015-06-05,sh.600261,10.8900,11.2000,10.6700,11.0100,10.6600,76121087,833983376.0000,3,5.242127,1,3.283300,5.734865,52.522600,4.679963,130.265443,0,3.2833020637898613
2015-06-08,sh.600261,11.0700,11.1800,10.7500,10.8900,11.0100,59454397,650441808.0000,3,4.094365,1,-1.089900,5.672360,51.950147,4.628955,128.845656,0,-1.089918256130784
2015-06-09,sh.600261,10.9400,11.1800,10.8200,10.9800,10.8900,56968431,625279088.0000,3,3.923168,1,0.826400,5.719239,52.379487,4.667211,129.910497,0,0.8264462809917328
2015-06-10,sh.600261,10.9000,11.1900,10.7400,11.0500,10.9800,61709312,677271264.0000,3,4.249651,1,0.637500,5.755701,52.713418,4.696966,130.738706,0,0.6375227686703067
2015-06-11,sh.600261,10.9800,11.0700,10.8300,11.0300,11.0500,48408731,530002992.0000,3,3.333698,1,-0.181000,5.745283,52.618009,4.688464,130.502074,0,-0.18099547511313263
2015-06-12,sh.600261,11.1100,11.7400,11.0000,11.6100,11.0300,95956954,1095668512.0000,3,6.608137,1,5.258400,6.047392,55.384868,4.935002,137.364378,0,5.258386219401623
2015-06-15,sh.600261,11.5500,11.7800,11.3500,11.7100,11.6100,69771917,807670816.0000,3,4.804888,1,0.861300,6.099480,55.861912,4.977509,138.547533,0,0.8613264427218104
2015-06-16,sh.600261,11.7000,11.7000,10.8000,10.9700,11.7100,55521789,626835568.0000,3,3.823544,1,-6.319400,5.714030,52.331783,4.662961,129.792181,0,-6.31938514090521
2015-06-17,sh.600261,10.8900,11.0900,10.1800,10.9800,10.9700,49507105,531444816.0000,3,3.409339,1,0.091200,5.719239,52.379487,4.667211,129.910497,0,0.09115770282588365
2015-06-18,sh.600261,10.9000,11.1500,10.5000,10.5200,10.9800,35695851,387454896.0000,3,2.458218,1,-4.189400,5.479635,50.185082,4.471681,124.467980,0,-4.189435336976333
2015-06-19,sh.600261,10.1000,10.4300,9.4700,9.4700,10.5200,45847059,452926208.0000,3,3.157287,1,-9.981000,4.932713,45.176115,4.025363,112.044845,0,-9.980988593155882
2015-06-23,sh.600261,9.4700,9.6800,8.5200,9.3400,9.4700,43861111,399876688.0000,3,3.020524,1,-1.372800,4.864999,44.555957,3.970105,110.506743,0,-1.3727560718057141
2015-06-24,sh.600261,9.3800,9.5900,9.1900,9.5600,9.3400,44409551,419303392.0000,3,3.058292,1,2.355500,4.979592,45.605455,4.063619,113.109686,0,2.35546038543899
2015-06-25,sh.600261,9.5700,9.6100,8.8000,8.9900,9.5600,38684512,358113760.0000,3,2.664034,1,-5.962300,4.682692,42.886301,3.821332,106.365698,0,-5.962343096234313
2015-06-26,sh.600261,8.7600,8.7600,8.0900,8.0900,8.9900,46923803,392050272.0000,3,3.231438,1,-10.011100,4.213902,38.592901,3.438774,95.717297,0,-10.01112347052281
2015-06-29,sh.600261,8.3500,8.3900,7.2800,7.3900,8.0900,48316863,373639664.0000,3,3.327372,1,-8.652700,3.849287,35.253589,3.141229,87.435207,0,-8.652657601977754
2015-06-30,sh.600261,7.4200,8.1300,6.9100,8.1300,7.3900,54828402,414371872.0000,3,3.775793,1,10.013500,4.234737,38.783719,3.455777,96.190559,0,10.01353179972937
2015-07-01,sh.600261,8.0900,8.4100,7.8000,7.8300,8.1300,48915566,400113040.0000,3,3.368602,1,-3.690000,4.078474,37.352585,3.328257,92.641092,0,-3.690036900369009
2015-07-02,sh.600261,8.0400,8.1000,7.4800,7.6000,7.8300,41268966,321925792.0000,3,2.842014,1,-2.937400,3.958672,36.255383,3.230492,89.919834,0,-2.937420178799499
2015-07-03,sh.600261,7.5900,8.3600,7.3000,8.0000,7.6000,65300326,516300768.0000,3,4.496949,1,5.263200,4.167023,38.163561,3.400518,94.652457,0,5.263157894736836
2015-07-06,sh.600261,8.8000,8.8000,7.6800,8.5900,8.0000,84624268,705700432.0000,3,5.827705,1,7.375000,4.474341,40.978123,3.651306,101.633075,0,7.374999999999998
2015-07-07,sh.600261,8.1800,8.5800,7.7300,7.7300,8.5900,58874778,473987344.0000,3,4.054449,1,-10.011600,4.026386,36.875541,3.285751,91.457936,0,-10.011641443538988
2015-07-08,sh.600261,6.9600,7.5000,6.9600,7.1800,7.7300,111282055,799336272.0000,3,7.663510,1,-7.115100,3.739903,34.251796,3.051965,84.950580,0,-7.11513583441139
2015-07-09,sh.600261,6.9600,7.9000,6.9600,7.9000,7.1800,39221263,299712256.0000,3,2.700997,1,10.027900,4.114935,37.686516,3.358012,93.469301,0,10.027855153203348
2015-07-10,sh.600261,8.2300,8.6900,8.0400,8.6900,7.9000,66577934,572780160.0000,3,4.584932,1,10.000000,4.526429,41.455168,3.693813,102.816231,0,9.999999999999986
2015-07-13,sh.600261,8.9300,9.5600,8.6900,9.5600,8.6900,89008864,819203184.0000,3,6.129653,1,10.011500,4.979592,45.605455,4.063619,113.109686,0,10.011507479861926
2015-07-14,sh.600261,9.2500,9.6000,8.8600,8.8800,9.5600,78376709,721128624.0000,3,5.397462,1,-7.113000,4.625396,42.361552,3.774575,105.064227,0,-7.1129707112970735
2015-07-15,sh.600261,8.7000,8.7500,7.9900,7.9900,8.8800,49178815,408779184.0000,3,3.386731,1,-10.022500,4.161814,38.115856,3.396268,94.534141,0,-10.022522522522525
2015-07-16,sh.600261,7.9900,8.4900,7.5800,8.2200,7.9900,33570820,272491152.0000,3,2.311876,1,2.878600,4.281616,39.213059,3.494032,97.255399,0,2.8785982478097605
2015-07-17,sh.600261,8.2500,8.8300,8.2500,8.7000,8.2200,33592244,286771424.0000,3,2.313351,1,5.839400,4.531638,41.502872,3.698064,102.934546,0,5.8394160583941535
2015-07-20,sh.600261,8.9500,9.0800,8.5000,8.7200,8.7000,38674493,340075840.0000,3,2.663344,1,0.229900,4.542055,41.598281,3.706565,103.171178,0,0.22988505747127963
2015-07-21,sh.600261,8.6000,8.9400,8.4700,8.7900,8.7200,31774644,277985664.0000,3,2.188181,1,0.802700,4.578517,41.932212,3.736319,103.999387,0,0.8027522935779574
2015-07-22,sh.600261,8.8100,8.8700,8.4500,8.7000,8.7900,29714172,257662539.0000,3,2.046286,1,-1.023900,4.531638,41.502872,3.698064,102.934546,0,-1.0238907849829282
2015-07-23,sh.600261,8.7200,9.1500,8.7200,9.0800,8.7000,47315914,425373088.0000,3,3.258441,1,4.367800,4.729571,43.315641,3.859588,107.430538,0,4.367816091954024
2015-07-24,sh.600261,9.0600,9.1000,8.7000,8.7700,9.0800,40981187,365667584.0000,3,2.822196,1,-3.414100,4.568099,41.836803,3.727818,103.762755,0,-3.4140969162995694
2015-07-27,sh.600261,8.5900,8.8400,7.8900,7.8900,8.7700,29790062,249757084.0000,3,2.051512,1,-10.034200,4.109726,37.638812,3.353761,93.350985,0,-10.034207525655647
2015-07-28,sh.600261,7.7300,8.2500,7.5300,8.2300,7.8900,40806712,322276208.0000,3,2.810180,1,4.309200,4.286825,39.260763,3.498283,97.373715,0,4.309252217997472
2015-07-29,sh.600261,8.2300,8.5600,7.9000,8.5500,8.2300,25405733,209238689.0000,3,1.749582,1,3.888200,4.453506,40.787306,3.634304,101.159813,0,3.888213851761857
2015-07-30,sh.600261,8.5000,8.5800,8.0400,8.1300,8.5500,24309277,203629528.0000,3,1.674074,1,-4.912300,4.234737,38.783719,3.455777,96.190559,0,-4.912280701754391
2015-07-31,sh.600261,7.9600,8.1600,7.9600,8.0800,8.1300,15577181,125156766.0000,3,1.072733,1,-0.615000,4.208693,38.545196,3.434523,95.598981,0,-0.6150061500615145
2015-08-03,sh.600261,8.0200,8.4800,7.8500,8.4600,8.0800,24671627,201095297.0000,3,1.699027,1,4.703000,4.406627,40.357965,3.596048,100.094973,0,4.702970297029707
2015-08-04,sh.600261,8.4000,8.7600,8.3300,8.7300,8.4600,29442835,252144379.0000,3,2.027600,1,3.191500,4.547264,41.645986,3.710815,103.289493,0,3.1914893617021267
2015-08-05,sh.600261,8.7200,8.7900,8.4500,8.5000,8.7300,21125911,181913575.0000,3,1.454849,1,-2.634600,4.427462,40.548783,3.613051,100.568235,0,-2.6345933562428425
2015-08-06,sh.600261,8.4000,8.5600,8.2000,8.4000,8.5000,14076542,118466543.0000,3,0.969390,1,-1.176500,4.375374,40.071739,3.570544,99.385079,0,-1.17647058823529
2015-08-07,sh.600261,8.4700,8.6100,8.3700,8.5700,8.4000,19782685,168648338.0000,3,1.362347,1,2.023800,4.463923,40.882714,3.642805,101.396444,0,2.0238095238095166
2015-08-10,sh.600261,8.6100,8.9500,8.5300,8.8700,8.5700,33721255,296292912.0000,3,2.322236,1,3.500600,4.620187,42.313848,3.770325,104.945911,0,3.5005834305717576
2015-08-11,sh.600261,8.8300,9.1000,8.7100,8.8900,8.8700,39073684,347951200.0000,3,2.690834,1,0.225500,4.630604,42.409257,3.778826,105.182542,0,0.22547914317927464
2015-08-12,sh.600261,8.7800,9.2700,8.7500,8.8900,8.8900,41388299,375319808.0000,3,2.850232,1,0.000000,4.630604,42.409257,3.778826,105.182542,0,0.0
2015-08-13,sh.600261,8.8600,9.0600,8.6600,9.0400,8.8900,30356539,269805952.0000,3,2.090523,1,1.687300,4.708736,43.124824,3.842586,106.957276,0,1.6872890888638858
2015-08-14,sh.600261,9.0700,9.1300,8.8600,8.9300,9.0400,27576432,248706802.0000,3,1.899069,1,-1.216800,4.651439,42.600075,3.795828,105.655805,0,-1.2168141592920345
2015-08-17,sh.600261,8.8900,9.2400,8.7900,9.1800,8.9300,30819244,277127600.0000,3,2.122387,1,2.799600,4.781659,43.792686,3.902095,108.613694,0,2.799552071668532
2015-08-18,sh.600261,10.1000,10.1000,10.0300,10.1000,9.1800,93253713,941669136.0000,3,6.421977,1,10.021800,5.383445,44.214405,4.043467,92.594964,0,10.02178649237473
2015-08-19,sh.600261,9.7600,11.1100,9.3400,11.1100,10.1000,217726455,2252402112.0000,3,14.993872,1,10.000000,5.921789,48.635846,4.447814,101.854460,0,10.000000000000009
2015-08-20,sh.600261,11.0700,11.0700,10.0000,10.0000,11.1100,154933510,1635239952.0000,3,10.669596,1,-9.991000,5.330144,43.776639,4.003433,91.678182,0,-9.990999099909992
2015-08-21,sh.600261,9.5400,9.8400,9.0000,9.0000,10.0000,83274903,774540624.0000,3,5.734780,1,-10.000000,4.797129,39.398975,3.603090,82.510364,0,-9.999999999999998
2015-08-24,sh.600261,8.3000,8.4900,8.1000,8.1000,9.0000,34564907,281779760.0000,3,2.380334,1,-10.000000,4.317416,35.459078,3.242781,74.259327,0,-10.000000000000009
2015-08-25,sh.600261,7.2900,7.5300,7.2900,7.2900,8.1000,53838945,394519552.0000,3,3.707653,1,-10.000000,3.885675,31.913170,2.918503,66.833395,0,-9.999999999999998
2015-08-26,sh.600261,7.4000,7.7900,6.7000,6.8200,7.2900,68833155,497234848.0000,3,4.740239,1,-6.447200,3.635158,29.855668,2.730341,62.524520,0,-6.447187928669407
2015-08-27,sh.600261,7.2000,7.2900,6.7700,7.2800,6.8200,48832864,343887584.0000,3,3.362907,1,6.744900,3.880344,31.869393,2.914499,66.741716,0,6.74486803519061
2015-08-28,sh.600261,7.3300,7.8600,7.2000,7.8100,7.2800,67454365,504631216.0000,3,4.645288,1,7.280200,4.162842,34.189555,3.126681,71.600660,0,7.280219780219777
2015-08-31,sh.600261,7.6500,7.7000,7.2400,7.2600,7.8100,47875582,357135952.0000,3,3.296983,1,-7.042300,3.869684,31.781840,2.906492,66.558360,0,-7.042253521126762
2015-09-01,sh.600261,7.2000,7.2000,6.7800,6.9100,7.2600,42252525,293032496.0000,3,2.909747,1,-4.820900,3.683129,30.249658,2.766372,63.349624,0,-4.820936639118456
2015-09-02,sh.600261,6.6100,7.2600,6.5600,7.1000,6.9100,50095940,348651600.0000,3,3.449889,1,2.749600,3.784402,31.081414,2.842437,65.091509,0,2.749638205499272
2015-09-07,sh.600261,7.2000,7.4800,7.0600,7.1000,7.1000,27085516,197108563.0000,3,1.865261,1,0.000000,3.784402,31.081414,2.842437,65.091509,0,0.0
2015-09-08,sh.600261,7.0300,7.4400,7.0000,7.4000,7.1000,22899122,165584544.0000,3,1.576963,1,4.225400,3.944306,32.394713,2.962540,67.841855,0,4.225352112676073
2015-09-09,sh.600261,7.4200,7.6900,7.3200,7.5600,7.4000,39218101,295705120.0000,3,2.700780,1,2.162200,4.029589,33.095139,3.026595,69.308705,0,2.1621621621621623
2015-09-10,sh.600261,7.4000,7.5000,7.3400,7.3900,7.5600,25340131,187815351.0000,3,1.745064,1,-2.248700,3.938976,32.350936,2.958537,67.750176,0,-2.2486772486772444
2015-09-11,sh.600261,7.4000,7.5600,7.4000,7.4700,7.3900,18884878,140944738.0000,3,1.300519,1,1.082500,3.981617,32.701149,2.990564,68.483602,0,1.0825439783491264
2015-09-14,sh.600261,7.4600,7.5300,6.7200,6.7400,7.4700,35682407,251042797.0000,3,2.457292,1,-9.772400,3.592517,29.505455,2.698314,61.791095,0,-9.772423025435073
2015-09-15,sh.600261,6.6400,6.8300,6.3500,6.4100,6.7400,22825318,150277270.0000,3,1.571880,1,-4.896100,3.416622,28.060826,2.566200,58.765715,0,-4.896142433234418
2015-09-16,sh.600261,6.5000,7.0500,6.3900,6.9400,6.4100,23562139,157341993.0000,3,1.622622,1,8.268300,3.699120,30.380987,2.778382,63.624658,0,8.268330733229323
2015-09-17,sh.600261,6.8100,7.0200,6.6300,6.6500,6.9400,25676151,175996622.0000,3,1.768205,1,-4.178700,3.544545,29.111465,2.662283,60.965991,0,-4.17867435158501
2015-09-18,sh.600261,6.7000,6.7800,6.5500,6.7100,6.6500,15637271,104775860.0000,3,1.076871,1,0.902300,3.576526,29.374125,2.686303,61.516060,0,0.9022556390977376
2015-09-21,sh.600261,6.6000,6.8700,6.5500,6.8500,6.7100,15467943,104599657.0000,3,1.065210,1,2.086400,3.651148,29.986998,2.742351,62.799555,0,2.086438152011927
2015-09-22,sh.600261,6.8600,7.1000,6.8000,6.9400,6.8500,24625843,171338465.0000,3,1.695874,1,1.313900,3.699120,30.380987,2.778382,63.624658,0,1.3138686131386912
2015-09-23,sh.600261,6.8100,6.8800,6.6500,6.7800,6.9400,17410086,118110986.0000,3,1.198957,1,-2.305500,3.613837,29.680561,2.714327,62.157807,0,-2.3054755043227737
2015-09-24,sh.600261,6.7600,6.8800,6.7600,6.8300,6.7800,12318469,83947561.0000,3,0.848319,1,0.737500,3.640488,29.899444,2.734345,62.616198,0,0.7374631268436627
2015-09-25,sh.600261,6.8200,6.8400,6.5800,6.6600,6.8300,13602687,91049404.0000,3,0.936758,1,-2.489000,3.549876,29.155242,2.666286,61.057669,0,-2.4890190336749662
2015-09-28,sh.600261,6.6700,6.7500,6.6000,6.7200,6.6600,7039858,47066332.0000,3,0.484804,1,0.900900,3.581856,29.417901,2.690307,61.607738,0,0.9009009009008917
2015-09-29,sh.600261,6.6000,6.6300,6.4600,6.6000,6.7200,11351271,74535899.0000,3,0.781713,1,-1.785700,3.517895,28.892582,2.642266,60.507600,0,-1.7857142857142905
2015-09-30,sh.600261,6.5700,6.6700,6.5500,6.5900,6.6000,7815150,51586388.0000,3,0.538195,1,-0.151500,3.512565,28.848805,2.638262,60.415922,0,-0.15151515151514694
2015-10-08,sh.600261,6.9000,6.9500,6.7700,6.8500,6.5900,16204482,110711586.0000,3,1.115932,1,3.945400,3.651148,29.986998,2.742351,62.799555,0,3.9453717754172946
2015-10-09,sh.600261,6.8700,6.9700,6.8000,6.9400,6.8500,17395186,119819977.0000,3,1.197931,1,1.313900,3.699120,30.380987,2.778382,63.624658,0,1.3138686131386912
2015-10-12,sh.600261,6.9600,7.2800,6.9300,7.2100,6.9400,27686775,197908551.0000,3,1.906668,1,3.890500,3.843033,31.562957,2.886475,66.099969,0,3.890489913544659
2015-10-13,sh.600261,7.1800,7.3800,7.1000,7.2900,7.2100,24362511,176552241.0000,3,1.677740,1,1.109600,3.885675,31.913170,2.918503,66.833395,0,1.109570041608876
2015-10-14,sh.600261,7.2200,7.4300,7.2100,7.2900,7.2900,27555155,201657494.0000,3,1.897603,1,0.000000,3.885675,31.913170,2.918503,66.833395,0,0.0
2015-10-15,sh.600261,7.2200,7.4300,7.2200,7.4200,7.2900,24626353,181127320.0000,3,1.695910,1,1.783300,3.954967,32.482266,2.970547,68.025211,0,1.7832647462276974
2015-10-16,sh.600261,7.4500,7.5000,7.3200,7.4200,7.4200,24476152,181064395.0000,3,1.685566,1,0.000000,3.954967,32.482266,2.970547,68.025211,0,0.0
2015-10-19,sh.600261,7.4100,7.6300,7.3500,7.4500,7.4200,26826834,200532602.0000,3,1.847447,1,0.404300,3.970957,32.613596,2.982557,68.300245,0,0.40431266846361336
2015-10-20,sh.600261,7.4500,7.5900,7.3900,7.5600,7.4500,22533574,168149651.0000,3,1.551789,1,1.476500,4.029589,33.095139,3.026595,69.308705,0,1.4765100671140896
2015-10-21,sh.600261,7.5800,7.5800,7.0900,7.1000,7.5600,31488020,230657424.0000,3,2.168443,1,-6.084700,3.784402,31.081414,2.842437,65.091509,0,-6.084656084656082
2015-10-22,sh.600261,7.0800,7.3500,7.0700,7.3200,7.1000,17333151,124757352.0000,3,1.193659,1,3.098600,3.901665,32.044500,2.930513,67.108429,0,3.0985915492957927
2015-10-23,sh.600261,7.3300,7.4800,7.2900,7.4300,7.3200,18691337,137894931.0000,3,1.287191,1,1.502700,3.960297,32.526043,2.974551,68.116889,0,1.5027322404371546
2015-10-26,sh.600261,7.5400,7.6600,7.4800,7.5800,7.4300,26135642,197614345.0000,3,1.799848,1,2.018800,4.040249,33.182692,3.034602,69.492062,0,2.0188425302826385
2015-10-27,sh.600261,7.5100,7.9700,7.4400,7.9000,7.5800,50840555,393253056.0000,3,3.501167,1,4.221600,4.073862,33.364347,2.891107,68.567656,0,4.221635883905006
2015-10-28,sh.600261,7.7800,7.9600,7.7200,7.7900,7.9000,31777367,249108964.0000,3,2.188369,1,-1.392400,4.017137,32.899780,2.850852,67.612916,0,-1.3924050632911467
2015-10-29,sh.600261,7.7100,8.1800,7.7100,8.0500,7.7900,34442956,276284656.0000,3,2.371936,1,3.337600,4.151214,33.997847,2.946002,69.869573,0,3.3376123234916566
2015-10-30,sh.600261,8.0000,8.1800,7.7900,7.8200,8.0500,24744917,197768258.0000,3,1.704075,1,-2.857100,4.032608,33.026480,2.861830,67.873300,0,-2.857142857142858
2015-11-02,sh.600261,7.7500,8.1900,7.6500,8.0000,7.8200,27373189,220040920.0000,3,1.885072,1,2.301800,4.125430,33.786680,2.927704,69.435601,0,2.3017902813299296
2015-11-03,sh.600261,8.0100,8.2500,8.0000,8.0700,8.0000,22613752,183682777.0000,3,1.557311,1,0.875000,4.161527,34.082314,2.953321,70.043162,0,0.8750000000000036
2015-11-04,sh.600261,7.9800,8.3400,7.9800,8.3300,8.0700,24990468,205773442.0000,3,1.720985,1,3.221800,4.295604,35.180381,3.048472,72.299819,0,3.2218091697645557
2015-11-05,sh.600261,8.3400,8.3700,8.1600,8.2300,8.3300,24173856,199334570.0000,3,1.664748,1,-1.200500,4.244036,34.758047,3.011875,71.431874,0,-1.2004801920768249
2015-11-06,sh.600261,8.2400,8.4300,8.2100,8.3100,8.2300,19992545,166691402.0000,3,1.376799,1,0.972100,4.285290,35.095914,3.041152,72.126230,0,0.9720534629404698
2015-11-09,sh.600261,8.2700,8.3300,8.0400,8.2100,8.3100,31024808,253760416.0000,3,2.136543,1,-1.203400,4.233722,34.673581,3.004556,71.258285,0,-1.203369434416357
2015-11-10,sh.600261,8.1600,8.2300,8.0800,8.2100,8.2100,19253720,157282179.0000,3,1.325920,1,0.000000,4.233722,34.673581,3.004556,71.258285,0,0.0
2015-11-11,sh.600261,8.2000,8.2600,8.1300,8.2400,8.2100,16926318,138534032.0000,3,1.165642,1,0.365400,4.249193,34.800281,3.015535,71.518669,0,0.3654080389768444
2015-11-12,sh.600261,8.2100,8.3900,8.1900,8.3700,8.2400,19536529,161829381.0000,3,1.345396,1,1.577700,4.316231,35.349314,3.063110,72.646997,0,1.577669902912615
2015-11-13,sh.600261,8.3200,8.3200,7.9000,8.0900,8.3700,16285371,132993720.0000,3,1.121503,1,-3.345300,4.171841,34.166780,2.960640,70.216751,0,-3.345280764635594
2015-11-16,sh.600261,7.9900,8.4000,7.9500,8.4000,8.0900,21325057,176478572.0000,3,1.468564,1,3.831900,4.331701,35.476014,3.074089,72.907381,0,3.8318912237330194
2015-11-17,sh.600261,8.5000,8.5400,8.2100,8.2200,8.4000,20484921,170916710.0000,3,1.410707,1,-2.142800,4.238879,34.715814,3.008216,71.345080,0,-2.1428571428571352
2015-11-18,sh.600261,8.2300,8.3000,8.1300,8.1800,8.2200,12555939,103232594.0000,3,0.864673,1,-0.486600,4.218252,34.546881,2.993577,70.997902,0,-0.48661800486619056
2015-11-19,sh.600261,8.1800,8.2700,8.1600,8.2700,8.1800,9293228,76273663.0000,3,0.639984,1,1.100200,4.264663,34.926981,3.026514,71.779052,0,1.1002444987775029
2015-11-20,sh.600261,8.2700,8.3900,8.2300,8.3300,8.2700,16132912,134144053.0000,3,1.111003,1,0.725500,4.295604,35.180381,3.048472,72.299819,0,0.7255139056832061
2015-11-23,sh.600261,8.4000,8.4300,8.1500,8.2300,8.3300,11338087,94276946.0000,3,0.780805,1,-1.200500,4.244036,34.758047,3.011875,71.431874,0,-1.2004801920768249
2015-11-24,sh.600261,8.1900,8.2700,8.1200,8.2700,8.2300,7457516,61205146.0000,3,0.513567,1,0.486000,4.264663,34.926981,3.026514,71.779052,0,0.4860267314702238
2015-11-25,sh.600261,8.3000,8.3300,8.2000,8.2600,8.2700,10845243,89584452.0000,3,0.746865,1,-0.120900,4.259506,34.884747,3.022854,71.692258,0,-0.12091898428052694
2015-11-26,sh.600261,8.3300,8.5500,8.2400,8.5200,8.2600,26784618,225231750.0000,3,1.844540,1,3.147700,4.393583,35.982814,3.118005,73.948915,0,3.147699757869238
2015-11-27,sh.600261,8.4500,8.4800,8.0100,8.1900,8.5200,18882807,156018696.0000,3,1.300377,1,-3.873200,4.223409,34.589114,2.997237,71.084696,0,-3.8732394366197243
2015-11-30,sh.600261,8.1500,8.1800,7.6000,7.9700,8.1900,16786951,132955699.0000,3,1.156044,1,-2.686200,4.109960,33.659980,2.916725,69.175217,0,-2.6862026862026878
2015-12-01,sh.600261,7.9800,8.0100,7.8100,7.9300,7.9700,9534104,75281696.0000,3,0.656572,1,-0.501900,4.089332,33.491047,2.902086,68.828039,0,-0.5018820577164407
2015-12-02,sh.600261,7.9300,8.0000,7.7200,7.9200,7.9300,9421710,74177883.0000,3,0.648832,1,-0.126100,4.084176,33.448813,2.898427,68.741245,0,-0.12610340479192184
2015-12-03,sh.600261,7.9800,8.1000,7.9000,8.0800,7.9200,11148663,89514978.0000,3,0.767760,1,2.020200,4.166684,34.124547,2.956981,70.129957,0,2.020202020202011
2015-12-04,sh.600261,8.0500,8.2700,8.0100,8.0800,8.0800,11278541,91643835.0000,3,0.776704,1,0.000000,4.166684,34.124547,2.956981,70.129957,0,0.0
2015-12-07,sh.600261,8.0600,8.1200,7.9800,8.0500,8.0800,9058579,72783811.0000,3,0.623825,1,-0.371300,4.151214,33.997847,2.946002,69.869573,0,-0.3712871287128605
2015-12-08,sh.600261,8.0300,8.0400,7.8100,8.0000,8.0500,12543955,99554635.0000,3,0.863848,1,-0.621100,4.125430,33.786680,2.927704,69.435601,0,-0.6211180124223725
2015-12-09,sh.600261,7.9000,8.0100,7.8100,7.8200,8.0000,7559397,59788068.0000,3,0.520583,1,-2.250000,4.032608,33.026480,2.861830,67.873300,0,-2.2499999999999964
2015-12-10,sh.600261,7.8200,7.9200,7.5600,7.6300,7.8200,12019387,93320322.0000,3,0.827723,1,-2.429700,3.934629,32.224046,2.792297,66.224204,0,-2.4296675191815886
2015-12-11,sh.600261,7.6200,7.7700,7.5700,7.6200,7.6300,7475371,57136177.0000,3,0.514796,1,-0.131100,3.929472,32.181813,2.788638,66.137410,0,-0.1310615989515096
2015-12-14,sh.600261,7.5300,7.8000,7.5300,7.7900,7.6200,6374716,48881449.0000,3,0.438999,1,2.231000,4.017137,32.899780,2.850852,67.612916,0,2.2309711286089273
2015-12-15,sh.600261,7.7500,7.8600,7.7400,7.7800,7.7900,6980781,54455391.0000,3,0.480736,1,-0.128400,4.011981,32.857547,2.847192,67.526122,0,-0.12836970474967568
2015-12-16,sh.600261,7.7900,7.9200,7.7500,7.8700,7.7800,6601740,51910005.0000,3,0.454633,1,1.156800,4.058392,33.237647,2.880129,68.307272,0,1.1568123393316254
2015-12-17,sh.600261,7.9000,8.0600,7.8500,8.0500,7.8700,10699579,85525531.0000,3,0.736833,1,2.287200,4.151214,33.997847,2.946002,69.869573,0,2.287166454891998
2015-12-18,sh.600261,8.0500,8.2200,8.0000,8.1700,8.0500,14784606,119873104.0000,3,1.018151,1,1.490700,4.213095,34.504647,2.989917,70.911107,0,1.4906832298136496
2015-12-21,sh.600261,8.1600,8.3400,8.1000,8.2800,8.1700,12122587,99969305.0000,3,0.834830,1,1.346400,4.269820,34.969214,3.030173,71.865847,0,1.346389228886169
2015-12-22,sh.600261,8.3100,8.3600,8.2000,8.3000,8.2800,12053553,99975225.0000,3,0.830076,1,0.241600,4.280134,35.053681,3.037493,72.039436,0,0.24154589371983004
2015-12-23,sh.600261,8.2600,8.3200,8.0900,8.1300,8.3000,14087360,115645085.0000,3,0.970135,1,-2.048200,4.192468,34.335714,2.975279,70.563929,0,-2.048192771084334
2015-12-24,sh.600261,8.1800,8.2300,8.0000,8.2200,8.1300,9015142,73218763.0000,3,0.620834,1,1.107000,4.238879,34.715814,3.008216,71.345080,0,1.1070110701107083
2015-12-25,sh.600261,8.2500,8.2800,8.1600,8.1700,8.2200,6257855,51435595.0000,3,0.430951,1,-0.608300,4.213095,34.504647,2.989917,70.911107,0,-0.6082725060827299
2015-12-28,sh.600261,8.2000,8.2700,8.1100,8.1700,8.1700,10730914,87710850.0000,3,0.738991,1,0.000000,4.213095,34.504647,2.989917,70.911107,0,0.0
2015-12-29,sh.600261,8.1700,8.8000,8.1200,8.7400,8.1700,23669439,200111094.0000,3,1.630011,1,6.976700,4.507032,36.911948,3.198516,75.858394,0,6.976744186046524
2015-12-30,sh.600261,8.6000,9.2000,8.6000,9.0600,8.7400,39196325,352503904.0000,3,2.699280,1,3.661300,4.672049,38.263415,3.315625,78.635818,0,3.661327231121292
2015-12-31,sh.600261,9.0000,9.0400,8.7700,8.7900,9.0600,15676451,139179273.0000,3,1.079569,1,-2.980100,4.532816,37.123115,3.216815,76.292366,0,-2.980132450331141
2016-01-04,sh.600261,8.8200,9.0600,8.0000,8.1300,8.7900,14970159,130112073.0000,3,1.030930,1,-7.508500,4.192468,34.335714,2.975279,70.563929,0,-7.50853242320817
2016-01-05,sh.600261,7.3200,8.4800,7.3200,8.4400,8.1300,35565576,280254672.0000,3,2.449246,1,3.813000,4.352329,35.644948,3.088727,73.254559,0,3.8130381303812966
2016-01-06,sh.600261,8.3500,8.6800,8.0000,8.6700,8.4400,18771402,158438088.0000,3,1.292705,1,2.725100,4.470935,36.616315,3.172899,75.250832,0,2.7251184834123254
2016-01-07,sh.600261,8.4000,8.4700,7.8000,7.8500,8.6700,5240812,42283529.0000,3,0.360912,1,-9.457900,4.048078,33.153180,2.872809,68.133683,0,-9.45790080738178
2016-01-08,sh.600261,8.1000,8.4500,7.8000,8.2400,7.8500,17467206,143426736.0000,3,1.202890,1,4.968200,4.249193,34.800281,3.015535,71.518669,0,4.968152866242037
2016-01-11,sh.600261,8.1000,8.5900,7.9200,8.1600,8.2400,19285981,161253644.0000,3,1.328141,1,-0.970900,4.207938,34.462414,2.986258,70.824313,0,-0.9708737864077666
2016-01-12,sh.600261,8.0500,8.1600,7.7700,7.9600,8.1600,14642451,116878501.0000,3,1.008362,1,-2.451000,4.104803,33.617747,2.913065,69.088423,0,-2.450980392156865
2016-01-13,sh.600261,7.9700,8.2200,7.8000,7.8100,7.9600,10147278,81576110.0000,3,0.698799,1,-1.884400,4.027451,32.984247,2.858171,67.786505,0,-1.8844221105527637
2016-01-14,sh.600261,7.5800,8.1000,7.4000,8.0700,7.8100,10924197,85324603.0000,3,0.752302,1,3.329100,4.161527,34.082314,2.953321,70.043162,0,3.3290653008962945
2016-01-15,sh.600261,8.0200,8.4900,7.9000,7.9900,8.0700,14794861,121456756.0000,3,1.018858,1,-0.991300,4.120273,33.744447,2.924044,69.348806,0,-0.9913258983890949
2016-01-18,sh.600261,7.6500,8.1900,7.6000,8.1300,7.9900,10710778,85302753.0000,3,0.737605,1,1.752200,4.192468,34.335714,2.975279,70.563929,0,1.7521902377972465
2016-01-19,sh.600261,8.0500,8.4900,7.9900,8.4500,8.1300,14133232,117012997.0000,3,0.973294,1,3.936000,4.357485,35.687181,3.092387,73.341353,0,3.936039360393595
2016-01-20,sh.600261,8.3500,8.7900,8.3000,8.6300,8.4500,21145284,180740915.0000,3,1.456184,1,2.130200,4.450308,36.447381,3.158260,74.903654,0,2.130177514792919
2016-01-21,sh.600261,8.5000,8.7400,8.0500,8.1100,8.6300,16769297,141891207.0000,3,1.154828,1,-6.025500,4.182155,34.251247,2.967960,70.390340,0,-6.025492468134431
2016-01-22,sh.600261,8.2500,8.3600,7.9000,8.1000,8.1100,13562685,110296935.0000,3,0.934003,1,-0.123300,4.176998,34.209014,2.964300,70.303546,0,-0.12330456226880004
2016-01-25,sh.600261,8.1800,8.9100,8.1000,8.9100,8.1000,28889617,247240753.0000,3,1.989502,1,10.000000,4.594698,37.629915,3.260730,77.333900,0,10.000000000000009
2016-01-26,sh.600261,8.9100,9.0800,8.0500,8.4000,8.9100,48672250,421494848.0000,3,3.351846,1,-5.723900,4.331701,35.476014,3.074089,72.907381,0,-5.72390572390572
2016-01-27,sh.600261,8.1600,8.2700,7.5600,7.7200,8.4000,26077975,203541166.0000,3,1.795876,1,-8.095200,3.981040,32.604146,2.825234,67.005355,0,-8.0952380952381
2016-01-28,sh.600261,7.5900,7.6900,6.9900,7.0200,7.7200,20429828,150032689.0000,3,1.406913,1,-9.067400,3.620065,29.647812,2.569060,60.929740,0,-9.067357512953366
2016-01-29,sh.600261,7.0100,7.4200,7.0000,7.1900,7.0200,15130884,109533019.0000,3,1.041998,1,2.421700,3.707730,30.365779,2.631274,62.405246,0,2.4216524216524427
2016-02-01,sh.600261,7.2000,7.2700,6.8600,7.0200,7.1900,9900320,70150041.0000,3,0.681792,1,-2.364400,3.620065,29.647812,2.569060,60.929740,0,-2.364394993045904
2016-02-02,sh.600261,7.0700,7.4300,7.0500,7.3800,7.0200,9562487,69735462.0000,3,0.658527,1,5.128200,3.805709,31.168213,2.700807,64.054342,0,5.128205128205132
2016-02-03,sh.600261,7.3000,7.4700,7.2300,7.3600,7.3800,6112595,44827999.0000,3,0.420948,1,-0.271000,3.795396,31.083746,2.693487,63.880753,0,-0.27100271002709064
2016-02-04,sh.600261,7.3600,7.5700,7.3600,7.4800,7.3600,7195051,53836337.0000,3,0.495492,1,1.630400,3.857277,31.590546,2.737403,64.922287,0,1.6304347826086918
2016-02-05,sh.600261,7.5100,7.5500,7.4200,7.4300,7.4800,3863163,28866806.0000,3,0.266039,1,-0.668500,3.831493,31.379379,2.719105,64.488314,0,-0.6684491978609763
2016-02-15,sh.600261,7.0800,7.4500,7.0600,7.3600,7.4300,3282101,23941682.0000,3,0.226024,1,-0.942100,3.795396,31.083746,2.693487,63.880753,0,-0.9421265141318913
2016-02-16,sh.600261,7.3500,7.6800,7.3500,7.6400,7.3600,6007643,45570314.0000,3,0.413720,1,3.804300,3.939786,32.266280,2.795957,66.310999,0,3.80434782608694
2016-02-17,sh.600261,7.5900,7.6900,7.4000,7.6800,7.6400,7330434,55527707.0000,3,0.504815,1,0.523600,3.960413,32.435213,2.810596,66.658177,0,0.5235602094240788
2016-02-18,sh.600261,7.6700,7.8800,7.6500,7.7900,7.6800,11028821,85707242.0000,3,0.759507,1,1.432300,4.017137,32.899780,2.850852,67.612916,0,1.432291666666674
2016-02-19,sh.600261,7.7000,7.8500,7.6500,7.7200,7.7900,4936380,38115279.0000,3,0.339947,1,-0.898600,3.981040,32.604146,2.825234,67.005355,0,-0.898587933247752
2016-02-22,sh.600261,7.7300,8.2000,7.7300,8.0700,7.7200,12348343,98793068.0000,3,0.850377,1,4.533700,4.161527,34.082314,2.953321,70.043162,0,4.5336787564767
2016-02-23,sh.600261,8.0700,8.1900,7.9300,8.1300,8.0700,7044392,56615650.0000,3,0.485117,1,0.743500,4.192468,34.335714,2.975279,70.563929,0,0.743494423791824
2016-02-24,sh.600261,8.1000,8.3800,8.0000,8.3500,8.1300,8340319,68163818.0000,3,0.574361,1,2.706000,4.305917,35.264847,3.055791,72.473408,0,2.7060270602705883
2016-02-25,sh.600261,8.4900,8.6900,7.7100,7.7300,8.3500,18129178,147931818.0000,3,1.248477,1,-7.425200,3.986197,32.646380,2.828894,67.092149,0,-7.425149700598799
2016-02-26,sh.600261,7.8000,7.9400,7.5800,7.7900,7.7300,6871332,53356030.0000,3,0.473199,1,0.776200,4.017137,32.899780,2.850852,67.612916,0,0.77619663648123
2016-02-29,sh.600261,7.7000,7.7000,7.2600,7.3300,7.7900,8433294,62273169.0000,3,0.580764,1,-5.905000,3.779925,30.957046,2.682509,63.620369,0,-5.905006418485237
2016-03-01,sh.600261,7.3800,7.4300,7.1800,7.3600,7.3300,10395712,76099908.0000,3,0.715907,1,0.409300,3.795396,31.083746,2.693487,63.880753,0,0.4092769440654953
2016-03-02,sh.600261,7.2700,7.6600,7.2700,7.6100,7.3600,12082370,90665202.0000,3,0.832060,1,3.396700,3.924315,32.139580,2.784978,66.050615,0,3.3967391304347894
2016-03-03,sh.600261,7.6200,7.7500,7.5300,7.5700,7.6100,9830771,75136544.0000,3,0.677002,1,-0.525600,3.903688,31.970646,2.770340,65.703437,0,-0.5256241787122251
2016-03-04,sh.600261,7.5300,7.6000,7.2100,7.2900,7.5700,14211987,104368796.0000,3,0.978718,1,-3.698800,3.759298,30.788112,2.667870,63.273191,0,-3.6988110964332965
2016-03-07,sh.600261,7.2900,7.5200,7.2900,7.3600,7.2900,6548307,48381867.0000,3,0.450953,1,0.960200,3.795396,31.083746,2.693487,63.880753,0,0.9602194787380114
2016-03-08,sh.600261,7.3600,7.3700,7.1100,7.3600,7.3600,6107881,44343901.0000,3,0.420623,1,0.000000,3.795396,31.083746,2.693487,63.880753,0,0.0
2016-03-09,sh.600261,7.2600,7.3900,7.1600,7.2500,7.3600,5162664,37536645.0000,3,0.355530,1,-1.494600,3.738671,30.619179,2.653232,62.926013,0,-1.4945652173913082
2016-03-10,sh.600261,7.2100,7.3400,7.1600,7.2000,7.2500,3962618,28626618.0000,3,0.272888,1,-0.689700,3.712887,30.408012,2.634933,62.492041,0,-0.6896551724137945
2016-03-11,sh.600261,7.1800,7.2600,7.1300,7.2400,7.2000,3230478,23258163.0000,3,0.222469,1,0.555600,3.733514,30.576946,2.649572,62.839219,0,0.5555555555555536
2016-03-14,sh.600261,7.3000,7.5700,7.2800,7.5100,7.2400,9222608,68928613.0000,3,0.635121,1,3.729300,3.872747,31.717246,2.748382,65.182670,0,3.7292817679557944
2016-03-15,sh.600261,7.3900,7.5000,7.3300,7.3500,7.5100,5633269,41611378.0000,3,0.387939,1,-2.130500,3.790239,31.041512,2.689828,63.793958,0,-2.130492676431428
2016-03-16,sh.600261,7.3600,7.4600,7.2800,7.3400,7.3500,3445461,25341548.0000,3,0.237274,1,-0.136100,3.785082,30.999279,2.686168,63.707164,0,-0.1360544217687054
2016-03-17,sh.600261,7.3200,7.5700,7.3200,7.5200,7.3400,7721693,57671197.0000,3,0.531759,1,2.452300,3.877904,31.759479,2.752042,65.269465,0,2.452316076294281
2016-03-18,sh.600261,7.5200,7.7800,7.5000,7.6700,7.5200,10190113,78313305.0000,3,0.701749,1,1.994700,3.955256,32.392980,2.806936,66.571382,0,1.9946808510638236
2016-03-21,sh.600261,7.7400,7.8200,7.6500,7.7800,7.6700,8446712,65351058.0000,3,0.581688,1,1.434200,4.011981,32.857547,2.847192,67.526122,0,1.4341590612777066
2016-03-22,sh.600261,7.7600,7.9700,7.6500,7.8600,7.7800,9004056,70977582.0000,3,0.620070,1,1.028300,4.053235,33.195413,2.876469,68.220478,0,1.0282776349614497
2016-03-23,sh.600261,7.8100,7.8900,7.7200,7.8300,7.8600,7131982,55550876.0000,3,0.491149,1,-0.381700,4.037765,33.068713,2.865490,67.960094,0,-0.3816793893129833
2016-03-24,sh.600261,7.8100,7.8100,7.6600,7.7000,7.8300,7860951,60708316.0000,3,0.541349,1,-1.660300,3.970726,32.519680,2.817915,66.831766,0,-1.6602809706257937
2016-03-25,sh.600261,7.6800,7.7700,7.6300,7.7100,7.7000,7407705,56955717.0000,3,0.510136,1,0.129900,3.975883,32.561913,2.821575,66.918560,0,0.12987012987013546
2016-03-28,sh.600261,7.7300,8.0800,7.7300,7.9400,7.7100,14221680,112960585.0000,3,0.979385,1,2.983100,4.094489,33.533280,2.905746,68.914834,0,2.983138780804162
2016-03-29,sh.600261,7.9200,8.0600,7.8400,7.8900,7.9400,8166850,64834993.0000,3,0.562415,1,-0.629700,4.068705,33.322113,2.887448,68.480861,0,-0.6297229219143663
2016-03-30,sh.600261,7.9100,8.1000,7.9100,8.0800,7.8900,7883919,63181147.0000,3,0.542931,1,2.408100,4.166684,34.124547,2.956981,70.129957,0,2.408111533586821
2016-03-31,sh.600261,8.0900,8.1200,7.9200,8.0700,8.0800,8192907,65601334.0000,3,0.564210,1,-0.123800,4.161527,34.082314,2.953321,70.043162,0,-0.12376237623762387
2016-04-01,sh.600261,8.0100,8.0900,7.8500,7.9700,8.0700,6141940,48987559.0000,3,0.422969,1,-1.239200,4.109960,33.659980,2.916725,69.175217,0,-1.239157372986377
2016-04-05,sh.600261,7.9700,8.1200,7.9300,8.0900,7.9700,8989353,72280970.0000,3,0.619058,1,1.505700,4.171841,34.166780,2.960640,70.216751,0,1.505646173149322
2016-04-06,sh.600261,8.1200,8.1200,7.9700,7.9800,8.0900,18658525,149514902.0000,3,1.284931,1,-1.359700,3.967497,31.179335,2.721462,146.482417,0,-1.3597033374536438
2016-04-07,sh.600261,8.0400,8.0600,7.9000,7.9800,7.9800,11185448,89189200.0000,3,0.770293,1,0.000000,3.967497,31.179335,2.721462,146.482417,0,0.0
2016-04-08,sh.600261,7.9500,7.9600,7.8300,7.8600,7.9800,8688764,68557991.0000,3,0.598357,1,-1.503800,3.907835,30.710472,2.680538,144.279674,0,-1.5037593984962405
2016-04-11,sh.600261,7.9400,8.0200,7.8300,8.0000,7.8600,50555859,397662784.0000,3,3.481562,1,1.781200,3.977440,31.257478,2.728283,146.849541,0,1.781170483460559
2016-04-12,sh.600261,7.8700,7.9400,7.8000,7.8600,8.0000,19096157,150117085.0000,3,1.315069,1,-1.750000,3.907835,30.710472,2.680538,144.279674,0,-1.749999999999996
2016-04-13,sh.600261,7.8700,8.0100,7.8700,7.9100,7.8600,18504559,147218279.0000,3,1.274328,1,0.636100,3.932694,30.905832,2.697590,145.197484,0,0.6361323155216203
2016-04-14,sh.600261,7.9200,7.9600,7.7800,7.9300,7.9100,11157295,88199143.0000,3,0.768354,1,0.252800,3.942638,30.983975,2.704411,145.564608,0,0.25284450063209896
2016-04-15,sh.600261,7.9200,7.9500,7.7800,7.8400,7.9300,13354798,104788804.0000,3,0.919687,1,-1.134900,3.897892,30.632329,2.673718,143.912551,0,-1.1349306431273631
2016-04-18,sh.600261,7.8100,7.8100,7.5400,7.5800,7.8400,14151629,107991635.0000,3,0.974561,1,-3.316300,3.768625,29.616461,2.585048,139.139940,0,-3.316326530612246
2016-04-19,sh.600261,7.6100,7.6600,7.4900,7.5700,7.5800,10808080,81823166.0000,3,0.744305,1,-0.131900,3.763653,29.577389,2.581638,138.956379,0,-0.13192612137202797
2016-04-20,sh.600261,7.5700,7.6100,7.1600,7.2700,7.5700,15001335,110606987.0000,3,1.033077,1,-3.963000,3.614499,28.405233,2.479327,133.449521,0,-3.9630118890356725
2016-04-21,sh.600261,7.2500,7.3500,7.2500,7.2700,7.2700,6714075,48987711.0000,3,0.462369,1,0.000000,3.614499,28.405233,2.479327,133.449521,0,0.0
2016-04-22,sh.600261,7.2500,7.3100,7.2100,7.3000,7.2700,6460262,46933971.0000,3,0.444890,1,0.412700,3.629414,28.522449,2.489558,134.000206,0,0.4126547455295837
2016-04-25,sh.600261,7.3100,7.3400,7.1500,7.3300,7.3000,7195541,52108014.0000,3,0.495526,1,0.411000,3.644330,28.639665,2.499789,134.550892,0,0.4109589041095818
2016-04-26,sh.600261,7.3300,7.3700,7.2600,7.3700,7.3300,6428268,47096859.0000,3,0.442687,1,0.545700,3.664217,28.795952,2.513431,135.285140,0,0.5457025920873049
2016-04-27,sh.600261,7.3700,7.4300,7.3300,7.3600,7.3700,5406210,39939644.0000,3,0.372302,1,-0.135700,3.659245,28.756880,2.510021,135.101578,0,-0.13568521031207537
2016-04-28,sh.600261,7.3900,7.3900,7.2000,7.3400,7.3600,4348538,31796418.0000,3,0.299465,1,-0.271700,3.649302,28.678736,2.503200,134.734454,0,-0.27173913043478937
2016-04-29,sh.600261,7.3300,7.4700,7.2900,7.4500,7.3400,4676259,34465917.0000,3,0.322034,1,1.498600,3.703991,29.108527,2.540714,136.753635,0,1.4986376021798309
2016-05-03,sh.600261,7.4300,7.5200,7.2400,7.5100,7.4500,12029785,89222488.0000,3,0.828439,1,0.805400,3.610551,29.027469,2.496449,29.306426,0,0.805369127516764
2016-05-04,sh.600261,7.4400,7.5400,7.4100,7.4800,7.5100,8512264,63772874.0000,3,0.586203,1,-0.399500,3.596128,28.911514,2.486477,29.189356,0,-0.3994673768308865
2016-05-05,sh.600261,7.4500,7.5200,7.3900,7.5000,7.4800,7730556,57633525.0000,3,0.532370,1,0.267400,3.605744,28.988817,2.493125,29.267402,0,0.2673796791443861
2016-05-06,sh.600261,7.4900,7.5000,7.2500,7.2600,7.5000,8479827,62454184.0000,3,0.583969,1,-3.200000,3.490360,28.061175,2.413345,28.330845,0,-3.200000000000003
2016-05-09,sh.600261,7.2200,7.2900,7.0800,7.1500,7.2600,7959096,56856483.0000,3,0.548108,1,-1.515200,3.437476,27.636006,2.376779,27.901590,0,-1.5151515151515027
2016-05-10,sh.600261,7.1200,7.2000,7.1000,7.1700,7.1500,4667411,33357516.0000,3,0.321424,1,0.279700,3.447091,27.713309,2.383428,27.979637,0,0.2797202797202747
2016-05-11,sh.600261,7.2000,7.2300,7.1100,7.1300,7.1700,3373217,24153962.0000,3,0.232299,1,-0.557900,3.427860,27.558702,2.370131,27.823544,0,-0.557880055788007
2016-05-12,sh.600261,7.1200,7.1400,7.0000,7.1200,7.1300,3698147,26167509.0000,3,0.254675,1,-0.140300,3.423053,27.520050,2.366807,27.784521,0,-0.14025245441794398
2016-05-13,sh.600261,7.1400,7.1900,7.0800,7.1400,7.1200,2962571,21122277.0000,3,0.204019,1,0.280900,3.432668,27.597354,2.373455,27.862567,0,0.2808988764044784
2016-05-16,sh.600261,7.1600,7.2400,7.0700,7.2300,7.1400,8262336,59097849.0000,3,0.568991,1,1.260500,3.475937,27.945220,2.403373,28.213776,0,1.26050420168069
2016-05-17,sh.600261,7.1100,7.1200,7.0200,7.0400,7.0800,4354292,30721606.0000,3,0.299861,1,-0.565000,3.384591,27.210836,2.340213,27.472335,0,-2.627939142461966
2016-05-18,sh.600261,7.0200,7.1100,6.8100,6.9300,7.0400,5422039,37535499.0000,3,0.373392,1,-1.562500,3.331707,26.785667,2.303648,27.043080,0,-1.5625
2016-05-19,sh.600261,6.9300,7.2000,6.8900,7.1900,6.9300,11369268,80668391.0000,3,0.782952,1,3.751800,3.456706,27.790613,2.390076,28.057683,0,3.751803751803773
2016-05-20,sh.600261,7.2000,7.2000,6.9600,7.1300,7.1900,9172660,64907027.0000,3,0.631681,1,-0.834500,3.427860,27.558702,2.370131,27.823544,0,-0.8344923504867929
2016-05-23,sh.600261,7.1000,7.1500,7.0600,7.1100,7.1300,6994554,49604477.0000,3,0.481684,1,-0.280500,3.418245,27.481399,2.363483,27.745497,0,-0.28050490883589907
2016-05-24,sh.600261,7.0800,7.1300,6.9600,7.0100,7.1100,5898956,41390581.0000,3,0.406235,1,-1.406500,3.370168,27.094881,2.330241,27.355265,0,-1.406469760900153
2016-05-25,sh.600261,7.0400,7.0800,6.9600,6.9600,7.0100,3297760,23097039.0000,3,0.227102,1,-0.713300,3.346130,26.901622,2.313620,27.160149,0,-0.7132667617688937
2016-05-26,sh.600261,6.9900,7.0200,6.8800,6.9800,6.9600,3473068,24116770.0000,3,0.239175,1,0.287400,3.355745,26.978926,2.320268,27.238196,0,0.287356321839094
2016-05-27,sh.600261,6.9400,7.0300,6.9300,6.9900,6.9800,2794112,19528851.0000,3,0.192418,1,0.143300,3.360553,27.017578,2.323593,27.277219,0,0.14326647564468775
2016-05-30,sh.600261,6.9700,7.0400,6.9300,6.9700,6.9900,3516893,24563670.0000,3,0.242193,1,-0.286100,3.350938,26.940274,2.316944,27.199173,0,-0.28612303290415086
2016-05-31,sh.600261,6.9700,7.1800,6.9500,7.1700,6.9700,7892928,56092628.0000,3,0.543552,1,2.869400,3.447091,27.713309,2.383428,27.979637,0,2.869440459110484
2016-06-01,sh.600261,7.1300,7.1900,7.1100,7.1200,7.1700,7182825,51360050.0000,3,0.494650,1,-0.697400,3.423053,27.520050,2.366807,27.784521,0,-0.6973500697350032
2016-06-02,sh.600261,7.1200,7.1500,7.0600,7.1200,7.1200,7077977,50282422.0000,3,0.487429,1,0.000000,3.423053,27.520050,2.366807,27.784521,0,0.0
2016-06-03,sh.600261,7.1200,7.2200,7.0800,7.1600,7.1200,7197461,51573812.0000,3,0.495658,1,0.561800,3.442283,27.674658,2.380103,27.940613,0,0.561797752808979
2016-06-06,sh.600261,7.1900,7.2400,7.1400,7.1700,7.1600,6066912,43588756.0000,3,0.417802,1,0.139700,3.447091,27.713309,2.383428,27.979637,0,0.13966480446927498
2016-06-07,sh.600261,7.1600,7.2000,7.1000,7.1300,7.1700,4633450,33008010.0000,3,0.319086,1,-0.557900,3.427860,27.558702,2.370131,27.823544,0,-0.557880055788007
2016-06-08,sh.600261,7.1400,7.1600,7.0800,7.1400,7.1300,4241180,30221129.0000,3,0.292072,1,0.140200,3.432668,27.597354,2.373455,27.862567,0,0.14025245441795509
2016-06-13,sh.600261,7.1000,7.1300,6.9500,6.9600,7.1400,6887760,48367912.0000,3,0.474330,1,-2.521000,3.346130,26.901622,2.313620,27.160149,0,-2.5210084033613356
2016-06-14,sh.600261,6.9100,7.0200,6.9000,6.9600,6.9600,3677374,25542993.0000,3,0.253245,1,0.000000,3.346130,26.901622,2.313620,27.160149,0,0.0
2016-06-15,sh.600261,6.9500,7.0800,6.9100,7.0400,6.9600,5049988,35515417.0000,3,0.347771,1,1.149400,3.384591,27.210836,2.340213,27.472335,0,1.1494252873563315
2016-06-16,sh.600261,7.0600,7.1000,7.0000,7.0100,7.0400,5360106,37799200.0000,3,0.369127,1,-0.426100,3.370168,27.094881,2.330241,27.355265,0,-0.42613636363636465
2016-06-17,sh.600261,7.0300,7.1900,7.0100,7.1300,7.0100,8053966,57420524.0000,3,0.554642,1,1.711800,3.427860,27.558702,2.370131,27.823544,0,1.711840228245376
2016-06-20,sh.600261,7.1900,7.1900,7.0600,7.1100,7.1300,3915571,27790497.0000,3,0.269648,1,-0.280500,3.418245,27.481399,2.363483,27.745497,0,-0.28050490883589907
2016-06-21,sh.600261,7.1600,7.1800,7.0000,7.0300,7.1100,6632278,47179387.0000,3,0.456736,1,-1.125200,3.379784,27.172185,2.336889,27.433312,0,-1.1251758087201136
2016-06-22,sh.600261,7.0400,7.1900,7.0300,7.1500,7.0300,6252036,44622569.0000,3,0.430550,1,1.707000,3.437476,27.636006,2.376779,27.901590,0,1.7069701280227667
2016-06-23,sh.600261,7.1500,7.1500,7.0400,7.0700,7.1500,4775521,33853855.0000,3,0.328869,1,-1.118900,3.399014,27.326792,2.350186,27.589405,0,-1.118881118881121
2016-06-24,sh.600261,7.0100,7.1200,6.8100,7.0000,7.0700,10778222,75225747.0000,3,0.742249,1,-0.990100,3.365361,27.056229,2.326917,27.316242,0,-0.990099009900991
2016-06-27,sh.600261,6.9400,7.0700,6.9100,7.0400,7.0000,6635226,46608294.0000,3,0.456939,1,0.571400,3.384591,27.210836,2.340213,27.472335,0,0.5714285714285783
2016-06-28,sh.600261,7.0400,7.0800,6.9800,7.0500,7.0400,7936005,55790193.0000,3,0.546518,1,0.142000,3.389399,27.249488,2.343538,27.511358,0,0.14204545454545858
2016-06-29,sh.600261,7.0900,7.1000,7.0300,7.0600,7.0500,7825745,55289984.0000,3,0.538925,1,0.141800,3.394207,27.288140,2.346862,27.550381,0,0.14184397163119478
2016-06-30,sh.600261,7.0600,7.1000,7.0100,7.0600,7.0600,7127537,50254944.0000,3,0.490842,1,0.000000,3.394207,27.288140,2.346862,27.550381,0,0.0
2016-07-01,sh.600261,7.0600,7.1200,7.0400,7.1000,7.0600,8325336,58954714.0000,3,0.573330,1,0.566600,3.413437,27.442747,2.360158,27.706474,0,0.56657223796035
2016-07-04,sh.600261,7.0800,7.3100,7.0500,7.2300,7.1000,16040277,115732904.0000,3,1.104624,1,1.831000,3.475937,27.945220,2.403373,28.213776,0,1.8309859154929775
2016-07-05,sh.600261,7.2300,7.2500,7.1800,7.2300,7.2300,9701612,69866668.0000,3,0.668108,1,0.000000,3.475937,27.945220,2.403373,28.213776,0,0.0
2016-07-06,sh.600261,7.2100,7.3100,7.1700,7.3000,7.2300,9952078,72151994.0000,3,0.685356,1,0.968200,3.509590,28.215782,2.426642,28.486938,0,0.9681881051175623
2016-07-07,sh.600261,7.2700,7.2700,7.1900,7.2100,7.3000,7618957,55081624.0000,3,0.524684,1,-1.232900,3.466321,27.867916,2.396724,28.135729,0,-1.2328767123287676
2016-07-08,sh.600261,7.2100,7.2700,7.2000,7.2100,7.2100,6690710,48361870.0000,3,0.460760,1,0.000000,3.466321,27.867916,2.396724,28.135729,0,0.0
2016-07-11,sh.600261,7.2200,7.3600,7.2100,7.2500,7.2100,10907998,79343891.0000,3,0.751186,1,0.554800,3.485552,28.022523,2.410021,28.291822,0,0.554785020804438
2016-07-12,sh.600261,7.3500,7.6800,7.3500,7.5000,7.2500,31778107,238728733.0000,3,2.188420,1,3.448300,3.605744,28.988817,2.493125,29.267402,0,3.4482758620689724
2016-07-13,sh.600261,7.4600,7.6900,7.4600,7.5300,7.5000,16477149,125021887.0000,3,1.134709,1,0.400000,3.620167,29.104772,2.503098,29.384472,0,0.40000000000000036
2016-07-14,sh.600261,7.5300,7.5700,7.4000,7.4600,7.5300,9881292,73609024.0000,3,0.680482,1,-0.929600,3.586513,28.834210,2.479828,29.111310,0,-0.9296148738379806
2016-07-15,sh.600261,7.4600,7.4900,7.3800,7.4200,7.4600,7551602,56092183.0000,3,0.520046,1,-0.536200,3.567282,28.679603,2.466532,28.955217,0,-0.536193029490617
2016-07-18,sh.600261,7.4700,7.4700,7.3400,7.3800,7.4200,8174733,60310896.0000,3,0.562958,1,-0.539100,3.548052,28.524996,2.453235,28.799124,0,-0.5390835579514808
2016-07-19,sh.600261,7.4000,7.4100,7.2300,7.3700,7.3800,11602423,84530491.0000,3,0.799008,1,-0.135500,3.543244,28.486344,2.449911,28.760101,0,-0.13550135501354532
2016-07-20,sh.600261,7.3800,7.3800,7.2600,7.3000,7.3700,14174203,103633407.0000,3,0.976116,1,-0.949800,3.509590,28.215782,2.426642,28.486938,0,-0.9497964721845387
2016-07-21,sh.600261,7.3000,7.4700,7.2800,7.4000,7.3000,17991158,132792301.0000,3,1.238973,1,1.369900,3.557667,28.602300,2.459883,28.877170,0,1.3698630136986356
2016-07-22,sh.600261,7.3700,7.4800,7.3300,7.3600,7.4000,11193646,82780754.0000,3,0.770858,1,-0.540500,3.538436,28.447693,2.446587,28.721077,0,-0.5405405405405461
2016-07-25,sh.600261,7.3000,7.3900,7.3000,7.3800,7.3600,8848027,65003186.0000,3,0.609325,1,0.271700,3.548052,28.524996,2.453235,28.799124,0,0.27173913043476716
2016-07-26,sh.600261,7.3900,7.5300,7.3200,7.5200,7.3800,17418095,130137571.0000,3,1.199508,1,1.897000,3.615359,29.066121,2.499773,29.345449,0,1.8970189701897011
2016-07-27,sh.600261,7.5000,7.5400,7.1900,7.2900,7.5200,14271390,104662875.0000,3,0.982808,1,-3.058500,3.504783,28.177130,2.423318,28.447915,0,-3.058510638297862
2016-07-28,sh.600261,7.2700,7.3800,7.2500,7.3700,7.2900,7589068,55396154.0000,3,0.522626,1,1.097400,3.543244,28.486344,2.449911,28.760101,0,1.0973936899862924
2016-07-29,sh.600261,7.3600,7.3900,7.2900,7.3000,7.3700,5172681,37928173.0000,3,0.356220,1,-0.949800,3.509590,28.215782,2.426642,28.486938,0,-0.9497964721845387
2016-08-01,sh.600261,7.2900,7.3000,7.0700,7.2100,7.3000,11729708,84238235.0000,3,0.807774,1,-1.232900,3.466321,27.867916,2.396724,28.135729,0,-1.2328767123287676
2016-08-02,sh.600261,7.1700,7.2900,7.1700,7.2700,7.2100,5021100,36373067.0000,3,0.345781,1,0.832200,3.495167,28.099827,2.416669,28.369869,0,0.832177531206657
2016-08-03,sh.600261,7.2500,7.3300,7.2300,7.3000,7.2700,5247803,38226025.0000,3,0.361393,1,0.412700,3.509590,28.215782,2.426642,28.486938,0,0.4126547455295837
2016-08-04,sh.600261,7.2700,7.4500,7.2700,7.4400,7.3000,9211879,68119467.0000,3,0.634382,1,1.917800,3.576898,28.756907,2.473180,29.033263,0,1.9178082191780854
2016-08-05,sh.600261,7.4300,7.4300,7.3500,7.4000,7.4400,4996827,36931276.0000,3,0.344110,1,-0.537600,3.557667,28.602300,2.459883,28.877170,0,-0.5376344086021501
2016-08-08,sh.600261,7.3900,7.5200,7.3700,7.4800,7.4000,5659776,42283822.0000,3,0.389764,1,1.081100,3.596128,28.911514,2.486477,29.189356,0,1.0810810810810922
2016-08-09,sh.600261,7.4700,7.5500,7.4400,7.4900,7.4800,4205633,31465731.0000,3,0.289624,1,0.133700,3.600936,28.950165,2.489801,29.228379,0,0.13368983957218195
2016-08-10,sh.600261,7.4900,7.5100,7.3800,7.3800,7.4900,5106700,37925849.0000,3,0.351676,1,-1.468600,3.548052,28.524996,2.453235,28.799124,0,-1.468624833110821
2016-08-11,sh.600261,7.3800,7.4200,7.2700,7.2900,7.3800,4771782,34972466.0000,3,0.328612,1,-1.219500,3.504783,28.177130,2.423318,28.447915,0,-1.2195121951219523
2016-08-12,sh.600261,7.3500,7.4500,7.2600,7.4400,7.2900,7423114,54806866.0000,3,0.511198,1,2.057600,3.576898,28.756907,2.473180,29.033263,0,2.0576131687242816
2016-08-15,sh.600261,7.4400,7.7400,7.4100,7.6600,7.4400,19231202,145252528.0000,3,1.324369,1,2.957000,3.682666,29.607245,2.546312,29.891774,0,2.9569892473118253
2016-08-16,sh.600261,7.6800,7.7800,7.5900,7.7200,7.6600,15038274,115758050.0000,3,1.035620,1,0.783300,3.711512,29.839156,2.566257,30.125913,0,0.7832898172323688
2016-08-17,sh.600261,7.7000,7.7600,7.6200,7.7200,7.7200,9096102,69936900.0000,3,0.626409,1,0.000000,3.711512,29.839156,2.566257,30.125913,0,0.0
2016-08-18,sh.600261,7.7300,7.7500,7.5600,7.6800,7.7200,7092553,54222920.0000,3,0.488433,1,-0.518100,3.692281,29.684549,2.552960,29.969820,0,-0.5181347150259086
2016-08-19,sh.600261,7.6500,7.7000,7.6000,7.6600,7.6800,4294184,32843480.0000,3,0.295722,1,-0.260400,3.682666,29.607245,2.546312,29.891774,0,-0.26041666666666297
2016-08-22,sh.600261,7.6600,7.7500,7.6200,7.7100,7.6600,5590257,43048556.0000,3,0.384977,1,0.652700,3.706704,29.800504,2.562933,30.086890,0,0.6527415143602999
2016-08-23,sh.600261,7.7200,7.7200,7.5600,7.6000,7.7100,7164941,54558869.0000,3,0.493418,1,-1.426700,3.777464,26.856634,2.461021,30.408385,0,-1.4267185473411215
2016-08-24,sh.600261,7.6100,7.6100,7.5000,7.5200,7.6000,4204121,31723788.0000,3,0.289519,1,-1.052600,3.737701,26.573932,2.435115,30.088296,0,-1.0526315789473717
2016-08-25,sh.600261,7.5300,7.5300,7.4000,7.4900,7.5200,4716517,35145081.0000,3,0.324806,1,-0.398900,3.722790,26.467919,2.425401,29.968263,0,-0.3989361702127603
2016-08-26,sh.600261,7.5000,7.5800,7.4800,7.5300,7.4900,4298742,32400533.0000,3,0.296036,1,0.534100,3.742671,26.609270,2.438353,30.128307,0,0.5340453938584844
2016-08-29,sh.600261,7.5100,7.6800,7.5000,7.5800,7.5300,7657404,58252011.0000,3,0.527332,1,0.664000,3.767523,26.785958,2.454544,30.328363,0,0.6640106241699861
2016-08-30,sh.600261,7.5600,7.6100,7.5300,7.6000,7.5800,3345263,25320824.0000,3,0.230374,1,0.263900,3.777464,26.856634,2.461021,30.408385,0,0.26385224274405594
2016-08-31,sh.600261,7.5700,7.6200,7.5300,7.6000,7.6000,3608921,27346885.0000,3,0.248531,1,0.000000,3.777464,26.856634,2.461021,30.408385,0,0.0
2016-09-01,sh.600261,7.5800,7.6700,7.4000,7.4000,7.6000,6743814,50652694.0000,3,0.464417,1,-2.631600,3.678057,26.149880,2.396257,29.608164,0,-2.631578947368407
2016-09-02,sh.600261,7.4100,7.5500,7.4000,7.5200,7.4000,7752237,58104466.0000,3,0.533863,1,1.621600,3.737701,26.573932,2.435115,30.088296,0,1.621621621621605
2016-09-05,sh.600261,7.5300,7.7300,7.5300,7.6800,7.5200,13990582,107211800.0000,3,0.963470,1,2.127657,3.817227,27.139335,2.486926,30.728473,0,2.127659574468077
2016-09-06,sh.600261,7.7200,8.4100,7.6200,8.1800,7.6800,45429883,365876032.0000,3,3.128558,1,6.510423,4.065744,28.906219,2.648836,32.729025,0,6.510416666666674
2016-09-07,sh.600261,8.1800,8.5000,8.0500,8.0900,8.1800,42476180,352483360.0000,3,2.925149,1,-1.100246,4.021011,28.588180,2.619692,32.368925,0,-1.1002444987775029
2016-09-08,sh.600261,8.0600,8.2400,7.9500,8.0400,8.0900,20414729,164638598.0000,3,1.405873,1,-0.618049,3.996159,28.411492,2.603501,32.168870,0,-0.6180469715698522
2016-09-09,sh.600261,8.0400,8.1400,7.9300,7.9700,8.0400,13939322,111857484.0000,3,0.959940,1,-0.870649,3.961367,28.164128,2.580834,31.888793,0,-0.8706467661691475
2016-09-12,sh.600261,7.8400,7.8800,7.6800,7.7400,7.9700,13325251,103673040.0000,3,0.917652,1,-2.885822,3.847049,27.351361,2.506355,30.968539,0,-2.885821831869506
2016-09-13,sh.600261,7.7900,8.0000,7.7300,7.9600,7.7400,12932034,101834217.0000,3,0.890573,1,2.842381,3.956396,28.128790,2.577595,31.848782,0,2.84237726098191
2016-09-14,sh.600261,7.8800,8.2200,7.8300,8.1200,7.9600,22454398,182225312.0000,3,1.546337,1,2.010048,4.035922,28.694193,2.629406,32.488958,0,2.010050251256268
2016-09-19,sh.600261,8.0700,8.1800,7.9800,8.1400,8.1200,9276781,74683653.0000,3,0.638851,1,0.246311,4.045863,28.764868,2.635883,32.568980,0,0.24630541871923928
2016-09-20,sh.600261,8.1000,8.1000,7.8800,7.8900,8.1400,9320695,74179950.0000,3,0.641876,1,-3.071259,3.921604,27.881426,2.554928,31.568705,0,-3.0712530712530772
2016-09-21,sh.600261,7.8900,7.9800,7.8100,7.8400,7.8900,7722444,60796151.0000,3,0.531811,1,-0.633710,3.896752,27.704738,2.538737,31.368649,0,-0.6337135614702172
2016-09-22,sh.600261,7.8800,7.9700,7.8300,7.8900,7.8400,5385086,42587929.0000,3,0.370847,1,0.637752,3.921604,27.881426,2.554928,31.568705,0,0.6377551020408045
2016-09-23,sh.600261,7.9200,7.9300,7.8300,7.8600,7.8900,3826016,30135748.0000,3,0.263481,1,-0.380225,3.906693,27.775413,2.545214,31.448672,0,-0.3802281368821214
2016-09-26,sh.600261,7.8200,7.8800,7.5500,7.6200,7.8600,8371709,64560519.0000,3,0.576523,1,-3.053438,3.787405,26.927309,2.467497,30.488407,0,-3.053435114503822
2016-09-27,sh.600261,7.5800,7.7200,7.5800,7.7100,7.6200,7373766,56521947.0000,3,0.507799,1,1.181104,3.832138,27.245348,2.496641,30.848506,0,1.1811023622047223
2016-09-28,sh.600261,7.7700,7.7700,7.6300,7.7000,7.7100,5111526,39342921.0000,3,0.352009,1,-0.129705,3.827167,27.210011,2.493403,30.808495,0,-0.12970168612191912
2016-09-29,sh.600261,7.7000,7.7500,7.6500,7.6800,7.7000,5900811,45483111.0000,3,0.406363,1,-0.259740,3.817227,27.139335,2.486926,30.728473,0,-0.25974025974027093
2016-09-30,sh.600261,7.6400,7.7700,7.6400,7.7000,7.6800,6248215,48207671.0000,3,0.430287,1,0.260416,3.827167,27.210011,2.493403,30.808495,0,0.26041666666667407
2016-10-10,sh.600261,7.7300,7.9600,7.6700,7.9200,7.7000,11675477,91010379.0000,3,0.804039,1,2.857147,3.936515,27.987439,2.564643,31.688738,0,2.857142857142847
2016-10-11,sh.600261,7.9100,8.0000,7.8500,7.9200,7.9200,6166037,48803627.0000,3,0.424628,1,0.000000,3.936515,27.987439,2.564643,31.688738,0,0.0
2016-10-12,sh.600261,7.9100,7.9200,7.8300,7.8800,7.9200,3982033,31345002.0000,3,0.274225,1,-0.505050,3.916634,27.846089,2.551690,31.528694,0,-0.5050505050505083
2016-10-13,sh.600261,7.8900,7.9400,7.8400,7.8600,7.8800,4511888,35502471.0000,3,0.310714,1,-0.253807,3.906693,27.775413,2.545214,31.448672,0,-0.25380710659898
2016-10-14,sh.600261,7.8400,7.9400,7.7200,7.8800,7.8600,6984654,54523774.0000,3,0.481003,1,0.254453,3.916634,27.846089,2.551690,31.528694,0,0.2544529262086481
2016-10-17,sh.600261,7.8700,7.9300,7.7000,7.7200,7.8800,6823419,53489897.0000,3,0.469899,1,-2.030461,3.837108,27.280686,2.499879,30.888517,0,-2.0304568527918843
2016-10-18,sh.600261,7.7300,7.8600,7.6900,7.8300,7.7200,10366458,80467914.0000,3,0.713893,1,1.424872,3.891782,27.669400,2.535499,31.328638,0,1.4248704663212486
2016-10-19,sh.600261,7.8300,7.8500,7.6500,7.7100,7.8300,10302401,79783789.0000,3,0.709481,1,-1.532566,3.832138,27.245348,2.496641,30.848506,0,-1.532567049808431
2016-10-20,sh.600261,7.7100,7.7600,7.6700,7.7300,7.7100,7738526,59714460.0000,3,0.532919,1,0.259403,3.842078,27.316024,2.503117,30.928528,0,0.25940337224383825
2016-10-21,sh.600261,7.7400,7.7700,7.6900,7.7400,7.7300,5622720,43463002.0000,3,0.387212,1,0.129363,3.847049,27.351361,2.506355,30.968539,0,0.1293661060802087
2016-10-24,sh.600261,7.7400,7.8800,7.7300,7.8500,7.7400,7917421,61997391.0000,3,0.545238,1,1.421190,3.901723,27.740076,2.541975,31.408661,0,1.4211886304909438
2016-10-25,sh.600261,7.8500,7.9000,7.8000,7.8300,7.8500,4140291,32397376.0000,3,0.285124,1,-0.254777,3.891782,27.669400,2.535499,31.328638,0,-0.2547770700636942
2016-10-26,sh.600261,7.8200,7.9100,7.8200,7.8800,7.8300,6936674,54587442.0000,3,0.477699,1,0.638572,3.916634,27.846089,2.551690,31.528694,0,0.638569604086836
2016-10-27,sh.600261,7.8600,7.9300,7.8300,7.8900,7.8800,5926328,46796057.0000,3,0.408120,1,0.126900,3.921604,27.881426,2.554928,31.568705,0,0.12690355329949554
2016-10-28,sh.600261,7.8600,7.8700,7.7400,7.8000,7.8900,5693305,44367001.0000,3,0.392073,1,-1.140680,3.876871,27.563387,2.525784,31.208605,0,-1.1406844106463865
2016-10-31,sh.600261,7.7600,7.9000,7.7000,7.8800,7.8000,7371543,57249484.0000,3,0.507646,1,1.025640,3.739918,25.069888,2.607850,23.668804,0,1.025641025641022
2016-11-01,sh.600261,7.8600,8.1100,7.8300,8.0900,7.8800,17163524,137736158.0000,3,1.181977,1,2.664975,3.839586,25.737995,2.677349,24.299572,0,2.6649746192893398
2016-11-02,sh.600261,8.0800,8.1000,7.9300,8.0000,8.0900,9457411,75637361.0000,3,0.651291,1,-1.112486,3.796871,25.451663,2.647564,24.029243,0,-1.1124845488257096
2016-11-03,sh.600261,7.9400,8.3800,7.9300,8.1700,8.0000,22359162,182758160.0000,3,1.539778,1,2.125001,3.877555,25.992511,2.703825,24.539864,0,2.124999999999999
2016-11-04,sh.600261,8.1100,8.1600,8.0400,8.1100,8.1700,8840799,71609895.0000,3,0.608827,1,-0.734399,3.849078,25.801624,2.683968,24.359645,0,-0.7343941248470043
2016-11-07,sh.600261,8.0900,8.1000,7.8700,7.9300,8.1100,13318610,106060462.0000,3,0.917195,1,-2.219480,3.763649,25.228961,2.624398,23.818987,0,-2.2194821208384674
2016-11-08,sh.600261,7.9500,8.0100,7.8900,7.9600,7.9300,8899530,70826820.0000,3,0.612872,1,0.378313,3.777887,25.324405,2.634326,23.909097,0,0.3783102143757988
2016-11-09,sh.600261,7.9900,7.9900,7.7200,7.8300,7.9600,11153698,87594902.0000,3,0.768107,1,-1.633167,3.716188,24.910816,2.591303,23.518621,0,-1.6331658291457218
2016-11-10,sh.600261,7.9100,7.9400,7.8400,7.9100,7.8300,6785760,53567688.0000,3,0.467306,1,1.021710,3.754157,25.165332,2.617779,23.758914,0,1.0217113665389466
2016-11-11,sh.600261,7.8800,7.9600,7.8800,7.9200,7.9100,6281567,49703968.0000,3,0.432584,1,0.126425,3.758903,25.197147,2.621088,23.788950,0,0.12642225031604948
2016-11-14,sh.600261,7.9100,7.9700,7.8300,7.8800,7.9200,11617950,91810738.0000,3,0.800078,1,-0.505050,3.739918,25.069888,2.607850,23.668804,0,-0.5050505050505083
2016-11-15,sh.600261,7.8800,7.9800,7.8400,7.9300,7.8800,10553380,83475723.0000,3,0.726765,1,0.634514,3.763649,25.228961,2.624398,23.818987,0,0.6345177664974555
2016-11-16,sh.600261,7.9100,8.1000,7.9100,8.0400,7.9300,12155500,97502356.0000,3,0.837096,1,1.387139,3.815856,25.578922,2.660802,24.149389,0,1.387137452711218
2016-11-17,sh.600261,8.0300,8.0400,7.9500,8.0200,8.0400,8362896,66826514.0000,3,0.575916,1,-0.248750,3.806364,25.515293,2.654183,24.089316,0,-0.24875621890546595
2016-11-18,sh.600261,8.0100,8.0400,7.9400,7.9600,8.0200,5020760,39990843.0000,3,0.345758,1,-0.748135,3.777887,25.324405,2.634326,23.909097,0,-0.7481296758104716
2016-11-21,sh.600261,7.9100,8.0200,7.9100,8.0000,7.9600,8260195,65915455.0000,3,0.568844,1,0.502512,3.796871,25.451663,2.647564,24.029243,0,0.5025125628140614
2016-11-22,sh.600261,8.0100,8.0500,7.9500,8.0300,8.0000,10924420,87370681.0000,3,0.752317,1,0.374997,3.811110,25.547107,2.657492,24.119352,0,0.374999999999992
2016-11-23,sh.600261,8.0400,8.0600,7.8900,7.9500,8.0300,12442810,99047170.0000,3,0.856882,1,-0.996263,3.773141,25.292590,2.631017,23.879060,0,-0.996264009962633
2016-11-24,sh.600261,7.9500,7.9900,7.9100,7.9700,7.9500,7387693,58797933.0000,3,0.508758,1,0.251572,3.782633,25.356220,2.637636,23.939133,0,0.2515723270440251
2016-11-25,sh.600261,7.9400,7.9900,7.8500,7.9200,7.9700,7945598,62899526.0000,3,0.547179,1,-0.627349,3.758903,25.197147,2.621088,23.788950,0,-0.6273525721455453
2016-11-28,sh.600261,7.9500,7.9700,7.8300,7.8800,7.9200,12731233,100441377.0000,3,0.876745,1,-0.505050,3.739918,25.069888,2.607850,23.668804,0,-0.5050505050505083
2016-11-29,sh.600261,7.8500,7.9300,7.8300,7.8700,7.8800,9635689,75909075.0000,3,0.663568,1,-0.126907,3.735172,25.038074,2.604541,23.638768,0,-0.12690355329948444
2016-11-30,sh.600261,7.8700,7.8800,7.8000,7.8100,7.8700,8041706,63025012.0000,3,0.553797,1,-0.762388,3.706696,24.847186,2.584684,23.458548,0,-0.7623888182973326
2016-12-01,sh.600261,7.8000,7.8400,7.7400,7.7800,7.8100,7753731,60278859.0000,3,0.533966,1,-0.384120,3.692457,24.751743,2.574756,23.368439,0,-0.3841229193341733
2016-12-02,sh.600261,7.7700,7.8000,7.6000,7.6600,7.7800,10331618,79653067.0000,3,0.711494,1,-1.542421,3.635504,24.369968,2.535042,23.008000,0,-1.5424164524421635
2016-12-05,sh.600261,7.6500,7.7000,7.6300,7.6900,7.6600,5209100,39974612.0000,3,0.358728,1,0.391648,3.649743,24.465411,2.544971,23.098110,0,0.3916449086161844
2016-12-06,sh.600261,7.7000,7.7200,7.6500,7.6500,7.6900,4294902,32930962.0000,3,0.295771,1,-0.520155,3.630758,24.338153,2.531733,22.977963,0,-0.5201560468140465
2016-12-07,sh.600261,7.6500,7.6900,7.6300,7.6900,7.6500,3586429,27482344.0000,3,0.246982,1,0.522875,3.649743,24.465411,2.544971,23.098110,0,0.5228758169934622
2016-12-08,sh.600261,7.6800,7.7100,7.6000,7.6200,7.6900,5643651,43170444.0000,3,0.388654,1,-0.910275,3.616520,24.242709,2.521805,22.887854,0,-0.9102730819245841
2016-12-09,sh.600261,7.6400,7.6600,7.5800,7.6000,7.6200,5634018,42968766.0000,3,0.387990,1,-0.262467,3.607028,24.179080,2.515186,22.827781,0,-0.2624671916010568
2016-12-12,sh.600261,7.5900,7.6100,7.2600,7.2900,7.6000,10676123,78965834.0000,3,0.735218,1,-4.078947,3.459899,23.192828,2.412593,21.896647,0,-4.078947368421049
2016-12-13,sh.600261,7.3100,7.3800,7.2100,7.3000,7.2900,6341660,46243733.0000,3,0.436722,1,0.137177,3.464645,23.224643,2.415902,21.926684,0,0.137174211248281
2016-12-14,sh.600261,7.3000,7.3400,7.2400,7.2500,7.3000,4820050,35130136.0000,3,0.331936,1,-0.684934,3.440915,23.065570,2.399355,21.776501,0,-0.6849315068493178
2016-12-15,sh.600261,7.2500,7.3000,7.0900,7.2500,7.2500,9147418,65677280.0000,3,0.629943,1,0.000000,3.440915,23.065570,2.399355,21.776501,0,0.0
2016-12-16,sh.600261,7.1900,7.2800,7.1700,7.2400,7.2500,4167955,30175282.0000,3,0.287029,1,-0.137934,3.436169,23.033755,2.396045,21.746465,0,-0.13793103448275223
2016-12-19,sh.600261,7.2600,7.3300,7.2300,7.3300,7.2400,5480066,39958359.0000,3,0.377388,1,1.243096,3.478883,23.320087,2.425830,22.016794,0,1.2430939226519389
2016-12-20,sh.600261,7.3100,7.3100,7.2200,7.2900,7.3300,5238301,38097626.0000,3,0.360739,1,-0.545702,3.459899,23.192828,2.412593,21.896647,0,-0.545702592087316
2016-12-21,sh.600261,7.2900,7.3500,7.2300,7.2900,7.2900,5882798,42831866.0000,3,0.405123,1,0.000000,3.459899,23.192828,2.412593,21.896647,0,0.0
2016-12-22,sh.600261,7.2900,7.3100,7.2400,7.3000,7.2900,3906678,28444406.0000,3,0.269036,1,0.137177,3.464645,23.224643,2.415902,21.926684,0,0.137174211248281
2016-12-23,sh.600261,7.3000,7.3100,7.2200,7.2300,7.3000,4262960,30903399.0000,3,0.293571,1,-0.958906,3.431423,23.001941,2.392736,21.716428,0,-0.9589041095890316
2016-12-26,sh.600261,7.2200,7.2600,7.0900,7.2500,7.2300,4756321,34132629.0000,3,0.327547,1,0.276625,3.440915,23.065570,2.399355,21.776501,0,0.2766251728907321
2016-12-27,sh.600261,7.2500,7.2600,7.2000,7.2400,7.2500,4570746,33059650.0000,3,0.314767,1,-0.137934,3.436169,23.033755,2.396045,21.746465,0,-0.13793103448275223
2016-12-28,sh.600261,7.2400,7.2500,7.1300,7.2200,7.2400,4158801,29901811.0000,3,0.286398,1,-0.276243,3.426676,22.970126,2.389426,21.686392,0,-0.2762430939226568
2016-12-29,sh.600261,7.2000,7.2300,7.1700,7.2000,7.2200,3194720,23038791.0000,3,0.220006,1,-0.277008,3.417184,22.906497,2.382808,21.626318,0,-0.27700831024930483
2016-12-30,sh.600261,7.2100,7.2900,7.1800,7.2200,7.2000,4102905,29705244.0000,3,0.282549,1,0.277778,3.426676,22.970126,2.389426,21.686392,0,0.2777777777777768
2017-01-03,sh.600261,7.2200,7.3400,7.2200,7.3100,7.2200,7696700,56192051.0000,3,0.530038,1,1.246539,3.469391,23.256457,2.419212,21.956721,0,1.2465373961218829
2017-01-04,sh.600261,7.3400,7.4100,7.3000,7.4000,7.3100,3909348,28764501.0000,3,0.269220,1,1.231192,3.512106,23.542789,2.448997,22.227050,0,1.2311901504788114
2017-01-05,sh.600261,7.3900,7.4500,7.3500,7.3500,7.4000,3625343,26788529.0000,3,0.249662,1,-0.675678,3.488376,23.383716,2.432449,22.076867,0,-0.6756756756756799
2017-01-06,sh.600261,7.3300,7.4600,7.3300,7.3700,7.3500,5201574,38552578.0000,3,0.358210,1,0.272109,3.497868,23.447345,2.439068,22.136940,0,0.2721088435374108
2017-01-09,sh.600261,7.3900,7.4600,7.3300,7.4300,7.3700,5078598,37597513.0000,3,0.349741,1,0.814110,3.526344,23.638232,2.458925,22.317159,0,0.8141112618724522
2017-01-10,sh.600261,7.4400,7.5000,7.3500,7.3600,7.4300,3535280,26245375.0000,3,0.243459,1,-0.942122,3.493122,23.415530,2.435759,22.106903,0,-0.9421265141318913
2017-01-11,sh.600261,7.3800,7.4200,7.2800,7.2900,7.3600,5204344,38247201.0000,3,0.358400,1,-0.951089,3.459899,23.192828,2.412593,21.896647,0,-0.9510869565217406
2017-01-12,sh.600261,7.2800,7.3100,7.2300,7.2600,7.2900,2988200,21716868.0000,3,0.205784,1,-0.411519,3.445661,23.097384,2.402664,21.806538,0,-0.4115226337448541
2017-01-13,sh.600261,7.2500,7.3300,7.2100,7.2500,7.2600,4592793,33443195.0000,3,0.316286,1,-0.137744,3.440915,23.065570,2.399355,21.776501,0,-0.13774104683195176
2017-01-16,sh.600261,7.2300,7.3200,7.1800,7.2400,7.2500,8339216,60437681.0000,3,0.574285,1,-0.137934,3.436169,23.033755,2.396045,21.746465,0,-0.13793103448275223
2017-01-17,sh.600261,7.2100,7.4500,7.2100,7.4300,7.2400,6819127,50198437.0000,3,0.469604,1,2.624310,3.526344,23.638232,2.458925,22.317159,0,2.6243093922651894
2017-01-18,sh.600261,7.4300,7.4700,7.3400,7.4000,7.4300,4089528,30297795.0000,3,0.281628,1,-0.403765,3.512106,23.542789,2.448997,22.227050,0,-0.40376850605652326
2017-01-19,sh.600261,7.3700,7.4100,7.3100,7.4100,7.4000,4687840,34490469.0000,3,0.322831,1,0.135132,3.516852,23.574603,2.452306,22.257086,0,0.13513513513512265
2017-01-20,sh.600261,7.3800,7.4600,7.3500,7.4300,7.4100,5576937,41402982.0000,3,0.384059,1,0.269905,3.526344,23.638232,2.458925,22.317159,0,0.26990553306343035
2017-01-23,sh.600261,7.4100,7.6100,7.4100,7.5500,7.4300,11328928,85410773.0000,3,0.780174,1,1.615079,3.583297,24.020007,2.498638,22.677598,0,1.6150740242261152
2017-01-24,sh.600261,7.5500,7.5800,7.4700,7.5500,7.5500,6768973,50988148.0000,3,0.466150,1,0.000000,3.583297,24.020007,2.498638,22.677598,0,0.0
2017-01-25,sh.600261,7.5000,7.5600,7.4800,7.5500,7.5500,2973477,22379720.0000,3,0.204770,1,0.000000,3.583297,24.020007,2.498638,22.677598,0,0.0
2017-01-26,sh.600261,7.5600,7.5600,7.4600,7.5100,7.5500,5898957,44308083.0000,3,0.406235,1,-0.529801,3.564313,23.892749,2.485401,22.557452,0,-0.5298013245033095
2017-02-03,sh.600261,7.5200,7.5400,7.3700,7.4200,7.5100,5696397,42238269.0000,3,0.392286,1,-1.198404,3.521598,23.606418,2.455616,22.287123,0,-1.1984021304926706
2017-02-06,sh.600261,7.4200,7.4700,7.3900,7.4600,7.4200,5360665,39869976.0000,3,0.369166,1,0.539083,3.540583,23.733676,2.468853,22.407269,0,0.5390835579514919
2017-02-07,sh.600261,7.4500,7.4800,7.3600,7.4300,7.4600,5070882,37575110.0000,3,0.349210,1,-0.402148,3.526344,23.638232,2.458925,22.317159,0,-0.40214477211796273
2017-02-08,sh.600261,7.4200,7.4500,7.3500,7.4500,7.4300,5437690,40213022.0000,3,0.374470,1,0.269179,3.535837,23.701861,2.465544,22.377232,0,0.2691790040376896
2017-02-09,sh.600261,7.4600,7.5300,7.4300,7.4600,7.4500,5510848,41188800.0000,3,0.379508,1,0.134231,3.540583,23.733676,2.468853,22.407269,0,0.13422818791946067
2017-02-10,sh.600261,7.4600,7.5000,7.4000,7.4800,7.4600,8257461,61568416.0000,3,0.568655,1,0.268096,3.550075,23.797305,2.475472,22.467342,0,0.2680965147453085
2017-02-13,sh.600261,7.4900,7.5500,7.4500,7.5500,7.4800,9460264,71084020.0000,3,0.651487,1,0.935831,3.583297,24.020007,2.498638,22.677598,0,0.9358288770053402
2017-02-14,sh.600261,7.5500,7.5700,7.4600,7.5000,7.5500,7958832,59662000.0000,3,0.548090,1,-0.662254,3.559567,23.860934,2.482091,22.527415,0,-0.6622516556291314
2017-02-15,sh.600261,7.4800,7.5200,7.4500,7.4600,7.5000,6999779,52376503.0000,3,0.482044,1,-0.533333,3.540583,23.733676,2.468853,22.407269,0,-0.5333333333333301
2017-02-16,sh.600261,7.4400,7.5000,7.4200,7.4600,7.4600,8812756,65659876.0000,3,0.606896,1,0.000000,3.540583,23.733676,2.468853,22.407269,0,0.0
2017-02-17,sh.600261,7.4700,7.4800,7.3700,7.3800,7.4600,10474857,77636375.0000,3,0.721358,1,-1.072385,3.502614,23.479159,2.442378,22.166976,0,-1.072386058981234
2017-02-20,sh.600261,7.3900,7.4700,7.3600,7.4600,7.3800,7909550,58838709.0000,3,0.544696,1,1.084010,3.540583,23.733676,2.468853,22.407269,0,1.084010840108407
2017-02-21,sh.600261,7.4600,7.5200,7.4400,7.5100,7.4600,7996624,59835118.0000,3,0.550693,1,0.670244,3.564313,23.892749,2.485401,22.557452,0,0.6702412868632601
2017-02-22,sh.600261,7.5100,7.5500,7.4800,7.5500,7.5100,8568107,64505465.0000,3,0.590048,1,0.532623,3.583297,24.020007,2.498638,22.677598,0,0.5326231691078487
2017-02-23,sh.600261,7.5400,7.5800,7.4200,7.4800,7.5500,8796800,65989855.0000,3,0.605797,1,-0.927154,3.550075,23.797305,2.475472,22.467342,0,-0.9271523178807861
2017-02-24,sh.600261,7.4800,7.6000,7.4600,7.5900,7.4800,11627636,87711765.0000,3,0.800745,1,1.470590,3.602282,24.147266,2.511876,22.797744,0,1.4705882352941124
2017-02-27,sh.600261,7.5600,7.6200,7.5200,7.5600,7.5900,12162820,92148597.0000,3,0.837600,1,-0.395260,3.588044,24.051822,2.501948,22.707634,0,-0.39525691699605625
2017-02-28,sh.600261,7.5200,7.6500,7.5200,7.6300,7.5600,9612069,72994544.0000,3,0.661941,1,0.925928,3.621266,24.274524,2.525114,22.917890,0,0.92592592592593
2017-03-01,sh.600261,7.6100,7.6800,7.5900,7.6700,7.6300,13336365,101845011.0000,3,0.918417,1,0.524246,3.640250,24.401782,2.538352,23.038036,0,0.5242463958060384
2017-03-02,sh.600261,7.6600,7.7000,7.5400,7.5700,7.6700,8955148,67988747.0000,3,0.616702,1,-1.303780,3.592790,24.083636,2.505257,22.737671,0,-1.303780964797907
2017-03-03,sh.600261,7.5600,7.5600,7.5000,7.5300,7.5700,4811498,36204950.0000,3,0.331347,1,-0.528401,3.573805,23.956378,2.492020,22.617525,0,-0.5284015852047519
2017-03-06,sh.600261,7.5600,7.6400,7.5300,7.5900,7.5300,8845844,67181995.0000,3,0.609175,1,0.796812,3.602282,24.147266,2.511876,22.797744,0,0.7968127490039834
2017-03-07,sh.600261,7.6000,7.7300,7.6000,7.7000,7.5900,14771349,113525850.0000,3,1.017238,1,1.449271,3.654489,24.497226,2.548280,23.128146,0,1.449275362318847
2017-03-08,sh.600261,7.7200,7.7200,7.5800,7.5900,7.7000,7204347,54843956.0000,3,0.496132,1,-1.428567,3.602282,24.147266,2.511876,22.797744,0,-1.4285714285714346
2017-03-09,sh.600261,7.5900,7.6500,7.5300,7.6500,7.5900,6852502,51988539.0000,3,0.471902,1,0.790513,3.630758,24.338153,2.531733,22.977963,0,0.7905138339921125
2017-03-10,sh.600261,7.6500,7.6800,7.5300,7.6300,7.6500,5884892,44663947.0000,3,0.405267,1,-0.261438,3.621266,24.274524,2.525114,22.917890,0,-0.2614379084967422
2017-03-13,sh.600261,7.6000,7.6200,7.5000,7.5700,7.6300,13693011,103228699.0000,3,0.942978,1,-0.786369,3.592790,24.083636,2.505257,22.737671,0,-0.7863695937090354
2017-03-14,sh.600261,7.5600,7.5800,7.5000,7.5300,7.5700,5299115,39950818.0000,3,0.364927,1,-0.528401,3.573805,23.956378,2.492020,22.617525,0,-0.5284015852047519
2017-03-15,sh.600261,7.5300,7.5500,7.4700,7.5000,7.5300,4956754,37204174.0000,3,0.341350,1,-0.398409,3.559567,23.860934,2.482091,22.527415,0,-0.3984063745019917
2017-03-16,sh.600261,7.4900,7.5900,7.4900,7.5700,7.5000,9096739,68626769.0000,3,0.626453,1,0.933336,3.592790,24.083636,2.505257,22.737671,0,0.9333333333333416
2017-03-17,sh.600261,7.5600,7.5800,7.4800,7.4900,7.5700,7011462,52801850.0000,3,0.482849,1,-1.056808,3.554821,23.829120,2.478782,22.497378,0,-1.0568031704095149
2017-03-20,sh.600261,7.4700,7.5300,7.4400,7.5100,7.4900,5655238,42363020.0000,3,0.389452,1,0.267029,3.564313,23.892749,2.485401,22.557452,0,0.2670226969292422
2017-03-21,sh.600261,7.5200,7.5400,7.4600,7.5000,7.5100,6698126,50194209.0000,3,0.461271,1,-0.133159,3.559567,23.860934,2.482091,22.527415,0,-0.13315579227696217
2017-03-22,sh.600261,7.4800,7.5100,7.4300,7.5000,7.5000,6481709,48452473.0000,3,0.446367,1,0.000000,3.559567,23.860934,2.482091,22.527415,0,0.0
2017-03-23,sh.600261,7.5000,7.5100,7.4300,7.4600,7.5000,7411075,55317286.0000,3,0.510368,1,-0.533333,3.540583,23.733676,2.468853,22.407269,0,-0.5333333333333301
2017-03-24,sh.600261,7.4600,7.4800,7.4000,7.4700,7.4600,7002792,52118922.0000,3,0.482252,1,0.134045,3.545329,23.765491,2.472163,22.437305,0,0.13404825737264314
2017-03-27,sh.600261,7.4500,7.5200,7.4400,7.4800,7.4700,7572181,56626944.0000,3,0.521463,1,0.133872,3.550075,23.797305,2.475472,22.467342,0,0.1338688085676054
2017-03-28,sh.600261,7.4700,7.6100,7.4600,7.5800,7.4800,11225169,84442358.0000,3,0.773028,1,1.336897,3.597536,24.115451,2.508567,22.767707,0,1.3368983957219305
2017-03-29,sh.600261,7.5500,7.5800,7.4700,7.5300,7.5800,10283619,77370977.0000,3,0.708188,1,-0.659627,3.573805,23.956378,2.492020,22.617525,0,-0.659630606860151
2017-03-30,sh.600261,7.5300,7.5300,7.2100,7.2200,7.5300,16019389,117544591.0000,3,1.103186,1,-4.116871,3.426676,22.970126,2.389426,21.686392,0,-4.116865869853925
2017-03-31,sh.600261,7.2300,7.2900,7.1200,7.1600,7.2200,10702857,76989056.0000,3,0.737059,1,-0.831024,3.398200,22.779239,2.369570,21.506172,0,-0.8310249307479145
2017-04-05,sh.600261,7.1900,7.3400,7.1600,7.3100,7.1600,12167258,88152234.0000,3,0.837906,1,2.094973,3.469391,23.256457,2.419212,21.956721,0,2.0949720670391025
2017-04-06,sh.600261,7.3000,7.4000,7.2600,7.3700,7.3100,9503837,69796150.0000,3,0.654488,1,0.820793,3.497868,23.447345,2.439068,22.136940,0,0.8207934336525335
2017-04-07,sh.600261,7.3600,7.3600,7.2600,7.3100,7.3700,8521009,62233460.0000,3,0.586805,1,-0.814110,3.469391,23.256457,2.419212,21.956721,0,-0.8141112618724633
2017-04-10,sh.600261,7.3100,7.3400,7.2300,7.2800,7.3100,7262099,52832955.0000,3,0.500109,1,-0.410393,3.455153,23.161014,2.409283,21.866611,0,-0.41039671682625567
2017-04-11,sh.600261,7.2300,7.2700,7.1000,7.2500,7.2800,14164466,101720821.0000,3,0.975445,1,-0.412091,3.331391,23.281035,2.396415,15.252357,0,-0.4120879120879106
2017-04-12,sh.600261,7.2400,7.2500,7.1500,7.1600,7.2500,9999891,72085841.0000,3,0.688649,1,-1.241381,3.290036,22.992030,2.366666,15.063017,0,-1.2413793103448256
2017-04-13,sh.600261,7.1600,7.2500,7.1400,7.2300,7.1600,8551820,61581209.0000,3,0.588927,1,0.977656,3.322201,23.216812,2.389804,15.210281,0,0.9776536312849249
2017-04-14,sh.600261,7.2300,7.2300,7.1400,7.1600,7.2300,5170569,37044585.0000,3,0.356075,1,-0.968190,3.290036,22.992030,2.366666,15.063017,0,-0.9681881051175734
2017-04-17,sh.600261,7.1400,7.1800,7.0600,7.1400,7.1600,6982253,49609237.0000,3,0.480837,1,-0.279329,3.280846,22.927806,2.360055,15.020942,0,-0.27932960893854997
2017-04-18,sh.600261,7.1400,7.1400,7.0000,7.0100,7.1400,10814034,76431310.0000,3,0.744715,1,-1.820723,3.221111,22.510353,2.317085,14.747451,0,-1.8207282913165201
2017-04-19,sh.600261,6.9900,6.9900,6.7800,6.8900,7.0100,11613211,79917854.0000,3,0.799751,1,-1.711845,3.165970,22.125012,2.277420,14.494999,0,-1.7118402282453649
2017-04-20,sh.600261,6.8700,6.9600,6.7900,6.8600,6.8900,10906135,74918928.0000,3,0.751058,1,-0.435410,3.152185,22.028676,2.267504,14.431885,0,-0.4354136429608024
2017-04-21,sh.600261,6.8500,6.8900,6.8500,6.8700,6.8600,3627430,24905737.0000,3,0.249805,1,0.145769,3.156780,22.060788,2.270810,14.452923,0,0.1457725947521915
2017-04-24,sh.600261,6.8600,6.8800,6.7100,6.7500,6.8700,5841479,39539650.0000,3,0.402277,1,-1.746723,3.101640,21.675447,2.231145,14.200470,0,-1.7467248908296984
2017-04-25,sh.600261,6.7300,6.7800,6.7000,6.7200,6.7500,7320726,49344358.0000,3,0.504146,1,-0.444448,3.087855,21.579111,2.221229,14.137357,0,-0.4444444444444473
2017-04-26,sh.600261,6.7300,6.7700,6.6700,6.6800,6.7200,6357235,42691397.0000,3,0.437795,1,-0.595238,3.069475,21.450664,2.208007,14.053206,0,-0.5952380952380931
2017-04-27,sh.600261,6.6800,6.7300,6.5300,6.6900,6.6800,6487231,43001171.0000,3,0.446747,1,0.149704,3.074070,21.482776,2.211312,14.074244,0,0.14970059880241582
2017-04-28,sh.600261,6.7100,6.9300,6.6800,6.8900,6.6900,9123626,61927874.0000,3,0.628304,1,2.989534,3.165970,22.125012,2.277420,14.494999,0,2.9895366218235964
2017-05-02,sh.600261,6.8500,6.9000,6.7800,6.7900,6.8900,6460537,44042968.0000,3,0.444909,1,-1.451378,3.003905,21.068982,2.185207,31.434215,0,-1.4513788098693747
2017-05-03,sh.600261,6.8000,6.8300,6.7600,6.8000,6.7900,3358709,22837414.0000,3,0.231300,1,0.147279,3.008329,21.100012,2.188426,31.480510,0,0.14727540500736325
2017-05-04,sh.600261,6.7600,6.8400,6.7200,6.7500,6.8000,3663165,24854094.0000,3,0.252266,1,-0.735297,2.986209,20.944865,2.172334,31.249035,0,-0.7352941176470562
2017-05-05,sh.600261,6.7500,6.8700,6.7200,6.7700,6.7500,5623545,38243278.0000,3,0.387269,1,0.296296,2.995057,21.006923,2.178771,31.341625,0,0.2962962962962834
2017-05-08,sh.600261,6.7500,6.8400,6.7100,6.7400,6.7700,4074850,27702419.0000,3,0.280617,1,-0.443134,2.981785,20.913835,2.169116,31.202741,0,-0.4431314623338123
2017-05-09,sh.600261,6.7200,6.7800,6.6600,6.7700,6.7400,4096605,27530468.0000,3,0.282115,1,0.445107,2.995057,21.006923,2.178771,31.341625,0,0.4451038575667532
2017-05-10,sh.600261,6.7900,6.8100,6.6300,6.6400,6.7700,3498512,23576208.0000,3,0.240927,1,-1.920238,2.937544,20.603541,2.136933,30.739792,0,-1.9202363367799125
2017-05-11,sh.600261,6.6000,6.7700,6.4900,6.7200,6.6400,5839716,38606674.0000,3,0.402156,1,1.204818,2.972937,20.851776,2.162679,31.110151,0,1.2048192771084265
2017-05-12,sh.600261,6.6900,6.7200,6.6300,6.6700,6.7200,2742454,18295491.0000,3,0.188861,1,-0.744043,2.950817,20.696629,2.146588,30.878676,0,-0.7440476190476164
2017-05-15,sh.600261,6.6300,6.7500,6.5900,6.6200,6.6700,5021854,33452826.0000,3,0.345833,1,-0.749628,2.928696,20.541482,2.130497,30.647202,0,-0.7496251874062887
2017-05-16,sh.600261,6.6300,6.7000,6.5300,6.6900,6.6200,6973241,46070253.0000,3,0.480217,1,1.057405,2.959665,20.758688,2.153025,30.971266,0,1.0574018126888296
2017-05-17,sh.600261,6.6900,6.7300,6.6600,6.7300,6.6900,6862654,45937985.0000,3,0.472601,1,0.597907,2.977361,20.882806,2.165898,31.156446,0,0.5979073243647326
2017-05-18,sh.600261,6.6900,6.8300,6.6700,6.7300,6.7300,7513382,50653768.0000,3,0.517414,1,0.000000,2.977361,20.882806,2.165898,31.156446,0,0.0
2017-05-19,sh.600261,6.7500,6.8000,6.7000,6.7500,6.7300,2715558,18296055.0000,3,0.187009,1,0.297177,2.986209,20.944865,2.172334,31.249035,0,0.2971768202080227
2017-05-22,sh.600261,6.7500,6.7600,6.5500,6.5800,6.7500,6298975,41859775.0000,3,0.433783,1,-2.518520,2.911000,20.417364,2.117624,30.462023,0,-2.51851851851852
2017-05-23,sh.600261,6.5600,6.5900,6.4300,6.4500,6.5800,5066117,33022999.0000,3,0.348881,1,-1.975686,2.853488,20.013982,2.075786,29.860189,0,-1.9756838905775065
2017-05-24,sh.600261,6.4500,6.4700,6.3600,6.4500,6.4500,4775387,30634786.0000,3,0.328860,1,0.000000,2.853488,20.013982,2.075786,29.860189,0,0.0
2017-05-25,sh.600261,6.3400,6.3400,6.1000,6.2400,6.2900,11508838,71283048.0000,3,0.792564,1,-0.794916,2.760584,19.362364,2.008202,28.887997,0,-3.2558139534883734
2017-05-26,sh.600261,6.2200,6.2600,6.1800,6.1900,6.2400,7237450,44951773.0000,3,0.498412,1,-0.801277,2.738464,19.207217,1.992111,28.656523,0,-0.8012820512820484
2017-05-31,sh.600261,6.2500,6.3100,6.2000,6.2100,6.1900,7701005,48112945.0000,3,0.530335,1,0.323101,2.747312,19.269275,1.998547,28.749113,0,0.3231017770597644
2017-06-01,sh.600261,6.1900,6.2200,6.1300,6.2000,6.2100,6474203,40028576.0000,3,0.445850,1,-0.161034,2.742888,19.238246,1.995329,28.702818,0,-0.16103059581320522
2017-06-02,sh.600261,6.1800,6.2600,6.1200,6.2400,6.2000,6954159,42982997.0000,3,0.478903,1,0.645161,2.760584,19.362364,2.008202,28.887997,0,0.6451612903225712
2017-06-05,sh.600261,6.2200,6.3100,6.2200,6.3100,6.2400,5626282,35306834.0000,3,0.387458,1,1.121798,2.791552,19.579570,2.030730,29.212061,0,1.1217948717948678
2017-06-06,sh.600261,6.3100,6.3700,6.2800,6.3200,6.3100,3518120,22272852.0000,3,0.242278,1,0.158482,2.795976,19.610599,2.033948,29.258356,0,0.15847860538829028
2017-06-07,sh.600261,6.3500,6.4300,6.3200,6.4000,6.3200,5225164,33347194.0000,3,0.359834,1,1.265821,2.831368,19.858835,2.059695,29.628715,0,1.2658227848101333
2017-06-08,sh.600261,6.4000,6.5200,6.3600,6.4600,6.4000,6593073,42447817.0000,3,0.454036,1,0.937499,2.857912,20.045011,2.079004,29.906484,0,0.9374999999999911
2017-06-09,sh.600261,6.4600,6.5700,6.3800,6.4100,6.4600,4685827,30115251.0000,3,0.322692,1,-0.773997,2.835792,19.889864,2.062913,29.675010,0,-0.7739938080495334
2017-06-12,sh.600261,6.3800,6.4000,6.2700,6.2900,6.4100,4555858,28855191.0000,3,0.313742,1,-1.872073,2.782704,19.517511,2.024294,29.119472,0,-1.8720748829953227
2017-06-13,sh.600261,6.3000,6.3700,6.2700,6.3300,6.2900,7446924,47086257.0000,3,0.512837,1,0.635930,2.800400,19.641629,2.037167,29.304651,0,0.6359300476947549
2017-06-14,sh.600261,6.3200,6.4100,6.3100,6.3900,6.3300,7067378,44862333.0000,3,0.486700,1,0.947866,2.826944,19.827805,2.056476,29.582420,0,0.9478672985781866
2017-06-15,sh.600261,6.4000,6.5200,6.3400,6.4800,6.3900,7759029,49994702.0000,3,0.534331,1,1.408453,2.866760,20.107070,2.085441,29.999074,0,1.4084507042253724
2017-06-16,sh.600261,6.4600,6.5100,6.4200,6.4900,6.4800,5130348,33164273.0000,3,0.353305,1,0.154317,2.871184,20.138099,2.088659,30.045369,0,0.15432098765431057
2017-06-19,sh.600261,6.5300,6.5700,6.4900,6.5100,6.4900,5367572,35048123.0000,3,0.369641,1,0.308173,2.880032,20.200158,2.095096,30.137959,0,0.30816640986131016
2017-06-20,sh.600261,6.5100,6.5400,6.4300,6.4600,6.5100,5897426,38106873.0000,3,0.406130,1,-0.768052,2.857912,20.045011,2.079004,29.906484,0,-0.7680491551459223
2017-06-21,sh.600261,6.4700,6.4900,6.4200,6.4700,6.4600,3681564,23767202.0000,3,0.253533,1,0.154795,2.862336,20.076041,2.082223,29.952779,0,0.1547987616099089
2017-06-22,sh.600261,6.4700,6.4800,6.3700,6.4200,6.4700,4064000,26156468.0000,3,0.279870,1,-0.772793,2.840216,19.920893,2.066131,29.721305,0,-0.7727975270479082
2017-06-23,sh.600261,6.4000,6.4400,6.3500,6.4300,6.4200,3029524,19358877.0000,3,0.208630,1,0.155759,2.844640,19.951923,2.069349,29.767600,0,0.15576323987538387
2017-06-26,sh.600261,6.4600,6.5000,6.3800,6.4900,6.4300,5018046,32449291.0000,3,0.345571,1,0.933125,2.871184,20.138099,2.088659,30.045369,0,0.9331259720062324
2017-06-27,sh.600261,6.4900,6.5900,6.4800,6.5700,6.4900,6736795,44135920.0000,3,0.463934,1,1.232672,2.906576,20.386335,2.114405,30.415728,0,1.2326656394453073
2017-06-28,sh.600261,6.5400,6.5800,6.5000,6.5200,6.5700,4518254,29530196.0000,3,0.311152,1,-0.761038,2.884456,20.231188,2.098314,30.184253,0,-0.7610350076103556
2017-06-29,sh.600261,6.5200,6.6400,6.5200,6.6200,6.5200,6405753,42324708.0000,3,0.441136,1,1.533741,2.928696,20.541482,2.130497,30.647202,0,1.533742331288357
2017-06-30,sh.600261,6.6200,6.6200,6.5500,6.5700,6.6200,6312715,41558755.0000,3,0.434729,1,-0.755283,2.906576,20.386335,2.114405,30.415728,0,-0.7552870090634434
2017-07-03,sh.600261,6.5500,6.5800,6.5000,6.5200,6.5700,12658015,82579238.0000,3,0.871702,1,-0.761038,2.884456,20.231188,2.098314,30.184253,0,-0.7610350076103556
2017-07-04,sh.600261,6.5300,6.5300,6.4800,6.5100,6.5200,6775852,44051859.0000,3,0.466623,1,-0.153370,2.880032,20.200158,2.095096,30.137959,0,-0.15337423312883347
2017-07-05,sh.600261,6.5200,6.5300,6.4800,6.5300,6.5100,7339013,47729132.0000,3,0.505406,1,0.307219,2.888880,20.262217,2.101532,30.230548,0,0.3072196620583778
2017-07-06,sh.600261,6.5300,6.5300,6.4500,6.5100,6.5300,5671113,36845042.0000,3,0.390545,1,-0.306278,2.880032,20.200158,2.095096,30.137959,0,-0.3062787136294043
2017-07-07,sh.600261,6.5000,6.5200,6.4700,6.5100,6.5100,4210295,27355666.0000,3,0.289945,1,0.000000,2.880032,20.200158,2.095096,30.137959,0,0.0
2017-07-10,sh.600261,6.4900,6.5200,6.4500,6.4600,6.5100,5263696,34097844.0000,3,0.362488,1,-0.768052,2.857912,20.045011,2.079004,29.906484,0,-0.7680491551459223
2017-07-11,sh.600261,6.4400,6.5000,6.4200,6.4500,6.4600,3912332,25280283.0000,3,0.269425,1,-0.154802,2.853488,20.013982,2.075786,29.860189,0,-0.1547987616099089
2017-07-12,sh.600261,6.4500,6.4600,6.3300,6.4100,6.4500,5313836,33985735.0000,3,0.365941,1,-0.620155,2.835792,19.889864,2.062913,29.675010,0,-0.6201550387596955
2017-07-13,sh.600261,6.4000,6.4800,6.3600,6.4300,6.4100,3186019,20450195.0000,3,0.219407,1,0.312012,2.844640,19.951923,2.069349,29.767600,0,0.31201248049921304
2017-07-14,sh.600261,6.4300,6.4400,6.3500,6.3700,6.4300,2733191,17443102.0000,3,0.188223,1,-0.933125,2.818096,19.765746,2.050040,29.489830,0,-0.9331259720062102
2017-07-17,sh.600261,6.3700,6.3700,6.1700,6.1800,6.3700,6684936,41776339.0000,3,0.460362,1,-2.982733,2.734040,19.176187,1.988893,28.610228,0,-2.982731554160134
2017-07-18,sh.600261,6.1600,6.2400,6.1500,6.2100,6.1800,3763912,23335169.0000,3,0.259204,1,0.485440,2.747312,19.269275,1.998547,28.749113,0,0.4854368932038833
2017-07-19,sh.600261,6.2200,6.2800,6.1800,6.2700,6.2100,4478060,27897019.0000,3,0.308384,1,0.966183,2.773856,19.455452,2.017857,29.026882,0,0.9661835748792313
2017-07-20,sh.600261,6.2500,6.3700,6.2300,6.3500,6.2700,6639378,41966197.0000,3,0.457225,1,1.275916,2.809248,19.703687,2.043603,29.397241,0,1.2759170653907415
2017-07-21,sh.600261,6.3500,6.3600,6.2700,6.3000,6.3500,4694104,29603336.0000,3,0.323262,1,-0.787397,2.787128,19.548540,2.027512,29.165766,0,-0.7874015748031482
2017-07-24,sh.600261,6.2800,6.4300,6.2800,6.4100,6.3000,5829178,37212731.0000,3,0.401430,1,1.746026,2.835792,19.889864,2.062913,29.675010,0,1.746031746031762
2017-07-25,sh.600261,6.4000,6.4700,6.3800,6.4000,6.4100,4660438,29895258.0000,3,0.320944,1,-0.156002,2.831368,19.858835,2.059695,29.628715,0,-0.15600624024960652
2017-07-26,sh.600261,6.3900,6.4800,6.3900,6.4500,6.4000,6293403,40515955.0000,3,0.433399,1,0.781246,2.853488,20.013982,2.075786,29.860189,0,0.78125
2017-07-27,sh.600261,6.4500,6.4600,6.3800,6.4400,6.4500,3660323,23542886.0000,3,0.252070,1,-0.155035,2.849064,19.982952,2.072568,29.813895,0,-0.15503875968991832
2017-07-28,sh.600261,6.4500,6.5700,6.4300,6.5100,6.4400,6777334,44087329.0000,3,0.466725,1,1.086959,2.880032,20.200158,2.095096,30.137959,0,1.086956521739113
2017-07-31,sh.600261,6.5000,6.6400,6.4900,6.6300,6.5100,10383250,68467044.0000,3,0.715049,1,1.843316,2.933120,20.572511,2.133715,30.693497,0,1.8433179723502224
2017-08-01,sh.600261,6.6000,6.6600,6.5200,6.5600,6.6300,8823126,58202092.0000,3,0.607610,1,-1.055809,2.902152,20.355305,2.111187,30.369433,0,-1.0558069381598867
2017-08-02,sh.600261,6.5400,6.5900,6.4500,6.4600,6.5600,9262650,60169225.0000,3,0.637878,1,-1.524389,2.857912,20.045011,2.079004,29.906484,0,-1.5243902439024293
2017-08-03,sh.600261,6.4500,6.5100,6.4400,6.4600,6.4600,3627660,23474469.0000,3,0.249821,1,0.000000,2.857912,20.045011,2.079004,29.906484,0,0.0
2017-08-04,sh.600261,6.4400,6.4800,6.4400,6.4500,6.4600,3932439,25392026.0000,3,0.270810,1,-0.154802,2.853488,20.013982,2.075786,29.860189,0,-0.1547987616099089
2017-08-07,sh.600261,6.4800,6.5100,6.4300,6.4700,6.4500,2347507,15158394.0000,3,0.161663,1,0.310077,2.862336,20.076041,2.082223,29.952779,0,0.31007751937983663
2017-08-08,sh.600261,6.4700,6.4800,6.4000,6.4300,6.4700,3289856,21178831.0000,3,0.226558,1,-0.618237,2.844640,19.951923,2.069349,29.767600,0,-0.6182380216383287
2017-08-09,sh.600261,6.4400,6.5200,6.4300,6.5100,6.4300,4158776,26900402.0000,3,0.286397,1,1.244174,2.880032,20.200158,2.095096,30.137959,0,1.244167962674969
2017-08-10,sh.600261,6.5100,6.5300,6.3800,6.4100,6.5100,5192511,33499841.0000,3,0.357586,1,-1.536104,2.835792,19.889864,2.062913,29.675010,0,-1.5360983102918557
2017-08-11,sh.600261,6.3800,6.4000,6.2800,6.3000,6.4100,4293809,27230062.0000,3,0.295696,1,-1.716063,2.787128,19.548540,2.027512,29.165766,0,-1.7160686427457161
2017-08-14,sh.600261,6.3000,6.3900,6.2900,6.3800,6.3000,3999891,25415832.0000,3,0.275455,1,1.269840,2.822520,19.796776,2.053258,29.536125,0,1.2698412698412653
2017-08-15,sh.600261,6.3700,6.4000,6.3300,6.3900,6.3800,3268264,20804855.0000,3,0.225071,1,0.156736,2.826944,19.827805,2.056476,29.582420,0,0.15673981191222097
2017-08-16,sh.600261,6.3900,6.4700,6.3500,6.4600,6.3900,4338305,27840136.0000,3,0.298760,1,1.095464,2.857912,20.045011,2.079004,29.906484,0,1.0954616588419341
2017-08-17,sh.600261,6.4600,6.5200,6.4200,6.5100,6.4600,3917291,25329319.0000,3,0.269767,1,0.773997,2.880032,20.200158,2.095096,30.137959,0,0.7739938080495223
2017-08-18,sh.600261,6.4800,6.4800,6.4200,6.4500,6.5100,3734078,24082772.0000,3,0.257150,1,-0.921665,2.853488,20.013982,2.075786,29.860189,0,-0.9216589861751112
2017-08-21,sh.600261,6.4600,6.5300,6.4600,6.5000,6.4500,4202033,27299020.0000,3,0.289376,1,0.775197,2.875608,20.169129,2.091877,30.091664,0,0.7751937984496138
2017-08-22,sh.600261,6.5000,6.5200,6.4200,6.4400,6.5000,3026063,19514820.0000,3,0.208392,1,-0.923076,2.849064,19.982952,2.072568,29.813895,0,-0.9230769230769154
2017-08-23,sh.600261,6.4300,6.4700,6.4200,6.4500,6.4400,1841150,11845080.0000,3,0.126792,1,0.155276,2.853488,20.013982,2.075786,29.860189,0,0.15527950310558758
2017-08-24,sh.600261,6.4500,6.4500,6.3600,6.3700,6.4500,2828268,18089072.0000,3,0.194770,1,-1.240309,2.818096,19.765746,2.050040,29.489830,0,-1.2403100775193798
2017-08-25,sh.600261,6.3700,6.4400,6.3600,6.4200,6.3700,3114803,19947660.0000,3,0.214503,1,0.784932,2.840216,19.920893,2.066131,29.721305,0,0.7849293563579218
2017-08-28,sh.600261,6.4200,6.5500,6.4000,6.5000,6.4200,6730888,43567808.0000,3,0.463527,1,1.246105,2.875608,20.169129,2.091877,30.091664,0,1.2461059190031154
2017-08-29,sh.600261,6.5200,6.5300,6.4400,6.4800,6.5000,4751275,30766828.0000,3,0.327200,1,-0.307692,2.974778,20.156886,2.015050,-45.992924,0,-0.3076923076922977
2017-08-30,sh.600261,6.4500,6.4900,6.4200,6.4600,6.4800,5396778,34781409.0000,3,0.371653,1,-0.308642,2.965597,20.094674,2.008831,-45.850970,0,-0.30864197530865445
2017-08-31,sh.600261,6.4500,6.4700,6.4000,6.4300,6.4600,3304854,21225964.0000,3,0.227591,1,-0.464400,2.951825,20.001355,1.999502,-45.638040,0,-0.4643962848297267
2017-09-01,sh.600261,6.4400,6.5100,6.4100,6.5000,6.4300,6940234,44910506.0000,3,0.477944,1,1.088650,2.983960,20.219099,2.021270,-46.134877,0,1.0886469673405896
2017-09-04,sh.600261,6.4800,6.5100,6.4300,6.4500,6.5000,7407311,47812717.0000,3,0.510109,1,-0.769234,2.961006,20.063567,2.005721,-45.779994,0,-0.7692307692307665
2017-09-05,sh.600261,6.4500,6.4700,6.4000,6.4300,6.4500,7173123,46051452.0000,3,0.493982,1,-0.310077,2.951825,20.001355,1.999502,-45.638040,0,-0.31007751937984773
2017-09-06,sh.600261,6.4100,6.4300,6.3800,6.4100,6.4300,7185885,45982571.0000,3,0.494861,1,-0.311042,2.942643,19.939142,1.993283,-45.496087,0,-0.3110419906687367
2017-09-07,sh.600261,6.4100,6.4300,6.3800,6.4000,6.4100,10964189,70208159.0000,3,0.755056,1,-0.156002,2.938052,19.908036,1.990173,-45.425110,0,-0.15600624024960652
2017-09-08,sh.600261,6.4000,6.4000,6.3400,6.3600,6.4000,6989837,44477913.0000,3,0.481360,1,-0.624999,2.919690,19.783611,1.977734,-45.141203,0,-0.6249999999999978
2017-09-11,sh.600261,6.3500,6.3800,6.2900,6.3300,6.3600,12798507,80917849.0000,3,0.881377,1,-0.471701,2.905917,19.690292,1.968406,-44.928273,0,-0.4716981132075526
2017-09-12,sh.600261,6.3200,6.3700,6.2800,6.3000,6.3300,11921757,75411422.0000,3,0.820999,1,-0.473929,2.892145,19.596973,1.959077,-44.715343,0,-0.4739336492891044
2017-09-13,sh.600261,6.3100,6.3500,6.2800,6.3500,6.3000,7508311,47402666.0000,3,0.517065,1,0.793646,2.915099,19.752504,1.974625,-45.070226,0,0.7936507936507908
2017-09-14,sh.600261,6.3300,6.3500,6.2900,6.3000,6.3500,6934950,43742817.0000,3,0.477580,1,-0.787397,2.892145,19.596973,1.959077,-44.715343,0,-0.7874015748031482
2017-09-15,sh.600261,6.2800,6.3200,6.2800,6.3100,6.3000,5886211,37050537.0000,3,0.405358,1,0.158726,2.896736,19.628079,1.962186,-44.786319,0,0.15873015873015817
2017-09-18,sh.600261,6.3100,6.3200,6.2600,6.2900,6.3100,10383098,65304157.0000,3,0.715039,1,-0.316957,2.887555,19.565867,1.955967,-44.644366,0,-0.31695721077653616
2017-09-19,sh.600261,6.2800,6.3100,6.2600,6.2800,6.2900,7164500,45019913.0000,3,0.493388,1,-0.158979,2.882964,19.534760,1.952857,-44.573389,0,-0.15898251192368873
2017-09-20,sh.600261,6.2900,6.3200,6.2600,6.3200,6.2800,7204226,45314747.0000,3,0.496124,1,0.636942,2.901327,19.659186,1.965296,-44.857296,0,0.6369426751592355
2017-09-21,sh.600261,6.3100,6.3300,6.2700,6.2700,6.3200,6050464,38101406.0000,3,0.416669,1,-0.791142,2.878373,19.503654,1.949748,-44.502412,0,-0.7911392405063444
2017-09-22,sh.600261,6.2700,6.2800,6.2100,6.2200,6.2700,5304250,33130848.0000,3,0.365281,1,-0.797451,2.855420,19.348122,1.934199,-44.147529,0,-0.797448165869219
2017-09-25,sh.600261,6.2300,6.2400,6.1800,6.2000,6.2200,5120020,31759463.0000,3,0.352593,1,-0.321543,2.846238,19.285910,1.927980,-44.005575,0,-0.3215434083601254
2017-09-26,sh.600261,6.1900,6.2100,6.1500,6.1800,6.2000,7012084,43302355.0000,3,0.482892,1,-0.322580,2.837057,19.223697,1.921761,-43.863622,0,-0.3225806451612967
2017-09-27,sh.600261,6.1800,6.2000,6.1500,6.1700,6.1800,6147202,37935070.0000,3,0.423331,1,-0.161808,2.832466,19.192591,1.918651,-43.792645,0,-0.16181229773462036
2017-09-28,sh.600261,6.1700,6.2800,6.1600,6.2500,6.1700,9762937,60894589.0000,3,0.672331,1,1.296595,2.869192,19.441441,1.943528,-44.360459,0,1.296596434359798
2017-09-29,sh.600261,6.2400,6.2900,6.2000,6.2300,6.2500,6360284,39693027.0000,3,0.438005,1,-0.320000,2.860010,19.379229,1.937309,-44.218505,0,-0.31999999999999806
2017-10-09,sh.600261,6.2700,6.2900,6.2000,6.2300,6.2300,8893607,55464552.0000,3,0.612464,1,0.000000,2.860010,19.379229,1.937309,-44.218505,0,0.0
2017-10-10,sh.600261,6.2300,6.2700,6.2100,6.2700,6.2300,7380871,46033108.0000,3,0.508288,1,0.642054,2.878373,19.503654,1.949748,-44.502412,0,0.6420545746388395
2017-10-11,sh.600261,6.2600,6.2900,6.2200,6.2500,6.2700,9219496,57667907.0000,3,0.634907,1,-0.318979,2.869192,19.441441,1.943528,-44.360459,0,-0.31897926634768536
2017-10-12,sh.600261,6.2500,6.2700,6.2000,6.2300,6.2500,8299716,51688430.0000,3,0.571565,1,-0.320000,2.860010,19.379229,1.937309,-44.218505,0,-0.31999999999999806
2017-10-13,sh.600261,6.2300,6.2600,6.2100,6.2600,6.2300,7172326,44734198.0000,3,0.493927,1,0.481544,2.873783,19.472548,1.946638,-44.431436,0,0.48154093097911854
2017-10-16,sh.600261,6.2600,6.2700,6.1700,6.1800,6.2600,7425525,46078975.0000,3,0.511364,1,-1.277962,2.837057,19.223697,1.921761,-43.863622,0,-1.2779552715655007
2017-10-17,sh.600261,6.1800,6.2300,6.1500,6.1900,6.1800,8714270,54030743.0000,3,0.600114,1,0.161816,2.841648,19.254804,1.924871,-43.934598,0,0.16181229773464256
2017-10-18,sh.600261,6.2200,6.2300,6.1500,6.1700,6.1900,4699343,29087901.0000,3,0.323623,1,-0.323101,2.832466,19.192591,1.918651,-43.792645,0,-0.3231017770597866
2017-10-19,sh.600261,6.1700,6.1700,6.0700,6.0900,6.1700,8452620,51690810.0000,3,0.582095,1,-1.296595,2.795741,18.943740,1.893774,-43.224831,0,-1.296596434359809
2017-10-20,sh.600261,6.0900,6.1300,6.0700,6.1200,6.0900,3507900,21398251.0000,3,0.241574,1,0.492607,2.809513,19.037059,1.903103,-43.437761,0,0.49261083743843415
2017-10-23,sh.600261,6.1200,6.1400,6.0800,6.1300,6.1200,4642378,28367168.0000,3,0.319700,1,0.163402,2.814103,19.068166,1.906213,-43.508738,0,0.16339869281045694
2017-10-24,sh.600261,6.1200,6.1300,6.0800,6.1000,6.1300,4299034,26220066.0000,3,0.296056,1,-0.489400,2.800331,18.974847,1.896884,-43.295808,0,-0.4893964110929905
2017-10-25,sh.600261,6.0900,6.1600,6.0700,6.1500,6.1000,8059306,49298330.0000,3,0.555009,1,0.819675,2.823285,19.130378,1.912432,-43.650692,0,0.819672131147553
2017-10-26,sh.600261,6.1500,6.1700,6.1200,6.1600,6.1500,3960500,24326834.0000,3,0.272742,1,0.162598,2.827875,19.161485,1.915542,-43.721668,0,0.1626016260162677
2017-10-27,sh.600261,6.1700,6.1800,6.1300,6.1600,6.1600,5346032,32927877.0000,3,0.368158,1,0.000000,2.827875,19.161485,1.915542,-43.721668,0,0.0
2017-10-30,sh.600261,6.1400,6.1600,6.0100,6.0300,6.1600,7661500,46363593.0000,3,0.527614,1,-2.110384,2.768196,18.757103,1.875116,-42.798971,0,-2.110389610389607
2017-10-31,sh.600261,5.9900,5.9900,5.9200,5.9600,6.0300,8716173,51921538.0000,3,0.600245,1,-1.160865,2.658663,20.554154,1.794741,-17.920561,0,-1.1608623548922115
2017-11-01,sh.600261,5.9600,6.0300,5.9400,6.0000,5.9600,7513682,45098661.0000,3,0.517435,1,0.671140,2.676506,20.692101,1.806787,-18.040833,0,0.6711409395973256
2017-11-02,sh.600261,6.0100,6.0100,5.9100,5.9200,6.0000,5999708,35664823.0000,3,0.413174,1,-1.333332,2.640819,20.416207,1.782696,-17.800289,0,-1.3333333333333308
2017-11-03,sh.600261,5.9200,5.9400,5.7300,5.7900,5.9200,11098300,64478497.0000,3,0.764292,1,-2.195948,2.582828,19.967878,1.743549,-17.409404,0,-2.195945945945943
2017-11-06,sh.600261,5.7500,5.8100,5.7500,5.8000,5.7900,3829275,22160868.0000,3,0.263705,1,0.172715,2.587289,20.002365,1.746560,-17.439472,0,0.17271157167528806
2017-11-07,sh.600261,5.7700,5.8200,5.7600,5.8100,5.8000,4978682,28820816.0000,3,0.342860,1,0.172409,2.591750,20.036851,1.749572,-17.469540,0,0.17241379310344307
2017-11-08,sh.600261,5.8000,5.9100,5.7900,5.8800,5.8100,6217555,36331986.0000,3,0.428176,1,1.204822,2.622976,20.278259,1.770651,-17.680016,0,1.2048192771084487
2017-11-09,sh.600261,5.8700,5.8800,5.8300,5.8600,5.8800,3806011,22273875.0000,3,0.262103,1,-0.340136,2.614054,20.209286,1.764628,-17.619880,0,-0.340136054421758
2017-11-10,sh.600261,5.8600,5.8700,5.8000,5.8100,5.8600,5084306,29605470.0000,3,0.350134,1,-0.853245,2.591750,20.036851,1.749572,-17.469540,0,-0.8532423208191253
2017-11-13,sh.600261,5.8100,5.8600,5.7900,5.8000,5.8100,5247388,30565703.0000,3,0.361365,1,-0.172113,2.587289,20.002365,1.746560,-17.439472,0,-0.1721170395869165
2017-11-14,sh.600261,5.8000,5.8000,5.7000,5.7600,5.8000,6598973,37937201.0000,3,0.454443,1,-0.689654,2.569446,19.864417,1.734515,-17.319200,0,-0.6896551724137945
2017-11-15,sh.600261,5.7300,5.7600,5.7100,5.7300,5.7600,2867250,16453079.0000,3,0.197455,1,-0.520837,2.556063,19.760957,1.725481,-17.228996,0,-0.5208333333333259
2017-11-16,sh.600261,5.7400,5.7800,5.7300,5.7300,5.7300,2366400,13598382.0000,3,0.162964,1,0.000000,2.556063,19.760957,1.725481,-17.228996,0,0.0
2017-11-17,sh.600261,5.7500,5.7500,5.5600,5.5800,5.7300,7476923,42214572.0000,3,0.514903,1,-2.617803,2.489151,19.243654,1.680312,-16.777975,0,-2.617801047120427
2017-11-20,sh.600261,5.5600,5.5600,5.4500,5.5300,5.5800,6636287,36531979.0000,3,0.457012,1,-0.896052,2.466846,19.071220,1.665255,-16.627634,0,-0.8960573476702427
2017-11-21,sh.600261,5.5300,5.5400,5.4800,5.5200,5.5300,5006847,27587534.0000,3,0.344800,1,-0.180836,2.462386,19.036733,1.662244,-16.597566,0,-0.1808318264014619
2017-11-22,sh.600261,5.5000,5.5300,5.4300,5.4400,5.5200,6815211,37324645.0000,3,0.469334,1,-1.449274,2.426699,18.760838,1.638153,-16.357022,0,-1.4492753623188248
2017-11-23,sh.600261,5.4400,5.4400,5.2700,5.2800,5.4400,9754927,52271331.0000,3,0.671779,1,-2.941174,2.355325,18.209049,1.589972,-15.875933,0,-2.941176470588236
2017-11-24,sh.600261,5.2900,5.3700,5.2700,5.3400,5.2800,7980821,42499946.0000,3,0.549604,1,1.136363,2.382090,18.415970,1.608040,-16.056341,0,1.1363636363636243
2017-11-27,sh.600261,5.3400,5.3400,5.1800,5.1900,5.3400,8085457,42333827.0000,3,0.556810,1,-2.808990,2.315178,17.898668,1.562870,-15.605321,0,-2.8089887640449285
2017-11-28,sh.600261,5.1800,5.2500,5.1700,5.2500,5.1900,7126194,37185772.0000,3,0.490750,1,1.156068,2.341943,18.105589,1.580938,-15.785729,0,1.156069364161838
2017-11-29,sh.600261,5.2500,5.2700,5.1200,5.2400,5.2500,6270634,32638236.0000,3,0.431831,1,-0.190481,2.337482,18.071102,1.577927,-15.755661,0,-0.19047619047618536
2017-11-30,sh.600261,5.2300,5.2500,5.1900,5.2200,5.2400,3452566,18017257.0000,3,0.237763,1,-0.381679,2.328560,18.002128,1.571904,-15.695525,0,-0.3816793893129833
2017-12-01,sh.600261,5.2300,5.3700,5.2000,5.3600,5.2200,9172682,48749913.0000,3,0.631683,1,2.681999,2.391012,18.484944,1.614063,-16.116478,0,2.6819923371647514
2017-12-04,sh.600261,5.3500,5.3700,5.2200,5.2300,5.3600,5100828,26999160.0000,3,0.351272,1,-2.425375,2.333021,18.036615,1.574916,-15.725593,0,-2.425373134328357
2017-12-05,sh.600261,5.2400,5.2600,5.1300,5.1700,5.2300,4072570,21178637.0000,3,0.280460,1,-1.147226,2.306256,17.829694,1.556848,-15.545184,0,-1.147227533460815
2017-12-06,sh.600261,5.1800,5.3500,5.1400,5.3100,5.1700,6522348,34385056.0000,3,0.449166,1,2.707928,2.368708,18.312510,1.599006,-15.966137,0,2.7079303675048294
2017-12-07,sh.600261,5.3100,5.3500,5.2300,5.3000,5.3100,5754980,30504898.0000,3,0.396320,1,-0.188319,2.364247,18.278023,1.595995,-15.936069,0,-0.18832391713746732
2017-12-08,sh.600261,5.3000,5.4200,5.2900,5.4200,5.3000,7421173,40019263.0000,3,0.511064,1,2.264149,2.417777,18.691865,1.632131,-16.296886,0,2.264150943396226
2017-12-11,sh.600261,5.4200,5.4900,5.3700,5.4900,5.4200,5490220,29967917.0000,3,0.378088,1,1.291507,2.449003,18.933273,1.653210,-16.507362,0,1.291512915129167
2017-12-12,sh.600261,5.4900,5.4900,5.4000,5.4300,5.4900,3204805,17399333.0000,3,0.220701,1,-1.092895,2.422238,18.726352,1.635142,-16.326954,0,-1.0928961748634003
2017-12-13,sh.600261,5.4100,5.4600,5.3800,5.4500,5.4300,2811077,15259317.0000,3,0.193587,1,0.368324,2.431160,18.795325,1.641165,-16.387090,0,0.36832412523020164
2017-12-14,sh.600261,5.4300,5.4400,5.3800,5.4000,5.4500,1909000,10312712.0000,3,0.131465,1,-0.917426,2.408856,18.622891,1.626108,-16.236750,0,-0.917431192660545
2017-12-15,sh.600261,5.4000,5.4500,5.3900,5.4200,5.4000,2435733,13193983.0000,3,0.167738,1,0.370370,2.417777,18.691865,1.632131,-16.296886,0,0.37037037037035425
2017-12-18,sh.600261,5.4300,5.4300,5.3000,5.3100,5.4200,3726175,19931643.0000,3,0.256605,1,-2.029523,2.368708,18.312510,1.599006,-15.966137,0,-2.029520295202958
2017-12-19,sh.600261,5.3100,5.3800,5.3100,5.3600,5.3100,1937991,10371975.0000,3,0.133461,1,0.941623,2.391012,18.484944,1.614063,-16.116478,0,0.9416195856873921
2017-12-20,sh.600261,5.3700,5.4000,5.3400,5.3400,5.3600,2501600,13452045.0000,3,0.172274,1,-0.373134,2.382090,18.415970,1.608040,-16.056341,0,-0.3731343283582156
2017-12-21,sh.600261,5.3300,5.3700,5.3100,5.3200,5.3400,3013992,16062665.0000,3,0.207560,1,-0.374532,2.373169,18.346996,1.602018,-15.996205,0,-0.3745318352059823
2017-12-22,sh.600261,5.3300,5.4500,5.3200,5.3800,5.3200,2898187,15638565.0000,3,0.199586,1,1.127818,2.399934,18.553917,1.620085,-16.176614,0,1.1278195488721776
2017-12-25,sh.600261,5.3900,5.4100,5.3400,5.3900,5.3800,2664572,14323643.0000,3,0.183497,1,0.185869,2.404395,18.588404,1.623097,-16.206682,0,0.18587360594795044
2017-12-26,sh.600261,5.3700,5.4500,5.3600,5.4400,5.3900,3289074,17817560.0000,3,0.226504,1,0.927647,2.426699,18.760838,1.638153,-16.357022,0,0.927643784786647
2017-12-27,sh.600261,5.4100,5.4700,5.3900,5.4400,5.4400,3589983,19525615.0000,3,0.247226,1,0.000000,2.426699,18.760838,1.638153,-16.357022,0,0.0
2017-12-28,sh.600261,5.4200,5.4600,5.4000,5.4300,5.4400,3300557,17945474.0000,3,0.227295,1,-0.183828,2.422238,18.726352,1.635142,-16.326954,0,-0.18382352941177516
2017-12-29,sh.600261,5.4300,5.5600,5.4200,5.5200,5.4300,5333386,29404792.0000,3,0.367287,1,1.657461,2.462386,19.036733,1.662244,-16.597566,0,1.6574585635359185
2018-01-02,sh.600261,5.5200,5.6000,5.4600,5.5700,5.5200,5614118,31080674.0000,3,0.386620,1,0.905801,2.484690,19.209167,1.677300,-16.747907,0,0.9057971014492905
2018-01-03,sh.600261,5.5600,5.6200,5.5300,5.5800,5.5700,6227297,34826364.0000,3,0.428847,1,0.179529,2.489151,19.243654,1.680312,-16.777975,0,0.17953321364452268
2018-01-04,sh.600261,5.5800,5.6100,5.5000,5.5800,5.5800,7098974,39324900.0000,3,0.488875,1,0.000000,2.489151,19.243654,1.680312,-16.777975,0,0.0
2018-01-05,sh.600261,5.5700,5.6500,5.5100,5.6100,5.5800,7526819,42093940.0000,3,0.518339,1,0.537638,2.502533,19.347115,1.689346,-16.868179,0,0.5376344086021501
2018-01-08,sh.600261,5.6100,5.6300,5.5400,5.6100,5.6100,5151552,28784151.0000,3,0.354765,1,0.000000,2.502533,19.347115,1.689346,-16.868179,0,0.0
2018-01-09,sh.600261,5.5900,5.6300,5.5500,5.6100,5.6100,4533556,25333829.0000,3,0.312206,1,0.000000,2.502533,19.347115,1.689346,-16.868179,0,0.0
2018-01-10,sh.600261,5.6100,5.6100,5.5200,5.5400,5.6100,4486472,24955658.0000,3,0.308964,1,-1.247775,2.471307,19.105707,1.668266,-16.657703,0,-1.2477718360071388
2018-01-11,sh.600261,5.5400,5.5500,5.4900,5.5000,5.5400,4617243,25456641.0000,3,0.317969,1,-0.722021,2.453464,18.967759,1.656221,-16.537430,0,-0.7220216606498187
2018-01-12,sh.600261,5.5000,5.5100,5.4400,5.4400,5.5000,5325619,29107647.0000,3,0.366752,1,-1.090908,2.426699,18.760838,1.638153,-16.357022,0,-1.0909090909090868
2018-01-15,sh.600261,5.4400,5.4600,5.3400,5.3500,5.4400,4962568,26759152.0000,3,0.341750,1,-1.654414,2.386551,18.450457,1.611051,-16.086409,0,-1.6544117647058987
2018-01-16,sh.600261,5.3500,5.3600,5.2900,5.3300,5.3500,5896452,31345795.0000,3,0.406063,1,-0.373831,2.377630,18.381483,1.605029,-16.026273,0,-0.37383177570092796
2018-01-17,sh.600261,5.3300,5.3300,5.2400,5.2700,5.3300,6913830,36445211.0000,3,0.476125,1,-1.125703,2.350865,18.174562,1.586961,-15.845865,0,-1.1257035647279645
2018-01-18,sh.600261,5.2600,5.3100,5.2500,5.2900,5.2700,3105790,16433898.0000,3,0.213882,1,0.379506,2.359786,18.243536,1.592984,-15.906001,0,0.379506641366234
2018-01-19,sh.600261,5.3000,5.3100,5.2400,5.2600,5.2900,4521155,23800346.0000,3,0.311352,1,-0.567103,2.346404,18.140075,1.583950,-15.815797,0,-0.5671077504725952
2018-01-22,sh.600261,5.2600,5.2900,5.1900,5.2700,5.2600,7393483,38602845.0000,3,0.509157,1,0.190109,2.350865,18.174562,1.586961,-15.845865,0,0.1901140684410496
2018-01-23,sh.600261,5.2600,5.2900,5.2400,5.2700,5.2700,3669849,19303794.0000,3,0.252727,1,0.000000,2.350865,18.174562,1.586961,-15.845865,0,0.0
2018-01-24,sh.600261,5.2800,5.2800,5.2500,5.2700,5.2700,5394443,28375916.0000,3,0.371492,1,0.000000,2.350865,18.174562,1.586961,-15.845865,0,0.0
2018-01-25,sh.600261,5.2700,5.3200,5.2300,5.2800,5.2700,5828890,30801202.0000,3,0.401410,1,0.189758,2.355325,18.209049,1.589972,-15.875933,0,0.189753320683117
2018-01-26,sh.600261,5.2800,5.3300,5.2700,5.3100,5.2800,4658342,24722753.0000,3,0.320800,1,0.568177,2.368708,18.312510,1.599006,-15.966137,0,0.5681818181818121
2018-01-29,sh.600261,5.3200,5.3200,5.2100,5.2200,5.3100,4864300,25563245.0000,3,0.334983,1,-1.694918,2.328560,18.002128,1.571904,-15.695525,0,-1.6949152542372836
2018-01-30,sh.600261,5.2400,5.2800,5.2100,5.2600,5.2200,3273454,17163315.0000,3,0.225429,1,0.766292,2.346404,18.140075,1.583950,-15.815797,0,0.766283524904221
2018-01-31,sh.600261,5.2200,5.2600,5.1400,5.1600,5.2600,5554490,28842497.0000,3,0.382514,1,-1.901148,2.301795,17.795207,1.553837,-15.515116,0,-1.9011406844106404
2018-02-01,sh.600261,5.0500,5.1600,4.8700,4.8800,5.1600,9830182,48973686.0000,3,0.676962,1,-5.426352,2.176892,16.829576,1.469520,-14.673211,0,-5.4263565891472965
2018-02-02,sh.600261,4.8500,4.9600,4.7100,4.8100,4.8800,6094190,29409987.0000,3,0.419680,1,-1.434430,2.145666,16.588168,1.448441,-14.462735,0,-1.434426229508201
2018-02-05,sh.600261,4.7500,4.8600,4.7300,4.7900,4.8100,4103076,19720717.0000,3,0.282561,1,-0.415800,2.136744,16.519194,1.442418,-14.402598,0,-0.4158004158004047
2018-02-06,sh.600261,4.7500,4.8500,4.7100,4.7100,4.7900,5119480,24462657.0000,3,0.352556,1,-1.670145,2.101057,16.243299,1.418328,-14.162054,0,-1.6701461377870541
2018-02-07,sh.600261,4.7600,4.8000,4.6700,4.7400,4.7100,3710905,17532383.0000,3,0.255554,1,0.636937,2.114440,16.346760,1.427361,-14.252258,0,0.6369426751592355
2018-02-08,sh.600261,4.7800,4.8200,4.7100,4.7700,4.7400,5295365,25214456.0000,3,0.364669,1,0.632916,2.127822,16.450220,1.436395,-14.342462,0,0.6329113924050445
2018-02-09,sh.600261,4.6900,4.7500,4.4900,4.5200,4.7700,8700388,40027290.0000,3,0.599158,1,-5.241090,2.016301,15.588050,1.361113,-13.590761,0,-5.241090146750526
2018-02-12,sh.600261,4.5300,4.6300,4.5300,4.6000,4.5200,3747475,17184032.0000,3,0.258072,1,1.769910,2.051988,15.863944,1.385203,-13.831305,0,1.7699115044247815
2018-02-13,sh.600261,4.6000,4.6500,4.5800,4.5900,4.6000,2774020,12805481.0000,3,0.191035,1,-0.217386,2.047527,15.829457,1.382192,-13.801237,0,-0.21739130434782483
2018-02-14,sh.600261,4.6000,4.6300,4.5800,4.6100,4.5900,1860748,8582178.0000,3,0.128142,1,0.435729,2.056449,15.898431,1.388214,-13.861373,0,0.43572984749455923
2018-02-22,sh.600261,4.6600,4.6900,4.6200,4.6900,4.6100,1861147,8681431.0000,3,0.128169,1,1.735356,2.092136,16.174326,1.412305,-14.101918,0,1.7353579175704903
2018-02-23,sh.600261,4.6800,4.6900,4.6400,4.6600,4.6900,3073486,14343585.0000,3,0.211658,1,-0.639663,2.078753,16.070865,1.403271,-14.011714,0,-0.6396588486140775
2018-02-26,sh.600261,4.6800,4.8000,4.6700,4.7600,4.6600,5739034,27122777.0000,3,0.395222,1,2.145931,2.123362,16.415734,1.433384,-14.312394,0,2.145922746781115
2018-02-27,sh.600261,4.7600,4.7800,4.7000,4.7200,4.7600,4572694,21585574.0000,3,0.314902,1,-0.840345,2.105518,16.277786,1.421339,-14.192122,0,-0.8403361344537785
2018-02-28,sh.600261,4.7000,4.7200,4.6600,4.7100,4.7200,4890859,22930746.0000,3,0.336812,1,-0.211859,2.101057,16.243299,1.418328,-14.162054,0,-0.21186440677966045
2018-03-01,sh.600261,4.6800,4.7400,4.6600,4.7400,4.7100,5406881,25473402.0000,3,0.372348,1,0.636937,2.114440,16.346760,1.427361,-14.252258,0,0.6369426751592355
2018-03-02,sh.600261,4.7100,4.7400,4.6800,4.7000,4.7400,4560745,21498862.0000,3,0.314079,1,-0.843881,2.096596,16.208813,1.415316,-14.131986,0,-0.8438818565400852
2018-03-05,sh.600261,4.6900,4.7200,4.6800,4.6900,4.7000,4102181,19289633.0000,3,0.282499,1,-0.212761,2.092136,16.174326,1.412305,-14.101918,0,-0.21276595744680327
2018-03-06,sh.600261,4.7100,4.7700,4.6800,4.7700,4.6900,5892942,27838995.0000,3,0.405821,1,1.705755,2.127822,16.450220,1.436395,-14.342462,0,1.705756929637503
2018-03-07,sh.600261,4.7700,4.8000,4.7000,4.7200,4.7700,7782930,36823292.0000,3,0.535976,1,-1.048222,2.105518,16.277786,1.421339,-14.192122,0,-1.0482180293501009
2018-03-08,sh.600261,4.7300,4.7500,4.7100,4.7500,4.7200,4242322,20069706.0000,3,0.292150,1,0.635598,2.118901,16.381247,1.430373,-14.282326,0,0.6355932203389925
2018-03-09,sh.600261,4.7500,4.8100,4.7400,4.8000,4.7500,7329430,35015358.0000,3,0.504746,1,1.052636,2.141205,16.553681,1.445429,-14.432666,0,1.0526315789473717
2018-03-12,sh.600261,4.8100,4.9000,4.8100,4.8900,4.8000,8873885,43078944.0000,3,0.611106,1,1.874993,2.181352,16.864062,1.472531,-14.703279,0,1.8750000000000044
2018-03-13,sh.600261,4.8900,5.0800,4.8200,4.9900,4.8900,17234453,85313610.0000,3,1.186862,1,2.044988,2.225961,17.208931,1.502644,-15.003959,0,2.0449897750511425
2018-03-14,sh.600261,4.9600,4.9800,4.8400,4.8700,4.9900,11484100,56316958.0000,3,0.790860,1,-2.404808,2.172431,16.795089,1.466509,-14.643143,0,-2.4048096192384794
2018-03-15,sh.600261,4.8400,4.8800,4.7500,4.8000,4.8700,8673158,41635400.0000,3,0.597283,1,-1.437365,2.141205,16.553681,1.445429,-14.432666,0,-1.4373716632443578
2018-03-16,sh.600261,4.8000,4.8500,4.7700,4.7900,4.8000,5667326,27226754.0000,3,0.390284,1,-0.208338,2.136744,16.519194,1.442418,-14.402598,0,-0.2083333333333326
2018-03-19,sh.600261,4.7800,4.8200,4.7300,4.7500,4.7900,7448412,35534512.0000,3,0.512940,1,-0.835072,2.118901,16.381247,1.430373,-14.282326,0,-0.8350730688935326
2018-03-20,sh.600261,4.7300,4.7300,4.6300,4.6900,4.7500,8085464,37844575.0000,3,0.556811,1,-1.263157,2.092136,16.174326,1.412305,-14.101918,0,-1.2631578947368327
2018-03-21,sh.600261,4.6900,4.7400,4.6400,4.6700,4.6900,7104998,33448578.0000,3,0.489290,1,-0.426439,2.083214,16.105352,1.406282,-14.041782,0,-0.4264392324093924
2018-03-22,sh.600261,4.6700,4.7300,4.6300,4.7000,4.6700,6840689,31983979.0000,3,0.471088,1,0.642393,2.096596,16.208813,1.415316,-14.131986,0,0.6423982869379063
2018-03-23,sh.600261,4.6100,4.6100,4.3200,4.3600,4.7000,14428464,64437609.0000,3,0.993625,1,-7.234036,1.944928,15.036260,1.312932,-13.109672,0,-7.234042553191489
2018-03-26,sh.600261,4.3100,4.3700,4.2200,4.3600,4.3600,6697225,28788784.0000,3,0.461209,1,0.000000,1.944928,15.036260,1.312932,-13.109672,0,0.0
2018-03-27,sh.600261,4.4000,4.4400,4.3800,4.4100,4.3600,8965749,39524495.0000,3,0.617432,1,1.146782,1.967232,15.208694,1.327988,-13.260012,0,1.1467889908256756
2018-03-28,sh.600261,4.3500,4.3700,4.3200,4.3400,4.4100,6962762,30240948.0000,3,0.479495,1,-1.587295,1.936006,14.967287,1.306909,-13.049536,0,-1.5873015873015928
2018-03-29,sh.600261,4.3500,4.3900,4.3200,4.3800,4.3400,8851564,38554356.0000,3,0.609569,1,0.921658,1.953849,15.105234,1.318954,-13.169808,0,0.9216589861751112
2018-03-30,sh.600261,4.3900,4.4200,4.3700,4.4100,4.3800,7854347,34484423.0000,3,0.540895,1,0.684925,1.967232,15.208694,1.327988,-13.260012,0,0.6849315068493178
2018-04-02,sh.600261,4.4100,4.4600,4.3800,4.4200,4.4100,7252192,32108530.0000,3,0.499427,1,0.226763,1.971693,15.243181,1.331000,-13.290080,0,0.22675736961450532
2018-04-03,sh.600261,4.3700,4.3700,4.3000,4.3300,4.4200,6707967,29050843.0000,3,0.461948,1,-2.036202,1.931545,14.932800,1.303898,-13.019468,0,-2.036199095022617
2018-04-04,sh.600261,4.3500,4.3700,4.2700,4.2800,4.3300,6893969,29826103.0000,3,0.474758,1,-1.154728,1.909241,14.760366,1.288841,-12.869128,0,-1.1547344110854452
2018-04-09,sh.600261,4.2700,4.3100,4.2500,4.2700,4.2800,6770799,28969833.0000,3,0.466275,1,-0.233650,1.904780,14.725879,1.285830,-12.839060,0,-0.23364485981309802
2018-04-10,sh.600261,4.2800,4.3300,4.2000,4.3200,4.2700,11815829,50490632.0000,3,0.813705,1,1.170965,1.927084,14.898313,1.300886,-12.989400,0,1.1709601873536535
2018-04-11,sh.600261,4.3200,4.3600,4.3000,4.3500,4.3200,9225567,39970469.0000,3,0.635325,1,0.694438,1.940467,15.001773,1.309920,-13.079604,0,0.6944444444444198
2018-04-12,sh.600261,4.3500,4.3700,4.3100,4.3300,4.3500,8621950,37356400.0000,3,0.593756,1,-0.459770,1.931545,14.932800,1.303898,-13.019468,0,-0.45977011494251485
2018-04-13,sh.600261,4.3400,4.3600,4.2600,4.2900,4.3300,9457304,40674070.0000,3,0.651283,1,-0.923787,1.913702,14.794852,1.291852,-12.899196,0,-0.9237875288683584
2018-04-16,sh.600261,4.2800,4.2900,4.2200,4.2300,4.2900,6817816,28962660.0000,3,0.469513,1,-1.398600,1.886937,14.587931,1.273785,-12.718787,0,-1.3986013986013845
2018-04-17,sh.600261,4.2500,4.2600,4.1400,4.1500,4.2300,10129657,42541262.0000,3,0.697585,1,-1.891251,1.811773,15.025828,1.196098,-10.556380,0,-1.891252955082745
2018-04-18,sh.600261,4.1900,4.2000,4.0900,4.1800,4.1500,7135374,29617704.0000,3,0.491382,1,0.722885,1.824870,15.134448,1.204744,-10.632691,0,0.7228915662650381
2018-04-19,sh.600261,4.1600,4.2200,4.1600,4.1900,4.1800,5316583,22276074.0000,3,0.366130,1,0.239240,1.829236,15.170655,1.207627,-10.658128,0,0.23923444976077235
2018-04-20,sh.600261,4.1900,4.1900,4.0900,4.1200,4.1900,7176175,29663853.0000,3,0.494192,1,-1.670649,1.798676,14.917207,1.187451,-10.480069,0,-1.670644391408116
2018-04-23,sh.600261,4.1200,4.1400,3.9500,3.9900,4.1200,12372157,49770972.0000,3,0.852017,1,-3.155337,1.741922,14.446519,1.149983,-10.149387,0,-3.1553398058252413
2018-04-24,sh.600261,4.0000,4.0700,3.9900,4.0700,3.9900,7624342,30804552.0000,3,0.525055,1,2.005017,1.776847,14.736173,1.173041,-10.352883,0,2.0050125313283207
2018-04-25,sh.600261,4.0300,4.0800,4.0200,4.0500,4.0700,9123402,36926785.0000,3,0.628289,1,-0.491400,1.768116,14.663759,1.167276,-10.302009,0,-0.49140049140050657
2018-04-26,sh.600261,4.0300,4.0500,3.9700,3.9900,4.0500,7319200,29334075.0000,3,0.504041,1,-1.481486,1.741922,14.446519,1.149983,-10.149387,0,-1.4814814814814725
2018-04-27,sh.600261,4.0000,4.0000,3.9200,3.9600,3.9900,8417086,33326331.0000,3,0.579648,1,-0.751879,1.728825,14.337898,1.141337,-10.073076,0,-0.7518796992481258
2018-05-02,sh.600261,3.9600,3.9700,3.8100,3.8300,3.9600,16289790,62923142.0000,3,1.121807,1,-3.282831,1.639356,15.637510,1.046774,-4.137489,0,-3.282828282828276
2018-05-03,sh.600261,3.8300,3.8400,3.7700,3.8400,3.8300,13175702,50194066.0000,3,0.907353,1,0.261096,1.643636,15.678339,1.049507,-4.148292,0,0.26109660574411553
2018-05-04,sh.600261,3.8300,3.8700,3.8100,3.8300,3.8400,7297705,27989044.0000,3,0.502561,1,-0.260416,1.639356,15.637510,1.046774,-4.137489,0,-0.26041666666666297
2018-05-07,sh.600261,3.8200,3.9100,3.8200,3.9000,3.8300,11191915,43367429.0000,3,0.770738,1,1.827681,1.669318,15.923313,1.065906,-4.213109,0,1.8276762402088753
2018-05-08,sh.600261,3.9000,3.9500,3.8900,3.9500,3.9000,9941198,38893400.0000,3,0.684607,1,1.282050,1.690720,16.127458,1.079571,-4.267123,0,1.2820512820512997
2018-05-09,sh.600261,3.9500,3.9500,3.9000,3.9200,3.9500,6604300,25864810.0000,3,0.454809,1,-0.759493,1.677879,16.004971,1.071372,-4.234714,0,-0.75949367088608
2018-05-10,sh.600261,3.9200,4.0000,3.9100,3.9900,3.9200,10578359,42005804.0000,3,0.728485,1,1.785712,1.707841,16.290774,1.090504,-4.310334,0,1.7857142857143016
2018-05-11,sh.600261,3.9900,4.0000,3.9300,3.9400,3.9900,7457313,29508666.0000,3,0.513553,1,-1.253132,1.686439,16.086629,1.076838,-4.256320,0,-1.253132832080206
2018-05-14,sh.600261,3.9500,3.9500,3.8700,3.8900,3.9400,6544825,25613645.0000,3,0.450714,1,-1.269034,1.665038,15.882484,1.063173,-4.202306,0,-1.269035532994922
2018-05-15,sh.600261,3.8900,3.9100,3.8600,3.9000,3.8900,5532500,21485635.0000,3,0.380999,1,0.257069,1.669318,15.923313,1.065906,-4.213109,0,0.25706940874035134
2018-05-16,sh.600261,3.9100,3.9200,3.8700,3.8800,3.9000,5227490,20384809.0000,3,0.359994,1,-0.512820,1.660758,15.841655,1.060440,-4.191503,0,-0.512820512820511
2018-05-17,sh.600261,3.8900,3.8900,3.8600,3.8800,3.8800,4665510,18066823.0000,3,0.321293,1,0.000000,1.660758,15.841655,1.060440,-4.191503,0,0.0
2018-05-18,sh.600261,3.9000,4.0000,3.8900,4.0000,3.8800,16619746,65733906.0000,3,1.144529,1,3.092781,1.712121,16.331603,1.093237,-4.321137,0,3.0927835051546504
2018-05-21,sh.600261,4.0400,4.4000,4.0200,4.4000,4.0000,62291176,268383737.0000,3,4.289722,1,10.000000,1.883333,17.964763,1.202561,-4.753251,0,10.000000000000009
2018-05-22,sh.600261,4.4100,4.5200,4.2800,4.3500,4.4000,36933686,161467709.0000,3,2.543462,1,-1.136368,1.861932,17.760618,1.188895,-4.699236,0,-1.1363636363636576
2018-05-23,sh.600261,4.3200,4.3500,4.2500,4.2700,4.3500,20278258,86989082.0000,3,1.396475,1,-1.839079,1.827689,17.433986,1.167030,-4.612814,0,-1.839080459770115
2018-05-24,sh.600261,4.1200,4.2200,4.0700,4.0800,4.1200,15446719,63898629.0000,3,1.063748,1,-0.970873,1.746364,16.658235,1.115102,-4.407560,0,-4.449648711943787
2018-05-25,sh.600261,4.0600,4.1700,4.0000,4.1400,4.0800,18903746,77046565.0000,3,1.301819,1,1.470587,1.772045,16.903209,1.131500,-4.472377,0,1.4705882352941124
2018-05-28,sh.600261,4.1200,4.1200,4.0500,4.0700,4.1400,8950250,36461846.0000,3,0.616365,1,-1.690814,1.742083,16.617406,1.112369,-4.396757,0,-1.6908212560386326
2018-05-29,sh.600261,4.0700,4.1000,4.0400,4.0500,4.0700,6636429,26977206.0000,3,0.457022,1,-0.491400,1.733523,16.535748,1.106902,-4.375151,0,-0.49140049140050657
2018-05-30,sh.600261,3.9800,3.9900,3.8600,3.8700,4.0500,13682696,53737563.0000,3,0.942268,1,-4.444452,1.656477,15.800826,1.057707,-4.180700,0,-4.444444444444439
2018-05-31,sh.600261,3.9200,3.9400,3.8500,3.8600,3.8700,13254742,51537263.0000,3,0.912796,1,-0.258398,1.652197,15.759997,1.054974,-4.169897,0,-0.25839793281654533
2018-06-01,sh.600261,3.8600,3.8800,3.6700,3.7200,3.8600,21107568,79461754.0000,3,1.453586,1,-3.626940,1.592273,15.188391,1.016710,-4.018657,0,-3.626943005181338
2018-06-04,sh.600261,3.7400,3.7900,3.7200,3.7700,3.7200,13072136,49119399.0000,3,0.900221,1,1.344085,1.613674,15.392536,1.030376,-4.072672,0,1.3440860215053752
2018-06-05,sh.600261,3.7800,3.8600,3.7500,3.8600,3.7700,8046695,30763758.0000,3,0.554141,1,2.387266,1.652197,15.759997,1.054974,-4.169897,0,2.3872679045092715
2018-06-06,sh.600261,3.8300,3.8700,3.8300,3.8500,3.8600,4702720,18101848.0000,3,0.323856,1,-0.259067,1.647917,15.719168,1.052240,-4.159094,0,-0.2590673575129432
2018-06-07,sh.600261,3.8400,3.8800,3.8300,3.8400,3.8500,4243966,16336546.0000,3,0.292263,1,-0.259740,1.643636,15.678339,1.049507,-4.148292,0,-0.25974025974027093
2018-06-08,sh.600261,3.8500,3.8600,3.7400,3.7800,3.8400,5487254,20752824.0000,3,0.377883,1,-1.562499,1.617955,15.433365,1.033109,-4.083474,0,-1.5625
2018-06-11,sh.600261,3.7800,3.8100,3.7300,3.7900,3.7800,3476881,13101326.0000,3,0.239438,1,0.264550,1.622235,15.474194,1.035842,-4.094277,0,0.2645502645502784
2018-06-12,sh.600261,3.7700,3.8300,3.7500,3.8200,3.7900,3988015,15142633.0000,3,0.274637,1,0.791556,1.635076,15.596681,1.044041,-4.126686,0,0.79155672823219
2018-06-13,sh.600261,3.8200,3.8800,3.7800,3.8400,3.8200,6587844,25302639.0000,3,0.453676,1,0.523560,1.643636,15.678339,1.049507,-4.148292,0,0.5235602094240788
2018-06-14,sh.600261,3.8600,3.9300,3.8300,3.9100,3.8400,9186812,35791901.0000,3,0.632656,1,1.822921,1.673599,15.964142,1.068639,-4.223911,0,1.822916666666674
2018-06-15,sh.600261,3.9100,3.9300,3.8500,3.9100,3.9100,10039851,39173984.0000,3,0.691401,1,0.000000,1.673599,15.964142,1.068639,-4.223911,0,0.0
2018-06-19,sh.600261,3.8500,3.8500,3.5200,3.6100,3.9100,12252231,45312125.0000,3,0.843758,1,-7.672639,1.545189,14.739272,0.986646,-3.899826,0,-7.672634271099755
2018-06-20,sh.600261,3.6100,3.7800,3.5600,3.7700,3.6100,7847625,29060673.0000,3,0.540432,1,4.432136,1.613674,15.392536,1.030376,-4.072672,0,4.432132963988922
2018-06-21,sh.600261,3.7500,3.8400,3.6600,3.8300,3.7700,9021915,33889931.0000,3,0.621300,1,1.591511,1.639356,15.637510,1.046774,-4.137489,0,1.5915119363395291
2018-06-22,sh.600261,3.7700,3.8600,3.7400,3.8300,3.8300,4096017,15613864.0000,3,0.282075,1,0.000000,1.639356,15.637510,1.046774,-4.137489,0,0.0
2018-06-25,sh.600261,3.8600,3.8800,3.7800,3.7800,3.8300,2935008,11210895.0000,3,0.202121,1,-1.305482,1.617955,15.433365,1.033109,-4.083474,0,-1.3054830287206332
2018-06-26,sh.600261,3.7600,3.8100,3.7000,3.8100,3.7800,3531631,13302112.0000,3,0.243208,1,0.793650,1.630795,15.555852,1.041308,-4.115883,0,0.7936507936507908
2018-06-27,sh.600261,3.8000,3.8400,3.7200,3.7700,3.8100,5653041,21295749.0000,3,0.389300,1,-1.049868,1.613674,15.392536,1.030376,-4.072672,0,-1.049868766404205
2018-06-28,sh.600261,3.7400,3.8000,3.7100,3.7200,3.7700,2874969,10793724.0000,3,0.197987,1,-1.326259,1.592273,15.188391,1.016710,-4.018657,0,-1.3262599469495928
2018-06-29,sh.600261,3.7300,3.7800,3.7200,3.7600,3.7200,5541535,20829088.0000,3,0.381621,1,1.075268,1.609394,15.351707,1.027643,-4.061869,0,1.0752688172043001
2018-07-02,sh.600261,3.7800,3.7800,3.6100,3.6700,3.7600,8864061,32544878.0000,3,0.610429,1,-2.393615,1.570871,14.984246,1.003045,-3.964643,0,-2.393617021276595
2018-07-03,sh.600261,3.6600,3.7200,3.5900,3.6900,3.6700,6056127,22103671.0000,3,0.417059,1,0.544959,1.579432,15.065904,1.008511,-3.986249,0,0.5449591280654031
2018-07-04,sh.600261,3.6600,3.6800,3.6000,3.6200,3.6900,3353300,12181534.0000,3,0.230927,1,-1.897024,1.549470,14.780101,0.989379,-3.910629,0,-1.8970189701897011
2018-07-05,sh.600261,3.5800,3.6300,3.5100,3.5200,3.6200,4797800,17150888.0000,3,0.330404,1,-2.762429,1.506667,14.371810,0.962048,-3.802601,0,-2.7624309392265234
2018-07-06,sh.600261,3.5300,3.5600,3.3600,3.4200,3.5200,9794274,33852101.0000,3,0.674489,1,-2.840906,1.463864,13.963520,0.934718,-3.694572,0,-2.840909090909094
2018-07-09,sh.600261,3.4200,3.4700,3.4200,3.4500,3.4200,6352404,21874406.0000,3,0.437462,1,0.877192,1.476705,14.086007,0.942917,-3.726981,0,0.8771929824561431
2018-07-10,sh.600261,3.4600,3.7000,3.4300,3.5800,3.4500,8025603,28368265.0000,3,0.552688,1,3.768112,1.532349,14.616784,0.978447,-3.867418,0,3.768115942028971
2018-07-11,sh.600261,3.5100,3.5300,3.4200,3.4600,3.5800,5837965,20275374.0000,3,0.402035,1,-3.351952,1.480985,14.126836,0.945650,-3.737783,0,-3.3519553072625774
2018-07-12,sh.600261,3.4600,3.5800,3.4400,3.5300,3.4600,5722632,20171859.0000,3,0.394093,1,2.023119,1.510947,14.412639,0.964782,-3.813403,0,2.023121387283222
2018-07-13,sh.600261,3.5300,3.6500,3.5000,3.5900,3.5300,6995953,25049044.0000,3,0.481781,1,1.699715,1.536629,14.657613,0.981180,-3.878220,0,1.6997167138810276
2018-07-16,sh.600261,3.5400,3.6100,3.5300,3.6000,3.5900,3589467,12869315.0000,3,0.247191,1,0.278551,1.540909,14.698442,0.983913,-3.889023,0,0.278551532033422
2018-07-17,sh.600261,3.6300,3.6500,3.5500,3.6300,3.6000,3445125,12439654.0000,3,0.237251,1,0.833339,1.553750,14.820930,0.992112,-3.921432,0,0.8333333333333304
2018-07-18,sh.600261,3.6300,3.6900,3.6000,3.6500,3.6300,4939343,18040769.0000,3,0.340151,1,0.550964,1.562311,14.902588,0.997579,-3.943038,0,0.5509641873278293
2018-07-19,sh.600261,3.6500,3.7000,3.6200,3.6800,3.6500,4191279,15410666.0000,3,0.288635,1,0.821917,1.575152,15.025075,1.005778,-3.975446,0,0.8219178082191858
2018-07-20,sh.600261,3.6800,3.7100,3.6300,3.6900,3.6800,3759590,13845814.0000,3,0.258907,1,0.271739,1.579432,15.065904,1.008511,-3.986249,0,0.27173913043476716
2018-07-23,sh.600261,3.6700,3.7300,3.6300,3.6800,3.6900,4717117,17372820.0000,3,0.324847,1,-0.271002,1.575152,15.025075,1.005778,-3.975446,0,-0.27100271002709064
2018-07-24,sh.600261,3.6600,3.7800,3.6600,3.7500,3.6800,10002387,37261469.0000,3,0.688821,1,1.902172,1.605114,15.310878,1.024910,-4.051066,0,1.9021739130434812
2018-07-25,sh.600261,3.7200,3.7700,3.7200,3.7300,3.7500,5364480,20068705.0000,3,0.369428,1,-0.533333,1.596553,15.229220,1.019443,-4.029460,0,-0.5333333333333301
2018-07-26,sh.600261,3.7200,3.8300,3.7100,3.8100,3.7300,9996913,37893919.0000,3,0.688444,1,2.144770,1.630795,15.555852,1.041308,-4.115883,0,2.144772117962468
2018-07-27,sh.600261,3.8200,3.8200,3.7600,3.7900,3.8100,5165800,19585456.0000,3,0.355746,1,-0.524934,1.622235,15.474194,1.035842,-4.094277,0,-0.5249343832021025
2018-07-30,sh.600261,3.7600,3.8600,3.7600,3.8300,3.7900,7945118,30366092.0000,3,0.547146,1,1.055408,1.639356,15.637510,1.046774,-4.137489,0,1.055408970976246
2018-07-31,sh.600261,3.8300,3.9200,3.8000,3.8100,3.8300,5977917,23067836.0000,3,0.411673,1,-0.522193,1.630795,15.555852,1.041308,-4.115883,0,-0.5221932114882533
2018-08-01,sh.600261,3.8000,3.8600,3.7100,3.7200,3.8100,6145890,23300678.0000,3,0.423241,1,-2.362202,1.592273,15.188391,1.016710,-4.018657,0,-2.3622047244094446
2018-08-02,sh.600261,3.7300,3.7800,3.6400,3.7600,3.7200,8980540,33156515.0000,3,0.618451,1,1.075268,1.609394,15.351707,1.027643,-4.061869,0,1.0752688172043001
2018-08-03,sh.600261,3.7700,3.8200,3.7000,3.7000,3.7600,6710986,25255141.0000,3,0.462156,1,-1.595743,1.583712,15.106733,1.011244,-3.997052,0,-1.5957446808510523
2018-08-06,sh.600261,3.6700,3.7700,3.6500,3.7300,3.7000,6754938,25235562.0000,3,0.465183,1,0.810810,1.596553,15.229220,1.019443,-4.029460,0,0.8108108108108025
2018-08-07,sh.600261,3.7200,3.8600,3.7200,3.8500,3.7300,7745642,29593091.0000,3,0.533409,1,3.217155,1.647917,15.719168,1.052240,-4.159094,0,3.217158176943702
2018-08-08,sh.600261,3.8300,3.8600,3.7600,3.8000,3.8500,5332649,20222876.0000,3,0.367236,1,-1.298700,1.626515,15.515023,1.038575,-4.105080,0,-1.2987012987013102
2018-08-09,sh.600261,3.7900,3.8900,3.7600,3.8800,3.8000,10721959,41298880.0000,3,0.738375,1,2.105268,1.660758,15.841655,1.060440,-4.191503,0,2.1052631578947434
2018-08-10,sh.600261,3.8800,3.9000,3.8200,3.8600,3.8800,4042555,15564299.0000,3,0.278393,1,-0.515470,1.652197,15.759997,1.054974,-4.169897,0,-0.5154639175257714
2018-08-13,sh.600261,3.8200,3.8500,3.7600,3.8400,3.8600,4555550,17342601.0000,3,0.313721,1,-0.518134,1.643636,15.678339,1.049507,-4.148292,0,-0.5181347150259086
2018-08-14,sh.600261,3.8300,3.8300,3.7800,3.8100,3.8400,3199411,12185686.0000,3,0.220329,1,-0.781249,1.630795,15.555852,1.041308,-4.115883,0,-0.78125
2018-08-15,sh.600261,3.8200,3.8500,3.7700,3.7800,3.8100,4763240,18191434.0000,3,0.328024,1,-0.787401,1.617955,15.433365,1.033109,-4.083474,0,-0.7874015748031593
2018-08-16,sh.600261,3.7800,3.7900,3.7100,3.7300,3.7800,3206400,12016689.0000,3,0.220811,1,-1.322750,1.596553,15.229220,1.019443,-4.029460,0,-1.3227513227513144
2018-08-17,sh.600261,3.7500,3.7600,3.6700,3.6700,3.7300,3392700,12609077.0000,3,0.233640,1,-1.608578,1.570871,14.984246,1.003045,-3.964643,0,-1.608579088471851
2018-08-20,sh.600261,3.6700,3.7600,3.6600,3.7300,3.6700,2776189,10330632.0000,3,0.191184,1,1.634876,1.596553,15.229220,1.019443,-4.029460,0,1.6348773841961872
2018-08-21,sh.600261,3.7500,3.7900,3.7000,3.7800,3.7300,4063624,15268273.0000,3,0.279844,1,1.340481,1.617955,15.433365,1.033109,-4.083474,0,1.3404825737265424
2018-08-22,sh.600261,3.7700,3.8400,3.7400,3.8200,3.7800,3143251,11944239.0000,3,0.216462,1,1.058200,1.635076,15.596681,1.044041,-4.126686,0,1.0582010582010692
2018-08-23,sh.600261,3.8100,3.8600,3.7700,3.7800,3.8200,3624626,13800803.0000,3,0.249612,1,-1.047119,1.617955,15.433365,1.033109,-4.083474,0,-1.0471204188481686
2018-08-24,sh.600261,3.7600,3.8300,3.7400,3.7500,3.7800,2707200,10211812.0000,3,0.186433,1,-0.793650,1.605114,15.310878,1.024910,-4.051066,0,-0.7936507936507908
2018-08-27,sh.600261,3.7600,3.8300,3.7600,3.7900,3.7500,4347822,16504874.0000,3,0.299416,1,1.066666,1.622235,15.474194,1.035842,-4.094277,0,1.0666666666666602
2018-08-28,sh.600261,3.7500,3.8000,3.6600,3.6800,3.7900,11283001,41784597.0000,3,0.777011,1,-2.902372,1.632701,16.054035,0.988420,363.096953,0,-2.902374670184693
2018-08-29,sh.600261,3.6900,3.6900,3.5800,3.5800,3.6800,7176558,25919130.0000,3,0.494218,1,-2.717395,1.588334,15.617784,0.961561,353.230188,0,-2.717391304347827
2018-08-30,sh.600261,3.6000,3.6200,3.4600,3.4800,3.5800,7011893,24745534.0000,3,0.482879,1,-2.793293,1.543967,15.181533,0.934702,343.363423,0,-2.7932960893854775
2018-08-31,sh.600261,3.5000,3.5400,3.4800,3.4900,3.4800,4149548,14510884.0000,3,0.285761,1,0.287356,1.548404,15.225158,0.937388,344.350099,0,0.287356321839094
2018-09-03,sh.600261,3.4900,3.5200,3.4200,3.5000,3.4900,2876520,9956254.0000,3,0.198093,1,0.286533,1.552840,15.268784,0.940074,345.336776,0,0.2865329512893977
2018-09-04,sh.600261,3.5000,3.5000,3.4100,3.4700,3.5000,5655978,19560121.0000,3,0.389503,1,-0.857142,1.539530,15.137908,0.932016,342.376746,0,-0.8571428571428563
2018-09-05,sh.600261,3.4800,3.4800,3.4300,3.4400,3.4700,2593909,8951355.0000,3,0.178631,1,-0.864552,1.526220,15.007033,0.923958,339.416717,0,-0.8645533141210415
2018-09-06,sh.600261,3.4400,3.4700,3.3900,3.3900,3.4400,3269220,11179259.0000,3,0.225137,1,-1.453487,1.504037,14.788907,0.910528,334.483334,0,-1.4534883720930147
2018-09-07,sh.600261,3.4100,3.4300,3.3600,3.3700,3.3900,4523763,15306305.0000,3,0.311532,1,-0.589977,1.495164,14.701657,0.905156,332.509981,0,-0.5899705014749235
2018-09-10,sh.600261,3.3700,3.3800,3.3100,3.3200,3.3700,3766800,12556871.0000,3,0.259403,1,-1.483678,1.472980,14.483532,0.891727,327.576598,0,-1.4836795252225587
2018-09-11,sh.600261,3.3300,3.3400,3.2500,3.2900,3.3200,4534748,14905245.0000,3,0.312288,1,-0.903614,1.459670,14.352657,0.883669,324.616569,0,-0.9036144578313143
2018-09-12,sh.600261,3.3000,3.3300,3.2700,3.2900,3.2900,2646200,8732421.0000,3,0.182232,1,0.000000,1.459670,14.352657,0.883669,324.616569,0,0.0
2018-09-13,sh.600261,3.3100,3.3500,3.2900,3.3100,3.2900,5184763,17218256.0000,3,0.357052,1,0.607902,1.468543,14.439907,0.889041,326.589922,0,0.6079027355623046
2018-09-14,sh.600261,3.3200,3.3400,3.3100,3.3300,3.3100,3007881,10008435.0000,3,0.207140,1,0.604229,1.477417,14.527157,0.894413,328.563275,0,0.6042296072507503
2018-09-17,sh.600261,3.3100,3.3200,3.2800,3.3100,3.3300,1791548,5910822.0000,3,0.123376,1,-0.600600,1.468543,14.439907,0.889041,326.589922,0,-0.6006006006005982
2018-09-18,sh.600261,3.3200,3.3900,3.2900,3.3700,3.3100,4536420,15131829.0000,3,0.312403,1,1.812687,1.495164,14.701657,0.905156,332.509981,0,1.812688821752273
2018-09-19,sh.600261,3.3500,3.4000,3.3500,3.3700,3.3700,4479000,15112924.0000,3,0.308449,1,0.000000,1.495164,14.701657,0.905156,332.509981,0,0.0
2018-09-20,sh.600261,3.3700,3.3800,3.3200,3.3400,3.3700,4065500,13575748.0000,3,0.279973,1,-0.890207,1.481853,14.570782,0.897099,329.549951,0,-0.8902077151335397
2018-09-21,sh.600261,3.3400,3.3700,3.3100,3.3600,3.3400,6620388,22102164.0000,3,0.455917,1,0.598802,1.490727,14.658032,0.902471,331.523304,0,0.5988023952095745
2018-09-25,sh.600261,3.3400,3.3400,3.2800,3.3100,3.3600,5202927,17209465.0000,3,0.358303,1,-1.488094,1.468543,14.439907,0.889041,326.589922,0,-1.4880952380952328
2018-09-26,sh.600261,3.3000,3.3300,3.3000,3.3100,3.3100,4947800,16409874.0000,3,0.340733,1,0.000000,1.468543,14.439907,0.889041,326.589922,0,0.0
2018-09-27,sh.600261,3.3100,3.3100,3.2900,3.2900,3.3100,3077504,10156923.0000,3,0.211934,1,-0.604229,1.459670,14.352657,0.883669,324.616569,0,-0.6042296072507614
2018-09-28,sh.600261,3.2900,3.3100,3.2800,3.3100,3.2900,4848400,15993546.0000,3,0.333888,1,0.607902,1.468543,14.439907,0.889041,326.589922,0,0.6079027355623046
2018-10-08,sh.600261,3.2900,3.2900,3.1900,3.1900,3.3100,5527200,17931009.0000,3,0.380634,1,-3.625374,1.415303,13.916406,0.856810,314.749804,0,-3.625377643504535
2018-10-09,sh.600261,3.2100,3.2400,3.2000,3.2100,3.1900,2418339,7793947.0000,3,0.166540,1,0.626959,1.424177,14.003656,0.862182,316.723157,0,0.6269592476489061
2018-10-10,sh.600261,3.2100,3.2400,3.1900,3.2000,3.2100,2472700,7931452.0000,3,0.170284,1,-0.311526,1.419740,13.960031,0.859496,315.736480,0,-0.31152647975076775
2018-10-11,sh.600261,3.1500,3.1500,2.8900,2.8900,3.2000,8796797,26494880.0000,3,0.605797,1,-9.687498,1.282203,12.607653,0.776232,285.149509,0,-9.687500000000004
2018-10-12,sh.600261,2.8900,3.0200,2.7700,2.9700,2.8900,7851169,22897214.0000,3,0.540676,1,2.768163,1.317696,12.956653,0.797720,293.042921,0,2.768166089965396
2018-10-15,sh.600261,2.9600,3.0300,2.9200,2.9500,2.9700,3421704,10139647.0000,3,0.235638,1,-0.673400,1.308823,12.869403,0.792348,291.069568,0,-0.6734006734006703
2018-10-16,sh.600261,2.9200,2.9700,2.8600,2.9000,2.9500,3349766,9755483.0000,3,0.230684,1,-1.694914,1.286639,12.651278,0.778918,286.136185,0,-1.6949152542372947
2018-10-17,sh.600261,2.9100,2.9500,2.8800,2.9200,2.9000,2903273,8481031.0000,3,0.199936,1,0.689654,1.295513,12.738528,0.784290,288.109538,0,0.6896551724137945
2018-10-18,sh.600261,2.9300,2.9300,2.8600,2.8700,2.9200,2746450,7941638.0000,3,0.189136,1,-1.712335,1.273329,12.520403,0.770860,283.176156,0,-1.7123287671232834
2018-10-19,sh.600261,2.8600,2.9000,2.8200,2.9000,2.8700,4123887,11867202.0000,3,0.283994,1,1.045303,1.286639,12.651278,0.778918,286.136185,0,1.0452961672473782
2018-10-22,sh.600261,2.9100,3.0300,2.9100,3.0100,2.9000,12984994,38793929.0000,3,0.894220,1,3.793099,1.335443,13.131154,0.808463,296.989627,0,3.7931034482758585
2018-10-23,sh.600261,3.0000,3.0100,2.9300,2.9400,3.0100,4919315,14588973.0000,3,0.338772,1,-2.325579,1.304386,12.825778,0.789662,290.082891,0,-2.3255813953488302
2018-10-24,sh.600261,2.9200,2.9700,2.9000,2.9400,2.9400,5385730,15801175.0000,3,0.370892,1,0.000000,1.304386,12.825778,0.789662,290.082891,0,0.0
2018-10-25,sh.600261,2.8700,2.9100,2.8100,2.9100,2.9400,5314729,15197236.0000,3,0.366002,1,-1.020407,1.291076,12.694903,0.781604,287.122862,0,-1.0204081632652962
2018-10-26,sh.600261,2.9500,3.0200,2.9500,3.0000,2.9100,11798982,35284397.0000,3,0.812544,1,3.092781,1.331006,13.087529,0.805777,296.002950,0,3.092783505154628
2018-10-29,sh.600261,2.9700,3.0100,2.9400,2.9500,3.0000,3928780,11670520.0000,3,0.270558,1,-1.666665,1.308823,12.869403,0.792348,291.069568,0,-1.6666666666666607
2018-10-30,sh.600261,2.9600,3.1500,2.9600,3.1200,2.9500,15992691,49227978.0000,3,1.101347,1,5.762706,1.333479,12.383286,0.816952,-9.184686,0,5.762711864406778
2018-10-31,sh.600261,3.1200,3.1600,3.0800,3.1400,3.1200,8785115,27462346.0000,3,0.604993,1,0.641033,1.342027,12.462666,0.822189,-9.243562,0,0.6410256410256387
2018-11-01,sh.600261,3.1400,3.2200,3.1400,3.1600,3.1400,8618064,27485898.0000,3,0.593489,1,0.636942,1.350575,12.542046,0.827426,-9.302438,0,0.6369426751592355
2018-11-02,sh.600261,3.1900,3.2800,3.1800,3.2400,3.1600,8178931,26401209.0000,3,0.563247,1,2.531643,1.384767,12.859566,0.848373,-9.537943,0,2.5316455696202445
2018-11-05,sh.600261,3.2300,3.2800,3.2200,3.2600,3.2400,7025911,22834432.0000,3,0.483844,1,0.617283,1.393315,12.938946,0.853610,-9.596819,0,0.6172839506172645
2018-11-06,sh.600261,3.2700,3.2700,3.1800,3.2400,3.2600,5728641,18427665.0000,3,0.394507,1,-0.613496,1.384767,12.859566,0.848373,-9.537943,0,-0.6134969325153228
2018-11-07,sh.600261,3.2500,3.3100,3.2400,3.2800,3.2400,8929442,29381424.0000,3,0.614932,1,1.234567,1.401863,13.018326,0.858847,-9.655695,0,1.2345679012345512
2018-11-08,sh.600261,3.2900,3.3300,3.2200,3.2300,3.2800,4055200,13246247.0000,3,0.279264,1,-1.524389,1.380493,12.819876,0.845755,-9.508505,0,-1.5243902439024293
2018-11-09,sh.600261,3.2300,3.2800,3.2200,3.2400,3.2300,2942950,9603646.0000,3,0.202668,1,0.309597,1.384767,12.859566,0.848373,-9.537943,0,0.3095975232198178
2018-11-12,sh.600261,3.2500,3.3400,3.2300,3.3100,3.2400,6882705,22692833.0000,3,0.473982,1,2.160492,1.414685,13.137396,0.866702,-9.744010,0,2.160493827160481
2018-11-13,sh.600261,3.2900,3.4200,3.2800,3.3800,3.3100,13124097,44253398.0000,3,0.903799,1,2.114809,1.444603,13.415226,0.885031,-9.950076,0,2.114803625377637
2018-11-14,sh.600261,3.3900,3.4200,3.3600,3.4000,3.3800,7929101,26862819.0000,3,0.546043,1,0.591715,1.453151,13.494606,0.890268,-10.008952,0,0.591715976331364
2018-11-15,sh.600261,3.4000,3.4300,3.3600,3.4100,3.4000,6695476,22743234.0000,3,0.461088,1,0.294117,1.457425,13.534296,0.892886,-10.038391,0,0.2941176470588225
2018-11-16,sh.600261,3.3900,3.5000,3.3900,3.4700,3.4100,8155111,28250095.0000,3,0.561607,1,1.759529,1.483068,13.772437,0.908597,-10.215019,0,1.7595307917888547
2018-11-19,sh.600261,3.4700,3.4900,3.4300,3.4900,3.4700,6686771,23136667.0000,3,0.460489,1,0.576368,1.491616,13.851817,0.913834,-10.273895,0,0.5763688760807018
2018-11-20,sh.600261,3.4800,3.4900,3.3500,3.3700,3.4900,7515901,25640871.0000,3,0.517587,1,-3.438399,1.440329,13.375536,0.882413,-9.920638,0,-3.4383954154727836
2018-11-21,sh.600261,3.3300,3.4300,3.3300,3.4100,3.3700,5752024,19517546.0000,3,0.396117,1,1.186950,1.457425,13.534296,0.892886,-10.038391,0,1.1869436201780381
2018-11-22,sh.600261,3.4200,3.4700,3.4200,3.4500,3.4100,5120117,17682678.0000,3,0.352600,1,1.173019,1.474521,13.693057,0.903360,-10.156143,0,1.1730205278592365
2018-11-23,sh.600261,3.4600,3.4700,3.2700,3.2800,3.4500,7152892,23917551.0000,3,0.492588,1,-4.927538,1.401863,13.018326,0.858847,-9.655695,0,-4.9275362318840665
2018-11-26,sh.600261,3.2800,3.4100,3.2500,3.3800,3.2800,7921777,26583326.0000,3,0.545538,1,3.048785,1.444603,13.415226,0.885031,-9.950076,0,3.0487804878048808
2018-11-27,sh.600261,3.4300,3.4300,3.3000,3.3300,3.3800,4779259,16056175.0000,3,0.329127,1,-1.479295,1.423233,13.216776,0.871939,-9.802886,0,-1.4792899408283988
2018-11-28,sh.600261,3.3400,3.3900,3.3000,3.3700,3.3300,5691382,19112890.0000,3,0.391941,1,1.201200,1.440329,13.375536,0.882413,-9.920638,0,1.2012012012011963
2018-11-29,sh.600261,3.3800,3.4200,3.3100,3.3300,3.3700,5783706,19443635.0000,3,0.398299,1,-1.186942,1.423233,13.216776,0.871939,-9.802886,0,-1.1869436201780381
2018-11-30,sh.600261,3.3100,3.3400,3.2600,3.3100,3.3300,4166700,13774606.0000,3,0.286942,1,-0.600600,1.414685,13.137396,0.866702,-9.744010,0,-0.6006006006005982
2018-12-03,sh.600261,3.3800,3.4400,3.3800,3.4200,3.3100,7815875,26701114.0000,3,0.538245,1,3.323267,1.461699,13.573986,0.895505,-10.067829,0,3.3232628398791597
2018-12-04,sh.600261,3.4200,3.4700,3.4000,3.4500,3.4200,6851213,23534311.0000,3,0.471813,1,0.877192,1.474521,13.693057,0.903360,-10.156143,0,0.8771929824561431
2018-12-05,sh.600261,3.4200,3.5200,3.4000,3.4700,3.4500,8659007,30116610.0000,3,0.596308,1,0.579710,1.483068,13.772437,0.908597,-10.215019,0,0.5797101449275477
2018-12-06,sh.600261,3.4000,3.4300,3.3500,3.4100,3.4700,7088978,24022368.0000,3,0.488187,1,-1.729105,1.457425,13.534296,0.892886,-10.038391,0,-1.729106628242072
2018-12-07,sh.600261,3.3800,3.4000,3.3500,3.3600,3.4100,7304280,24668129.0000,3,0.503014,1,-1.466281,1.436055,13.335846,0.879794,-9.891200,0,-1.4662756598240567
2018-12-10,sh.600261,3.3600,3.4000,3.3200,3.4000,3.3600,4355011,14603397.0000,3,0.299911,1,1.190482,1.453151,13.494606,0.890268,-10.008952,0,1.1904761904761862
2018-12-11,sh.600261,3.3800,3.4100,3.3000,3.3200,3.4000,6008600,20048859.0000,3,0.413786,1,-2.352946,1.418959,13.177086,0.869321,-9.773448,0,-2.352941176470591
2018-12-12,sh.600261,3.3300,3.3500,3.2600,3.2900,3.3200,5432179,17901463.0000,3,0.374090,1,-0.903614,1.406137,13.058016,0.861465,-9.685133,0,-0.9036144578313143
2018-12-13,sh.600261,3.2900,3.3500,3.2800,3.3300,3.2900,4135454,13745265.0000,3,0.284791,1,1.215804,1.423233,13.216776,0.871939,-9.802886,0,1.2158054711246313
2018-12-14,sh.600261,3.3200,3.3500,3.2900,3.3000,3.3300,4475629,14864578.0000,3,0.308217,1,-0.900900,1.410411,13.097706,0.864084,-9.714572,0,-0.9009009009009028
2018-12-17,sh.600261,3.2800,3.3200,3.2500,3.3000,3.3000,4684500,15410634.0000,3,0.322601,1,0.000000,1.410411,13.097706,0.864084,-9.714572,0,0.0
2018-12-18,sh.600261,3.2800,3.3800,3.2600,3.3400,3.3000,5064674,16797714.0000,3,0.348782,1,1.212120,1.427507,13.256466,0.874557,-9.832324,0,1.21212121212122
2018-12-19,sh.600261,3.3100,3.3900,3.3100,3.3700,3.3400,5672729,19122507.0000,3,0.390656,1,0.898203,1.440329,13.375536,0.882413,-9.920638,0,0.8982035928143839
2018-12-20,sh.600261,3.3700,3.4100,3.3400,3.3900,3.3700,5166723,17440233.0000,3,0.355810,1,0.593478,1.448877,13.454916,0.887650,-9.979514,0,0.5934718100890191
2018-12-21,sh.600261,3.3800,3.4000,3.3400,3.3800,3.3900,3570292,12027457.0000,3,0.245870,1,-0.294985,1.444603,13.415226,0.885031,-9.950076,0,-0.2949852507374673
2018-12-24,sh.600261,3.3600,3.4600,3.3600,3.4400,3.3800,4132124,14152355.0000,3,0.284561,1,1.775146,1.470247,13.653367,0.900742,-10.126705,0,1.775147928994092
2018-12-25,sh.600261,3.4400,3.4400,3.2800,3.4200,3.4400,6217489,20925637.0000,3,0.428171,1,-0.581395,1.461699,13.573986,0.895505,-10.067829,0,-0.5813953488372103
2018-12-26,sh.600261,3.4300,3.4700,3.4200,3.4500,3.4200,5431515,18723964.0000,3,0.374045,1,0.877192,1.474521,13.693057,0.903360,-10.156143,0,0.8771929824561431
2018-12-27,sh.600261,3.4800,3.4900,3.4000,3.4000,3.4500,3288838,11339616.0000,3,0.226488,1,-1.449274,1.453151,13.494606,0.890268,-10.008952,0,-1.449275362318847
2018-12-28,sh.600261,3.4200,3.4500,3.3900,3.4100,3.4000,2477801,8475573.0000,3,0.170635,1,0.294117,1.457425,13.534296,0.892886,-10.038391,0,0.2941176470588225
2019-01-02,sh.600261,3.4100,3.4300,3.3300,3.3600,3.4100,3570400,12024686.0000,3,0.245878,1,-1.466281,1.436055,13.335846,0.879794,-9.891200,0,-1.4662756598240567
2019-01-03,sh.600261,3.3800,3.4000,3.3500,3.3600,3.3600,2375287,8010381.0000,3,0.163576,1,0.000000,1.436055,13.335846,0.879794,-9.891200,0,0.0
2019-01-04,sh.600261,3.3500,3.4400,3.3300,3.4300,3.3600,3997148,13529667.0000,3,0.275266,1,2.083338,1.465973,13.613676,0.898123,-10.097267,0,2.083333333333348
2019-01-07,sh.600261,3.4300,3.5200,3.4200,3.5100,3.4300,6100463,21224269.0000,3,0.420112,1,2.332359,1.500164,13.931197,0.919071,-10.332772,0,2.3323615160349753
2019-01-08,sh.600261,3.5000,3.6200,3.4900,3.6000,3.5100,9317044,33284512.0000,3,0.641624,1,2.564100,1.538630,14.288407,0.942637,-10.597714,0,2.564102564102577
2019-01-09,sh.600261,3.6000,3.6000,3.5300,3.5400,3.6000,10465575,37331807.0000,3,0.720719,1,-1.666665,1.512986,14.050267,0.926926,-10.421086,0,-1.6666666666666718
2019-01-10,sh.600261,3.5300,3.5500,3.4300,3.4400,3.5400,11751803,40750784.0000,3,0.809295,1,-2.824856,1.470247,13.653367,0.900742,-10.126705,0,-2.824858757062154
2019-01-11,sh.600261,3.4500,3.4600,3.4000,3.4200,3.4400,7526150,25761479.0000,3,0.518293,1,-0.581395,1.461699,13.573986,0.895505,-10.067829,0,-0.5813953488372103
2019-01-14,sh.600261,3.4200,3.4600,3.3700,3.3800,3.4200,6657900,22673704.0000,3,0.458501,1,-1.169590,1.444603,13.415226,0.885031,-9.950076,0,-1.1695906432748537
2019-01-15,sh.600261,3.3900,3.4400,3.3500,3.4300,3.3800,6759256,22907763.0000,3,0.465481,1,1.479288,1.465973,13.613676,0.898123,-10.097267,0,1.479289940828421
2019-01-16,sh.600261,3.4300,3.4400,3.3600,3.4000,3.4300,4136005,14111125.0000,3,0.284829,1,-0.874635,1.453151,13.494606,0.890268,-10.008952,0,-0.8746355685131268
2019-01-17,sh.600261,3.3900,3.3900,3.3400,3.3700,3.4000,10651795,35810313.0000,3,0.733543,1,-0.882359,1.440329,13.375536,0.882413,-9.920638,0,-0.8823529411764675
2019-01-18,sh.600261,3.3600,3.3800,3.3300,3.3500,3.3700,6598803,22106287.0000,3,0.454431,1,-0.593471,1.431781,13.296156,0.877176,-9.861762,0,-0.5934718100890191
2019-01-21,sh.600261,3.3500,3.3600,3.3300,3.3400,3.3500,9170563,30694870.0000,3,0.631537,1,-0.298507,1.427507,13.256466,0.874557,-9.832324,0,-0.29850746268657025
2019-01-22,sh.600261,3.3500,3.3800,3.3000,3.3300,3.3400,8499251,28369845.0000,3,0.585306,1,-0.299401,1.423233,13.216776,0.871939,-9.802886,0,-0.29940119760478723
2019-01-23,sh.600261,3.3200,3.3300,3.2900,3.2900,3.3300,5502823,18187959.0000,3,0.378955,1,-1.201200,1.406137,13.058016,0.861465,-9.685133,0,-1.2012012012012074
2019-01-24,sh.600261,3.3100,3.3400,3.2900,3.3200,3.2900,7025679,23307831.0000,3,0.483828,1,0.911853,1.418959,13.177086,0.869321,-9.773448,0,0.911854103343468
2019-01-25,sh.600261,3.3100,3.3700,3.3100,3.3500,3.3200,6913848,23162620.0000,3,0.476127,1,0.903614,1.431781,13.296156,0.877176,-9.861762,0,0.9036144578313365
2019-01-28,sh.600261,3.3500,3.3800,3.2900,3.2900,3.3500,7029716,23376129.0000,3,0.484106,1,-1.791043,1.406137,13.058016,0.861465,-9.685133,0,-1.7910447761193993
2019-01-29,sh.600261,3.2800,3.3000,3.1800,3.2800,3.2900,6099475,19832883.0000,3,0.420044,1,-0.303951,1.401863,13.018326,0.858847,-9.655695,0,-0.3039513677811634
2019-01-30,sh.600261,3.2600,3.2800,3.1200,3.1300,3.2800,9742493,31115773.0000,3,0.670923,1,-4.573166,1.337753,12.422976,0.819570,-9.214124,0,-4.57317073170731
2019-01-31,sh.600261,3.1300,3.1800,3.0800,3.1000,3.1300,5702167,17889605.0000,3,0.392683,1,-0.958473,1.324931,12.303906,0.811715,-9.125810,0,-0.9584664536741117
2019-02-01,sh.600261,3.0900,3.1800,3.0900,3.1600,3.1000,11907793,37447194.0000,3,0.820038,1,1.935490,1.350575,12.542046,0.827426,-9.302438,0,1.9354838709677358
2019-02-11,sh.600261,3.1600,3.2000,3.1600,3.1800,3.1600,10415832,33128740.0000,3,0.717293,1,0.632911,1.359123,12.621426,0.832662,-9.361314,0,0.6329113924050667
2019-02-12,sh.600261,3.2000,3.3100,3.1900,3.2700,3.1800,10060304,32773642.0000,3,0.692809,1,2.830186,1.397589,12.978636,0.856228,-9.626257,0,2.8301886792452713
2019-02-13,sh.600261,3.2800,3.3700,3.2700,3.3700,3.2700,12473104,41603195.0000,3,0.858968,1,3.058101,1.440329,13.375536,0.882413,-9.920638,0,3.0581039755351647
2019-02-14,sh.600261,3.3500,3.3700,3.3200,3.3400,3.3700,12617179,42292041.0000,3,0.868890,1,-0.890207,1.427507,13.256466,0.874557,-9.832324,0,-0.8902077151335397
2019-02-15,sh.600261,3.3700,3.3700,3.3400,3.3400,3.3400,8664100,29092727.0000,3,0.596659,1,0.000000,1.427507,13.256466,0.874557,-9.832324,0,0.0
2019-02-18,sh.600261,3.3500,3.4200,3.3400,3.4200,3.3400,14664862,49606507.0000,3,1.009905,1,2.395215,1.461699,13.573986,0.895505,-10.067829,0,2.39520958083832
2019-02-19,sh.600261,3.4300,3.4600,3.3900,3.4400,3.4200,9943475,34129793.0000,3,0.684764,1,0.584795,1.470247,13.653367,0.900742,-10.126705,0,0.5847953216374213
2019-02-20,sh.600261,3.4300,3.4800,3.3900,3.4200,3.4400,10448902,35753089.0000,3,0.719570,1,-0.581395,1.461699,13.573986,0.895505,-10.067829,0,-0.5813953488372103
2019-02-21,sh.600261,3.4400,3.5000,3.3900,3.4100,3.4200,14327732,49481649.0000,3,0.986688,1,-0.292397,1.457425,13.534296,0.892886,-10.038391,0,-0.29239766081871066
2019-02-22,sh.600261,3.4200,3.5000,3.3700,3.5000,3.4100,14142920,48723414.0000,3,0.973961,1,2.639294,1.495890,13.891507,0.916452,-10.303333,0,2.639296187683282
2019-02-25,sh.600261,3.5100,3.6600,3.4900,3.6400,3.5000,30963896,110737961.0000,3,2.132349,1,4.000003,1.555726,14.447167,0.953111,-10.715467,0,4.0000000000000036
2019-02-26,sh.600261,3.7600,3.7600,3.5700,3.6200,3.6400,30817887,112372023.0000,3,2.122294,1,-0.549457,1.547178,14.367787,0.947874,-10.656591,0,-0.5494505494505475
2019-02-27,sh.600261,3.6200,3.6700,3.5500,3.6000,3.6200,19570107,70818648.0000,3,1.347708,1,-0.552486,1.538630,14.288407,0.942637,-10.597714,0,-0.5524861878453025
2019-02-28,sh.600261,3.6000,3.6400,3.5200,3.5700,3.6000,16075884,57606409.0000,3,1.107076,1,-0.833333,1.525808,14.169337,0.934781,-10.509400,0,-0.8333333333333415
2019-03-01,sh.600261,3.5900,3.6000,3.5400,3.5900,3.5700,16094671,57420479.0000,3,1.108370,1,0.560223,1.534356,14.248717,0.940018,-10.568276,0,0.5602240896358524
2019-03-04,sh.600261,3.6100,3.6800,3.6000,3.6200,3.5900,28373498,103245940.0000,3,1.953959,1,0.835654,1.547178,14.367787,0.947874,-10.656591,0,0.8356545961002881
2019-03-05,sh.600261,3.6200,3.7500,3.5800,3.7400,3.6200,28717651,105597890.0000,3,1.977659,1,3.314920,1.598466,14.844067,0.979295,-11.009848,0,3.314917127071837
2019-03-06,sh.600261,3.7700,3.8400,3.7400,3.8300,3.7400,33274350,126154680.0000,3,2.291459,1,2.406415,1.636931,15.201277,1.002861,-11.274791,0,2.4064171122994527
2019-03-07,sh.600261,3.8400,3.9300,3.8000,3.9000,3.8300,32061100,124016398.0000,3,2.207908,1,1.827681,1.666849,15.479107,1.021190,-11.480857,0,1.8276762402088753
2019-03-08,sh.600261,3.8400,3.9100,3.7100,3.7200,3.9000,31583664,119843735.0000,3,2.175029,1,-4.615386,1.589918,14.764687,0.974058,-10.950972,0,-4.61538461538461
2019-03-11,sh.600261,3.7100,3.8500,3.7100,3.8400,3.7200,28638979,108783989.0000,3,1.972242,1,3.225803,1.641205,15.240967,1.005479,-11.304229,0,3.2258064516129004
2019-03-12,sh.600261,3.8700,4.0000,3.8300,3.9100,3.8400,34083257,133813477.0000,3,2.347165,1,1.822921,1.671123,15.518797,1.023808,-11.510295,0,1.822916666666674
2019-03-13,sh.600261,3.9100,3.9200,3.7900,3.8200,3.9100,24089403,92966713.0000,3,1.658932,1,-2.301794,1.632657,15.161587,1.000242,-11.245353,0,-2.3017902813299296
2019-03-14,sh.600261,3.8300,3.8500,3.6600,3.7200,3.8200,24948576,93021374.0000,3,1.718100,1,-2.617799,1.589918,14.764687,0.974058,-10.950972,0,-2.617801047120405
2019-03-15,sh.600261,3.7300,3.7900,3.7100,3.7500,3.7200,14485645,54435735.0000,3,0.997563,1,0.806451,1.602740,14.883757,0.981913,-11.039286,0,0.8064516129032251
2019-03-18,sh.600261,3.7700,3.8600,3.7400,3.8600,3.7500,18220007,69411343.0000,3,1.254732,1,2.933331,1.649753,15.320347,1.010716,-11.363105,0,2.933333333333321
2019-03-19,sh.600261,3.8600,3.9400,3.8200,3.9200,3.8600,26596581,103104791.0000,3,1.831591,1,1.554409,1.675397,15.558487,1.026427,-11.539733,0,1.5544041450777257
2019-03-20,sh.600261,3.9000,4.0900,3.8700,4.0400,3.9200,42848609,170690871.0000,3,2.950797,1,3.061222,1.726685,16.034768,1.057848,-11.892991,0,3.0612244897959107
2019-03-21,sh.600261,4.0000,4.0500,3.9700,4.0000,4.0400,27551609,110211624.0000,3,1.897359,1,-0.990098,1.709589,15.876008,1.047374,-11.775238,0,-0.990099009900991
2019-03-22,sh.600261,3.9900,4.0000,3.9000,3.9700,4.0000,19434785,76865725.0000,3,1.338389,1,-0.749999,1.696767,15.756938,1.039519,-11.686924,0,-0.7499999999999951
2019-03-25,sh.600261,3.9000,4.0400,3.8800,3.9400,3.9700,15397729,60976985.0000,3,1.060374,1,-0.755667,1.683945,15.637867,1.031664,-11.598610,0,-0.7556675062972307
2019-03-26,sh.600261,3.9400,3.9800,3.7900,3.8000,3.9400,19409499,75041226.0000,3,1.336648,1,-3.553302,1.624110,15.082207,0.995005,-11.186476,0,-3.5532994923857864
2019-03-27,sh.600261,3.8300,3.9500,3.7500,3.9300,3.8000,25965034,100237167.0000,3,1.788099,1,3.421056,1.679671,15.598177,1.029045,-11.569172,0,3.421052631578947
2019-03-28,sh.600261,3.9200,3.9200,3.7800,3.8000,3.9300,17106163,65728809.0000,3,1.178027,1,-3.307891,1.624110,15.082207,0.995005,-11.186476,0,-3.307888040712481
2019-03-29,sh.600261,3.8000,3.9200,3.7600,3.9000,3.8000,19283339,74186456.0000,3,1.327960,1,2.631583,1.666849,15.479107,1.021190,-11.480857,0,2.6315789473684292
2019-04-01,sh.600261,3.9000,4.0200,3.8900,4.0000,3.9000,23638251,93781145.0000,3,1.627863,1,2.564100,1.709589,15.876008,1.047374,-11.775238,0,2.564102564102577
2019-04-02,sh.600261,4.0600,4.0800,3.9900,4.0200,4.0000,34299712,138143696.0000,3,2.362072,1,0.499999,1.718137,15.955388,1.052611,-11.834114,0,0.49999999999998934
2019-04-03,sh.600261,3.9800,4.0300,3.9600,4.0200,4.0200,21058560,84277380.0000,3,1.450211,1,0.000000,1.718137,15.955388,1.052611,-11.834114,0,0.0
2019-04-04,sh.600261,4.0300,4.0800,4.0100,4.0400,4.0200,25418138,102639345.0000,3,1.750436,1,0.497512,1.726685,16.034768,1.057848,-11.892991,0,0.4975124378109541
2019-04-08,sh.600261,4.0700,4.0900,3.9300,3.9800,4.0400,22491500,90079990.0000,3,1.548892,1,-1.485147,1.701041,15.796628,1.042137,-11.716362,0,-1.4851485148514865
2019-04-09,sh.600261,3.9900,4.0600,3.9700,4.0300,3.9800,15213767,61168678.0000,3,1.047706,1,1.256286,1.722411,15.995078,1.055229,-11.863553,0,1.2562814070351758
2019-04-10,sh.600261,4.0300,4.1500,3.9700,4.0900,4.0300,24479753,99526951.0000,3,1.685814,1,1.488832,1.748055,16.233218,1.070940,-12.040181,0,1.4888337468982549
2019-04-11,sh.600261,4.1000,4.1100,4.0100,4.0500,4.0900,20287107,82308981.0000,3,1.397085,1,-0.977994,1.730959,16.074458,1.060466,-11.922429,0,-0.9779951100244544
2019-04-12,sh.600261,4.0400,4.0800,3.9700,4.0000,4.0500,13464144,54058426.0000,3,0.927217,1,-1.234573,1.709589,15.876008,1.047374,-11.775238,0,-1.2345679012345623
2019-04-15,sh.600261,4.0400,4.0900,3.9600,3.9700,4.0000,18592494,75105492.0000,3,1.280384,1,-0.749999,1.696767,15.756938,1.039519,-11.686924,0,-0.7499999999999951
2019-04-16,sh.600261,3.9700,4.0200,3.9100,4.0200,3.9700,11198232,44426997.0000,3,0.771173,1,1.259445,1.718137,15.955388,1.052611,-11.834114,0,1.2594458438287104
2019-04-17,sh.600261,4.0200,4.0600,4.0000,4.0400,4.0200,11781090,47611892.0000,3,0.811312,1,0.497512,1.726685,16.034768,1.057848,-11.892991,0,0.4975124378109541
2019-04-18,sh.600261,4.0500,4.1200,4.0400,4.0600,4.0400,16172730,65983316.0000,3,1.113745,1,0.495049,1.735233,16.114148,1.063085,-11.951867,0,0.4950495049504955
2019-04-19,sh.600261,4.0700,4.0900,3.9800,4.0900,4.0600,13514761,54666680.0000,3,0.930703,1,0.738922,1.748055,16.233218,1.070940,-12.040181,0,0.7389162561576512
2019-04-22,sh.600261,4.1100,4.1200,4.0500,4.0800,4.0900,14031044,57299431.0000,3,0.966257,1,-0.244504,1.743781,16.193528,1.068322,-12.010743,0,-0.24449877750610804
2019-04-23,sh.600261,4.1300,4.4900,4.1100,4.2000,4.0800,65374513,278868669.0000,3,4.502058,1,2.941174,1.714392,15.860118,1.085937,39.802154,0,2.941176470588247
2019-04-24,sh.600261,4.1700,4.6200,4.1200,4.6200,4.2000,105482591,468762440.0000,3,7.264126,1,10.000000,1.885831,17.446130,1.194531,43.782369,0,10.000000000000009
2019-04-25,sh.600261,4.5800,4.5800,4.2600,4.2800,4.6200,89887757,398541621.0000,3,6.190178,1,-7.359301,1.747047,16.162215,1.106622,40.560290,0,-7.359307359307355
2019-04-26,sh.600261,4.2300,4.5000,4.1700,4.3500,4.2800,60671021,266498310.0000,3,4.178149,1,1.635507,1.775620,16.426551,1.124721,41.223659,0,1.635514018691575
2019-04-29,sh.600261,4.2700,4.7900,4.2700,4.5700,4.3500,87506929,397507891.0000,3,6.026221,1,5.057477,1.865422,17.257319,1.181603,43.308534,0,5.057471264367841
2019-04-30,sh.600261,4.4400,4.4700,4.2700,4.3800,4.5700,79290199,346747774.0000,3,5.460370,1,-4.157550,1.710880,13.449980,1.171251,23.217309,0,-4.157549234135671
2019-05-06,sh.600261,4.2600,4.2600,3.9400,3.9400,4.3800,52229902,209922870.0000,3,3.596846,1,-10.045660,1.539010,12.098840,1.053591,20.884977,0,-10.045662100456621
2019-05-07,sh.600261,3.8700,3.9500,3.6200,3.7900,3.9400,62730938,237913066.0000,3,4.320006,1,-3.807109,1.480419,11.638225,1.013480,20.089863,0,-3.8071065989847663
2019-05-08,sh.600261,3.6800,3.8800,3.6200,3.7300,3.7900,38633654,145252565.0000,3,2.660531,1,-1.583112,1.456982,11.453978,0.997436,19.771818,0,-1.58311345646438
2019-05-09,sh.600261,3.6700,3.7800,3.6100,3.6100,3.7300,25596559,94247669.0000,3,1.762723,1,-3.217161,1.410109,11.085486,0.965346,19.135727,0,-3.217158176943702
2019-05-10,sh.600261,3.6700,3.7300,3.5000,3.7100,3.6100,29635754,108852247.0000,3,2.040885,1,2.770087,1.449170,11.392563,0.992087,19.665803,0,2.7700831024930705
2019-05-13,sh.600261,3.6800,3.7300,3.6300,3.6600,3.7100,17264458,63406218.0000,3,1.188928,1,-1.347708,1.429639,11.239024,0.978717,19.400765,0,-1.3477088948786964
2019-05-14,sh.600261,3.6300,3.7500,3.6100,3.6900,3.6600,21537383,79579541.0000,3,1.483186,1,0.819671,1.441358,11.331147,0.986739,19.559788,0,0.8196721311475308
2019-05-15,sh.600261,3.7500,3.7800,3.7100,3.7700,3.6900,21986677,82377131.0000,3,1.514127,1,2.168020,1.472606,11.576809,1.008132,19.983848,0,2.168021680216814
2019-05-16,sh.600261,3.7800,3.8000,3.7200,3.7600,3.7700,17951073,67502373.0000,3,1.236212,1,-0.265252,1.468700,11.546101,1.005458,19.930841,0,-0.2652519893899252
2019-05-17,sh.600261,3.7800,3.8000,3.5500,3.6100,3.7600,22644103,83392283.0000,3,1.559401,1,-3.989364,1.410109,11.085486,0.965346,19.135727,0,-3.9893617021276584
2019-05-20,sh.600261,3.6000,3.6400,3.5000,3.5800,3.6100,15030028,53450335.0000,3,1.035053,1,-0.831024,1.398390,10.993362,0.957324,18.976705,0,-0.8310249307479145
2019-05-21,sh.600261,3.5800,3.6500,3.5500,3.6300,3.5800,13662700,49454715.0000,3,0.940891,1,1.396653,1.417921,11.146901,0.970695,19.241742,0,1.3966480446927276
2019-05-22,sh.600261,3.6200,3.6500,3.5500,3.5900,3.6300,14042900,50661717.0000,3,0.967073,1,-1.101934,1.402296,11.024070,0.959998,19.029712,0,-1.1019283746556474
2019-05-23,sh.600261,3.5700,3.5900,3.4800,3.4900,3.5900,13295100,47096574.0000,3,0.915576,1,-2.785513,1.363235,10.716993,0.933257,18.499637,0,-2.785515320334253
2019-05-24,sh.600261,3.5300,3.5900,3.5000,3.5300,3.4900,12596125,44735108.0000,3,0.867440,1,1.146131,1.378860,10.839824,0.943954,18.711667,0,1.1461318051575908
2019-05-27,sh.600261,3.5300,3.7100,3.5200,3.7000,3.5300,22372271,81751227.0000,3,1.540681,1,4.815866,1.445264,11.361855,0.989413,19.612795,0,4.815864022662897
2019-05-28,sh.600261,3.7000,3.7100,3.6400,3.6600,3.7000,15143075,55581259.0000,3,1.042838,1,-1.081080,1.429639,11.239024,0.978717,19.400765,0,-1.0810810810810811
2019-05-29,sh.600261,3.6400,3.6800,3.6400,3.6700,3.6600,12100200,44263236.0000,3,0.833288,1,0.273224,1.433545,11.269732,0.981391,19.453773,0,0.2732240437158362
2019-05-30,sh.600261,3.5300,3.5300,3.4000,3.4300,3.5200,15527818,53357568.0000,3,1.069333,1,-2.556816,1.339798,10.532747,0.917213,18.181591,0,-6.539509536784738
2019-05-31,sh.600261,3.4300,3.5000,3.4200,3.4800,3.4300,12149001,42191217.0000,3,0.836649,1,1.457725,1.359329,10.686285,0.930583,18.446629,0,1.4577259475218707
2019-06-03,sh.600261,3.4500,3.4900,3.3700,3.3800,3.4800,14139740,48294995.0000,3,0.973742,1,-2.873560,1.320268,10.379208,0.903842,17.916554,0,-2.8735632183908066
2019-06-04,sh.600261,3.4100,3.4300,3.3600,3.3800,3.3800,10333800,35108895.0000,3,0.711644,1,0.000000,1.320268,10.379208,0.903842,17.916554,0,0.0
2019-06-05,sh.600261,3.4200,3.4300,3.3700,3.3800,3.3800,9826895,33394681.0000,3,0.676735,1,0.000000,1.320268,10.379208,0.903842,17.916554,0,0.0
2019-06-06,sh.600261,3.4000,3.4000,3.3000,3.3200,3.3800,13005000,43287958.0000,3,0.895598,1,-1.775153,1.296831,10.194962,0.887798,17.598508,0,-1.7751479289940808
2019-06-10,sh.600261,3.3200,3.3900,3.2800,3.3600,3.3200,14269870,47878373.0000,3,0.982704,1,1.204818,1.312456,10.317793,0.898494,17.810538,0,1.2048192771084265
2019-06-11,sh.600261,3.3800,3.4800,3.3700,3.4700,3.3600,15998806,54927209.0000,3,1.101768,1,3.273813,1.355423,10.655578,0.927909,18.393622,0,3.2738095238095344
2019-06-12,sh.600261,3.4600,3.4900,3.4300,3.4500,3.4700,13105696,45266108.0000,3,0.902532,1,-0.576368,1.347611,10.594162,0.922561,18.287606,0,-0.5763688760806907
2019-06-13,sh.600261,3.4700,3.5100,3.4200,3.4600,3.4500,12069448,41808959.0000,3,0.831170,1,0.289855,1.351517,10.624870,0.925235,18.340614,0,0.28985507246375164
2019-06-14,sh.600261,3.4800,3.5100,3.4000,3.4200,3.4600,11152932,38527493.0000,3,0.768054,1,-1.156068,1.335892,10.502039,0.914539,18.128584,0,-1.1560693641618491
2019-06-17,sh.600261,3.4200,3.4400,3.3800,3.4100,3.4200,9977354,33971247.0000,3,0.687097,1,-0.292397,1.331986,10.471331,0.911865,18.075576,0,-0.29239766081871066
2019-06-18,sh.600261,3.3800,3.4700,3.3800,3.4500,3.4100,9358860,32165498.0000,3,0.644504,1,1.173019,1.347611,10.594162,0.922561,18.287606,0,1.1730205278592365
2019-06-19,sh.600261,3.5100,3.5500,3.4900,3.5200,3.4500,20800730,73355178.0000,3,1.432456,1,2.028983,1.374954,10.809116,0.941280,18.658659,0,2.0289855072463725
2019-06-20,sh.600261,3.5300,3.5900,3.5200,3.5600,3.5200,17405927,61905070.0000,3,1.198670,1,1.136363,1.390578,10.931947,0.951976,18.870690,0,1.1363636363636465
2019-06-21,sh.600261,3.5700,3.7300,3.5600,3.7100,3.5600,30101806,110193011.0000,3,2.072980,1,4.213486,1.449170,11.392563,0.992087,19.665803,0,4.2134831460674205
2019-06-24,sh.600261,3.6800,3.7100,3.6400,3.6900,3.7100,14026933,51652480.0000,3,0.965974,1,-0.539083,1.441358,11.331147,0.986739,19.559788,0,-0.5390835579514808
2019-06-25,sh.600261,3.7000,3.7100,3.6200,3.7000,3.6900,15466250,56705956.0000,3,1.065093,1,0.271002,1.445264,11.361855,0.989413,19.612795,0,0.27100271002711285
2019-06-26,sh.600261,3.6900,3.7000,3.6400,3.6800,3.7000,9474600,34782799.0000,3,0.652474,1,-0.540540,1.437451,11.300440,0.984065,19.506780,0,-0.5405405405405461
2019-06-27,sh.600261,3.6600,3.7200,3.6500,3.6600,3.6800,9958651,36620562.0000,3,0.685809,1,-0.543478,1.429639,11.239024,0.978717,19.400765,0,-0.5434782608695676
2019-06-28,sh.600261,3.6600,3.6800,3.6300,3.6700,3.6600,7927654,28970943.0000,3,0.545943,1,0.273224,1.433545,11.269732,0.981391,19.453773,0,0.2732240437158362
2019-07-01,sh.600261,3.7300,3.7700,3.7000,3.7700,3.6700,19419396,72479855.0000,3,1.337329,1,2.724793,1.472606,11.576809,1.008132,19.983848,0,2.7247956403269713
2019-07-02,sh.600261,3.7600,3.7600,3.7000,3.7200,3.7700,12250744,45607919.0000,3,0.843655,1,-1.326259,1.453076,11.423270,0.994761,19.718810,0,-1.3262599469495928
2019-07-03,sh.600261,3.7100,3.7400,3.6700,3.6800,3.7200,9049531,33537407.0000,3,0.623202,1,-1.075268,1.437451,11.300440,0.984065,19.506780,0,-1.0752688172043001
2019-07-04,sh.600261,3.6700,3.7200,3.6700,3.6900,3.6800,8822454,32575993.0000,3,0.607564,1,0.271739,1.441358,11.331147,0.986739,19.559788,0,0.27173913043476716
2019-07-05,sh.600261,3.6800,3.6900,3.6400,3.6500,3.6900,10129800,37064526.0000,3,0.697595,1,-1.084010,1.425733,11.208316,0.976043,19.347757,0,-1.084010840108407
2019-07-08,sh.600261,3.6500,3.6500,3.5000,3.5500,3.6500,13503560,48388716.0000,3,0.929931,1,-2.739730,1.386672,10.901239,0.949302,18.817682,0,-2.73972602739726
2019-07-09,sh.600261,3.5500,3.6400,3.5300,3.6200,3.5500,8702161,31145886.0000,3,0.599280,1,1.971829,1.414015,11.116193,0.968021,19.188735,0,1.9718309859154903
2019-07-10,sh.600261,3.6000,3.6300,3.5600,3.5700,3.6200,5396210,19400497.0000,3,0.371613,1,-1.381214,1.394484,10.962655,0.954650,18.923697,0,-1.3812154696132617
2019-07-11,sh.600261,3.5900,3.6200,3.5700,3.6000,3.5700,6672116,23984192.0000,3,0.459480,1,0.840335,1.406202,11.054778,0.962672,19.082720,0,0.8403361344537785
2019-07-12,sh.600261,3.8200,3.9500,3.7100,3.8900,3.6000,67209146,259149503.0000,3,4.628401,1,8.055561,1.519480,11.945302,1.040221,20.619939,0,8.05555555555555
2019-07-15,sh.600261,3.8200,4.0300,3.7900,3.9300,3.8900,50115132,196856155.0000,3,3.451211,1,1.028277,1.535104,12.068133,1.050917,20.831969,0,1.0282776349614497
2019-07-16,sh.600261,3.9800,4.3000,3.9300,4.2400,3.9300,66355512,275513623.0000,3,4.569615,1,7.888033,1.656194,13.020072,1.133814,22.475203,0,7.888040712468203
2019-07-17,sh.600261,4.2000,4.2600,4.1100,4.1300,4.2400,45963901,191703132.0000,3,3.165334,1,-2.594332,1.613227,12.682287,1.104399,21.892120,0,-2.594339622641517
2019-07-18,sh.600261,4.1400,4.1700,4.0500,4.0500,4.1300,25858462,105751954.0000,3,1.780760,1,-1.937044,1.581978,12.436625,1.083006,21.468060,0,-1.937046004842613
2019-07-19,sh.600261,4.0900,4.2400,4.0700,4.1200,4.0500,32963060,137267280.0000,3,2.270022,1,1.728387,1.609321,12.651579,1.101725,21.839113,0,1.7283950617283939
2019-07-22,sh.600261,4.1200,4.2500,4.0900,4.1400,4.1200,34624975,144561829.0000,3,2.384471,1,0.485436,1.617133,12.712995,1.107073,21.945128,0,0.4854368932038833
2019-07-23,sh.600261,4.1200,4.1900,4.0600,4.1600,4.1400,23827851,98769937.0000,3,1.640920,1,0.483091,1.624945,12.774410,1.112421,22.051143,0,0.48309178743961567
2019-07-24,sh.600261,4.1800,4.2200,4.0800,4.1200,4.1600,23193660,96036467.0000,3,1.597246,1,-0.961538,1.609321,12.651579,1.101725,21.839113,0,-0.9615384615384581
2019-07-25,sh.600261,4.0800,4.1700,4.0800,4.1100,4.1200,16508650,68091146.0000,3,1.136879,1,-0.242712,1.605414,12.620871,1.099051,21.786105,0,-0.24271844660194164
2019-07-26,sh.600261,4.1100,4.1300,4.0300,4.0900,4.1100,16505486,67143210.0000,3,1.136700,1,-0.486600,1.597602,12.559456,1.093703,21.680090,0,-0.48661800486619056
2019-07-29,sh.600261,4.0900,4.1000,4.0200,4.0300,4.0900,15065600,60977973.0000,3,1.037502,1,-1.466991,1.574166,12.375210,1.077658,21.362045,0,-1.4669926650366705
2019-07-30,sh.600261,4.0700,4.1300,4.0400,4.0700,4.0300,15811082,64686502.0000,3,1.088800,1,0.992600,1.589790,12.498041,1.088355,21.574075,0,0.992555831265518
2019-07-31,sh.600261,4.0600,4.1000,4.0200,4.0300,4.0700,12290998,49689926.0000,3,0.846400,1,-0.982800,1.574166,12.375210,1.077658,21.362045,0,-0.9828009828009798
2019-08-01,sh.600261,4.0600,4.0600,3.9600,4.0000,4.0300,15957671,63824932.0000,3,1.098900,1,-0.744400,1.562447,12.283087,1.069636,21.203022,0,-0.7444168734491385
2019-08-02,sh.600261,3.9000,3.9400,3.8600,3.8800,4.0000,19277171,75141024.0000,3,1.327500,1,-3.000000,1.515574,11.914594,1.037547,20.566931,0,-3.0000000000000027
2019-08-05,sh.600261,3.8300,3.9200,3.8200,3.8300,3.8800,14887048,57487136.0000,3,1.025200,1,-1.288700,1.496043,11.761055,1.024176,20.301893,0,-1.2886597938144284
2019-08-06,sh.600261,3.7800,3.8100,3.6600,3.8000,3.8300,23718555,88518561.0000,3,1.633400,1,-0.783300,1.484325,11.668932,1.016154,20.142871,0,-0.7832898172323799
2019-08-07,sh.600261,3.8100,3.8800,3.7500,3.8300,3.8000,16722125,63916693.0000,3,1.151600,1,0.789500,1.496043,11.761055,1.024176,20.301893,0,0.7894736842105399
2019-08-08,sh.600261,3.8000,3.8700,3.7900,3.8200,3.8300,15253243,58438379.0000,3,1.050400,1,-0.261100,1.492137,11.730348,1.021502,20.248886,0,-0.26109660574412663
2019-08-09,sh.600261,3.8600,3.8900,3.7800,3.8100,3.8200,11243093,43079178.0000,3,0.774300,1,-0.261800,1.488231,11.699640,1.018828,20.195878,0,-0.2617801047120394
2019-08-12,sh.600261,3.7800,3.8800,3.7700,3.8700,3.8100,13801743,52676032.0000,3,0.950500,1,1.574800,1.511668,11.883886,1.034873,20.513924,0,1.5748031496062964
2019-08-13,sh.600261,3.8200,3.8400,3.7600,3.7800,3.8700,14695938,55656296.0000,3,1.012000,1,-2.325600,1.476513,11.607517,1.010806,20.036856,0,-2.3255813953488413
2019-08-14,sh.600261,3.8300,3.8900,3.8000,3.8100,3.7800,14804732,56908413.0000,3,1.019500,1,0.793700,1.488231,11.699640,1.018828,20.195878,0,0.7936507936507908
2019-08-15,sh.600261,3.7500,3.8600,3.7200,3.8400,3.8100,10914757,41433121.0000,3,0.751700,1,0.787400,1.499949,11.791763,1.026850,20.354901,0,0.7874015748031482
2019-08-16,sh.600261,3.8300,3.9100,3.8200,3.8700,3.8400,12942250,50301641.0000,3,0.891300,1,0.781200,1.511668,11.883886,1.034873,20.513924,0,0.78125
2019-08-19,sh.600261,3.8900,4.0000,3.8900,4.0000,3.8700,15210988,60220064.0000,3,1.047500,1,3.359200,1.562447,12.283087,1.069636,21.203022,0,3.3591731266149782
2019-08-20,sh.600261,4.0300,4.0300,3.9500,3.9600,4.0000,15270701,61012809.0000,3,1.051600,1,-1.000000,1.546823,12.160256,1.058940,20.990992,0,-1.0000000000000009
2019-08-21,sh.600261,3.9700,4.0400,3.9700,3.9900,3.9600,11493325,45957446.0000,3,0.791500,1,0.757600,1.558541,12.252379,1.066962,21.150014,0,0.7575757575757569
2019-08-22,sh.600261,3.9900,4.0400,3.9000,3.9300,3.9900,24317961,96198107.0000,3,1.674700,1,-1.503800,1.535104,12.068133,1.050917,20.831969,0,-1.5037593984962405
2019-08-23,sh.600261,3.9400,4.0200,3.9300,4.0100,3.9300,19230647,76717081.0000,3,1.324300,1,2.035600,1.566353,12.313794,1.072310,21.256029,0,2.035623409669207
2019-08-26,sh.600261,3.9200,3.9600,3.8300,3.9100,4.0100,22650897,88184165.0000,3,1.559900,1,-2.493800,1.527292,12.006717,1.045569,20.725954,0,-2.4937655860349017
2019-08-27,sh.600261,3.9700,4.2300,3.9400,4.1600,3.9100,56834413,233784325.0000,3,3.913900,1,6.393900,1.639710,10.320859,1.101232,-35.650719,0,6.39386189258313
2019-08-28,sh.600261,4.1500,4.2600,4.1100,4.2200,4.1600,36828192,154494298.0000,3,2.536200,1,1.442300,1.663360,10.469718,1.117115,-36.164912,0,1.4423076923076872
2019-08-29,sh.600261,4.1900,4.2600,4.1700,4.2300,4.2200,25442498,107588733.0000,3,1.752100,1,0.237000,1.667301,10.494527,1.119762,-36.250611,0,0.23696682464455776
2019-08-30,sh.600261,4.2600,4.2800,4.1300,4.1400,4.2300,25943394,108551058.0000,3,1.786600,1,-2.127700,1.631827,10.271240,1.095937,-35.479321,0,-2.1276595744680993
2019-09-02,sh.600261,4.1600,4.2700,4.1500,4.2100,4.1400,24643237,103994270.0000,3,1.697100,1,1.690800,1.659418,10.444908,1.114468,-36.079213,0,1.6908212560386549
2019-09-03,sh.600261,4.2100,4.2500,4.2000,4.2400,4.2100,15841645,67039209.0000,3,1.090900,1,0.712600,1.671243,10.519337,1.122409,-36.336310,0,0.7125890736342066
2019-09-04,sh.600261,4.2200,4.3400,4.2000,4.3100,4.2400,23730366,101573186.0000,3,1.634200,1,1.650900,1.698834,10.693006,1.140940,-36.936202,0,1.6509433962264008
2019-09-05,sh.600261,4.3200,4.3600,4.2500,4.2700,4.3100,25727936,110970365.0000,3,1.771800,1,-0.928100,1.683068,10.593766,1.130351,-36.593406,0,-0.9280742459396807
2019-09-06,sh.600261,4.3100,4.3100,4.2100,4.2500,4.2700,19005498,80741917.0000,3,1.308800,1,-0.468400,1.675185,10.544147,1.125056,-36.422008,0,-0.4683840749414414
2019-09-09,sh.600261,4.2700,4.3100,4.2400,4.3000,4.2500,16109627,68946642.0000,3,1.109400,1,1.176500,1.694893,10.668196,1.138292,-36.850503,0,1.17647058823529
2019-09-10,sh.600261,4.3100,4.3200,4.2400,4.2700,4.3000,14202142,60574251.0000,3,0.978000,1,-0.697700,1.683068,10.593766,1.130351,-36.593406,0,-0.6976744186046546
2019-09-11,sh.600261,4.2700,4.2800,4.1900,4.2500,4.2700,14842846,62763258.0000,3,1.022200,1,-0.468400,1.675185,10.544147,1.125056,-36.422008,0,-0.4683840749414414
2019-09-12,sh.600261,4.2500,4.2700,4.2000,4.2600,4.2500,12260925,51943197.0000,3,0.844400,1,0.235300,1.679126,10.568957,1.127704,-36.507707,0,0.23529411764704466
2019-09-16,sh.600261,4.2700,4.5700,4.2400,4.5000,4.2600,40456564,179663425.0000,3,2.786100,1,5.633800,1.773725,11.164391,1.191236,-38.564480,0,5.633802816901423
2019-09-17,sh.600261,4.4900,4.5300,4.4100,4.4200,4.5000,24403511,108693359.0000,3,1.680600,1,-1.777800,1.742192,10.965913,1.170059,-37.878889,0,-1.7777777777777781
2019-09-18,sh.600261,4.4500,4.4600,4.3400,4.4600,4.4200,22700569,99955848.0000,3,1.563300,1,0.905000,1.757958,11.065152,1.180648,-38.221684,0,0.9049773755656076
2019-09-19,sh.600261,4.4300,4.4500,4.3500,4.4300,4.4600,23790600,104429375.0000,3,1.638400,1,-0.672700,1.746134,10.990723,1.172706,-37.964588,0,-0.6726457399103158
2019-09-20,sh.600261,4.4100,4.4300,4.3700,4.4100,4.4300,12190408,53585428.0000,3,0.839500,1,-0.451500,1.738250,10.941103,1.167412,-37.793190,0,-0.4514672686230181
2019-09-23,sh.600261,4.4100,4.4200,4.2700,4.3300,4.4100,14412998,62224437.0000,3,0.992600,1,-1.814100,1.706717,10.742625,1.146234,-37.107599,0,-1.814058956916098
2019-09-24,sh.600261,4.3300,4.4200,4.3200,4.4000,4.3300,17026102,74803112.0000,3,1.172500,1,1.616600,1.734309,10.916293,1.164764,-37.707491,0,1.616628175519641
2019-09-25,sh.600261,4.3900,4.4300,4.3200,4.4300,4.4000,14876114,65070268.0000,3,1.024500,1,0.681800,1.746134,10.990723,1.172706,-37.964588,0,0.6818181818181612
2019-09-26,sh.600261,4.4000,4.4200,4.2400,4.2600,4.4300,21194224,91715568.0000,3,1.459600,1,-3.837500,1.679126,10.568957,1.127704,-36.507707,0,-3.8374717832957095
2019-09-27,sh.600261,4.2500,4.3500,4.2500,4.3200,4.2600,11500462,49659417.0000,3,0.792000,1,1.408400,1.702776,10.717815,1.143587,-37.021900,0,1.4084507042253724
2019-09-30,sh.600261,4.3000,4.3700,4.2800,4.3500,4.3200,10998750,47761402.0000,3,0.757400,1,0.694400,1.714601,10.792245,1.151528,-37.278997,0,0.6944444444444198
2019-10-08,sh.600261,4.3500,4.3600,4.2600,4.2700,4.3500,11027600,47431832.0000,3,0.759400,1,-1.839100,1.683068,10.593766,1.130351,-36.593406,0,-1.839080459770115
2019-10-09,sh.600261,4.2800,4.4400,4.2600,4.4400,4.2700,14392134,62700356.0000,3,0.991100,1,3.981300,1.750075,11.015532,1.175353,-38.050286,0,3.9812646370023685
2019-10-10,sh.600261,4.4300,4.5200,4.3900,4.5100,4.4400,17714380,79286795.0000,3,1.219900,1,1.576600,1.777666,11.189201,1.193883,-38.650178,0,1.5765765765765716
2019-10-11,sh.600261,4.5000,4.5500,4.4500,4.5100,4.5100,16581083,74768415.0000,3,1.141900,1,0.000000,1.777666,11.189201,1.193883,-38.650178,0,0.0
2019-10-14,sh.600261,4.6000,4.6800,4.5400,4.6500,4.5100,23807207,109876297.0000,3,1.639500,1,3.104200,1.832849,11.536537,1.230944,-39.849962,0,3.10421286031044
2019-10-15,sh.600261,4.6500,4.6500,4.5500,4.5800,4.6500,15409097,70597792.0000,3,1.061200,1,-1.505400,1.805258,11.362869,1.212414,-39.250070,0,-1.505376344086029
2019-10-16,sh.600261,4.6200,4.6200,4.4800,4.5000,4.5800,13964819,63381283.0000,3,0.961700,1,-1.746700,1.773725,11.164391,1.191236,-38.564480,0,-1.7467248908296984
2019-10-17,sh.600261,4.5200,4.7200,4.5100,4.5800,4.5000,24629736,113983892.0000,3,1.696100,1,1.777800,1.805258,11.362869,1.212414,-39.250070,0,1.7777777777777892
2019-10-18,sh.600261,4.5800,4.6200,4.4000,4.4500,4.5800,21441901,96386817.0000,3,1.476600,1,-2.838400,1.754017,11.040342,1.178000,-38.135985,0,-2.8384279475982543
2019-10-21,sh.600261,4.4100,4.4500,4.3000,4.3700,4.4500,16761882,73161930.0000,3,1.154300,1,-1.797800,1.722484,10.841864,1.156823,-37.450395,0,-1.7977528089887618
2019-10-22,sh.600261,4.3800,4.4200,4.3200,4.3900,4.3700,11791817,51457955.0000,3,0.812100,1,0.457700,1.730367,10.891484,1.162117,-37.621792,0,0.4576659038901587
2019-10-23,sh.600261,4.3900,4.4400,4.3400,4.3800,4.3900,11424633,50249360.0000,3,0.786800,1,-0.227800,1.726425,10.866674,1.159470,-37.536093,0,-0.2277904328018221
2019-10-24,sh.600261,4.4200,4.4200,4.3400,4.3700,4.3800,9919321,43347169.0000,3,0.683100,1,-0.228300,1.722484,10.841864,1.156823,-37.450395,0,-0.22831050228310223
2019-10-25,sh.600261,4.3700,4.4000,4.3200,4.3800,4.3700,9980301,43569155.0000,3,0.687300,1,0.228800,1.726425,10.866674,1.159470,-37.536093,0,0.22883295194506825
2019-10-28,sh.600261,4.4100,4.5300,4.3700,4.5300,4.3800,17613839,78527160.0000,3,1.213000,1,3.424700,1.785550,11.238820,1.199178,-38.821576,0,3.424657534246589
2019-10-29,sh.600261,4.5200,4.5200,4.3100,4.3300,4.5300,21871168,96554482.0000,3,1.506200,1,-4.415000,1.649257,10.172606,1.152586,14.785254,0,-4.415011037527594
2019-10-30,sh.600261,4.3400,4.3500,4.1200,4.1300,4.3300,29712100,124023677.0000,3,2.046100,1,-4.618900,1.573079,9.702739,1.099349,14.102333,0,-4.618937644341803
2019-10-31,sh.600261,4.1300,4.2300,4.1300,4.1600,4.1300,17195706,71891846.0000,3,1.184200,1,0.726400,1.584506,9.773219,1.107335,14.204771,0,0.7263922518159882
2019-11-01,sh.600261,4.1200,4.2200,4.1100,4.2000,4.1600,13056248,54531166.0000,3,0.899100,1,0.961500,1.599742,9.867193,1.117982,14.341355,0,0.9615384615384581
2019-11-04,sh.600261,4.2200,4.3600,4.1900,4.3000,4.2000,16753022,72051124.0000,3,1.153700,1,2.381000,1.637831,10.102126,1.144601,14.682816,0,2.3809523809523725
2019-11-05,sh.600261,4.3000,4.4300,4.2800,4.3900,4.3000,14469971,63374750.0000,3,0.996500,1,2.093000,1.672111,10.313566,1.168558,14.990131,0,2.0930232558139528
2019-11-06,sh.600261,4.3800,4.4800,4.3600,4.4100,4.3900,18050851,80067089.0000,3,1.243100,1,0.455600,1.679729,10.360552,1.173881,15.058423,0,0.4555808656036442
2019-11-07,sh.600261,4.3900,4.5100,4.3900,4.4700,4.4100,15836784,70529131.0000,3,1.090600,1,1.360500,1.702582,10.501512,1.189852,15.263300,0,1.3605442176870763
2019-11-08,sh.600261,4.5100,4.5300,4.4200,4.4600,4.4700,13198049,59031635.0000,3,0.908900,1,-0.223700,1.698773,10.478019,1.187191,15.229154,0,-0.22371364653243075
2019-11-11,sh.600261,4.4100,4.4500,4.3600,4.3700,4.4600,14546649,63947131.0000,3,1.001800,1,-2.017900,1.664493,10.266579,1.163234,14.921839,0,-2.0179372197309364
2019-11-12,sh.600261,4.3700,4.5100,4.3600,4.5100,4.3700,18161321,80782245.0000,3,1.250700,1,3.203700,1.717818,10.595485,1.200500,15.399884,0,3.203661327231111
2019-11-13,sh.600261,4.5000,4.5100,4.4000,4.4200,4.5100,12879515,57240012.0000,3,0.887000,1,-1.995600,1.683537,10.384046,1.176543,15.092569,0,-1.9955654101995512
2019-11-14,sh.600261,4.4500,4.5300,4.4300,4.4700,4.4200,11216402,50180335.0000,3,0.772400,1,1.131200,1.702582,10.501512,1.189852,15.263300,0,1.1312217194570096
2019-11-15,sh.600261,4.4400,4.4700,4.3800,4.4000,4.4700,10043627,44324917.0000,3,0.691700,1,-1.566000,1.675920,10.337059,1.171219,15.024277,0,-1.5659955257270597
2019-11-18,sh.600261,4.3900,4.4300,4.3400,4.3800,4.4000,11497659,50263930.0000,3,0.791800,1,-0.454500,1.668302,10.290072,1.165896,14.955985,0,-0.454545454545463
2019-11-19,sh.600261,4.3600,4.5700,4.3600,4.5500,4.3800,21461499,96836505.0000,3,1.478000,1,3.881300,1.733053,10.689459,1.211147,15.536468,0,3.8812785388127935
2019-11-20,sh.600261,4.5700,4.6100,4.5200,4.5400,4.5500,13993416,63838870.0000,3,0.963700,1,-0.219800,1.729244,10.665965,1.208486,15.502322,0,-0.219780219780219
2019-11-21,sh.600261,4.5500,4.6100,4.5200,4.6100,4.5400,12909350,58956797.0000,3,0.889000,1,1.541900,1.755907,10.830419,1.227119,15.741345,0,1.541850220264318
2019-11-22,sh.600261,4.6500,4.6500,4.2600,4.3500,4.6100,34825514,153648142.0000,3,2.398300,1,-5.639900,1.656875,10.219592,1.157910,14.853547,0,-5.639913232104132
2019-11-25,sh.600261,4.3400,4.3400,4.2000,4.2500,4.3500,18898562,80296074.0000,3,1.301500,1,-2.298800,1.618786,9.984659,1.131292,14.512086,0,-2.298850574712641
2019-11-26,sh.600261,4.2600,4.3200,4.2400,4.2600,4.2500,11283905,48301702.0000,3,0.777100,1,0.235300,1.622595,10.008153,1.133953,14.546232,0,0.23529411764704466
2019-11-27,sh.600261,4.2600,4.3000,4.2300,4.2400,4.2600,9550707,40694299.0000,3,0.657700,1,-0.469500,1.614977,9.961166,1.128630,14.477940,0,-0.46948356807510194
2019-11-28,sh.600261,4.2500,4.2800,4.1600,4.2300,4.2400,9469242,39987124.0000,3,0.652100,1,-0.235800,1.611168,9.937673,1.125968,14.443794,0,-0.2358490566037652
2019-11-29,sh.600261,4.2400,4.2900,4.2000,4.2600,4.2300,9537300,40488304.0000,3,0.656800,1,0.709200,1.622595,10.008153,1.133953,14.546232,0,0.7092198581560183
2019-12-02,sh.600261,4.2700,4.2800,4.2000,4.2300,4.2600,10762794,45492633.0000,3,0.741200,1,-0.704200,1.611168,9.937673,1.125968,14.443794,0,-0.704225352112664
2019-12-03,sh.600261,4.2400,4.2400,4.1700,4.2000,4.2300,10816126,45417886.0000,3,0.744900,1,-0.709200,1.599742,9.867193,1.117982,14.341355,0,-0.7092198581560294
2019-12-04,sh.600261,4.1900,4.2000,4.1300,4.1500,4.2000,10621616,44227709.0000,3,0.731500,1,-1.190500,1.580697,9.749726,1.104673,14.170625,0,-1.1904761904761862
2019-12-05,sh.600261,4.1600,4.2300,4.1500,4.2100,4.1500,8621011,36229542.0000,3,0.593700,1,1.445800,1.603550,9.890686,1.120644,14.375501,0,1.4457831325301207
2019-12-06,sh.600261,4.2300,4.2600,4.2100,4.2600,4.2100,8412459,35683913.0000,3,0.579300,1,1.187700,1.622595,10.008153,1.133953,14.546232,0,1.187648456057011
2019-12-09,sh.600261,4.2200,4.2800,4.2100,4.2300,4.2600,11079460,46997237.0000,3,0.763000,1,-0.704200,1.611168,9.937673,1.125968,14.443794,0,-0.704225352112664
2019-12-10,sh.600261,4.2200,4.2500,4.1700,4.2500,4.2300,11894920,50121504.0000,3,0.819200,1,0.472800,1.618786,9.984659,1.131292,14.512086,0,0.47281323877068626
2019-12-11,sh.600261,4.2600,4.2700,4.1900,4.2100,4.2500,11638214,49248961.0000,3,0.801500,1,-0.941200,1.603550,9.890686,1.120644,14.375501,0,-0.9411764705882342
2019-12-12,sh.600261,4.2100,4.2400,4.1900,4.2000,4.2100,6424516,27081668.0000,3,0.442400,1,-0.237500,1.599742,9.867193,1.117982,14.341355,0,-0.23752969121139111
2019-12-13,sh.600261,4.2400,4.3200,4.2200,4.3200,4.2000,16105809,68841104.0000,3,1.109100,1,2.857200,1.645448,10.149112,1.149925,14.751108,0,2.857142857142869
2019-12-16,sh.600261,4.3400,4.4900,4.3100,4.4900,4.3200,23036879,102075991.0000,3,1.586400,1,3.935200,1.710200,10.548499,1.195176,15.331592,0,3.935185185185186
2019-12-17,sh.600261,4.4800,4.7200,4.4600,4.6300,4.4900,38544968,178141766.0000,3,2.654400,1,3.118000,1.763525,10.877405,1.232442,15.809637,0,3.1180400890868487
2019-12-18,sh.600261,4.6400,4.8300,4.6200,4.7600,4.6300,39581636,188477376.0000,3,2.725800,1,2.807800,1.813040,11.182818,1.267046,16.253536,0,2.807775377969768
2019-12-19,sh.600261,4.7400,4.8800,4.7200,4.8600,4.7600,28403393,136703426.0000,3,1.956000,1,2.100800,1.851129,11.417751,1.293665,16.594997,0,2.1008403361344685
2019-12-20,sh.600261,4.9100,4.9200,4.7900,4.8700,4.8600,20547698,99684128.0000,3,1.415000,1,0.205800,1.854938,11.441245,1.296327,16.629143,0,0.2057613168724215
2019-12-23,sh.600261,4.8100,4.8500,4.6900,4.6900,4.8700,25964797,123289408.0000,3,1.788100,1,-3.696100,1.786378,11.018365,1.248413,16.014513,0,-3.696098562628336
2019-12-24,sh.600261,4.7200,4.8400,4.7200,4.7700,4.6900,15838967,75692626.0000,3,1.090800,1,1.705800,1.816849,11.206312,1.269708,16.287682,0,1.705756929637503
2019-12-25,sh.600261,4.7900,4.8300,4.7000,4.7300,4.7700,15763069,74826672.0000,3,1.085500,1,-0.838600,1.801614,11.112338,1.259061,16.151098,0,-0.8385744234800652
2019-12-26,sh.600261,4.7400,4.7800,4.7100,4.7700,4.7300,11850788,56236011.0000,3,0.816100,1,0.845700,1.816849,11.206312,1.269708,16.287682,0,0.8456659619450191
2019-12-27,sh.600261,4.7600,4.8000,4.6500,4.6800,4.7700,16768861,79323991.0000,3,1.154800,1,-1.886800,1.782569,10.994872,1.245752,15.980367,0,-1.8867924528301883
2019-12-30,sh.600261,4.6800,4.7700,4.5900,4.7400,4.6800,14332183,67459942.0000,3,0.987000,1,1.282100,1.805423,11.135832,1.261723,16.185244,0,1.2820512820512997
2019-12-31,sh.600261,4.7400,4.7800,4.6900,4.7500,4.7400,11566809,54709675.0000,3,0.796600,1,0.211000,1.809231,11.159325,1.264385,16.219390,0,0.21097046413500742
2020-01-02,sh.600261,4.7800,4.8100,4.7100,4.7500,4.7500,27181465,129524801.0000,3,1.871900,1,0.000000,1.809231,11.159325,1.264385,16.219390,0,0.0
2020-01-03,sh.600261,4.7300,4.8400,4.7000,4.7400,4.7500,19959215,94926665.0000,3,1.374500,1,-0.210500,1.805423,11.135832,1.261723,16.185244,0,-0.21052631578947212
2020-01-06,sh.600261,4.7100,4.8100,4.6600,4.7400,4.7400,23485281,111667031.0000,3,1.617300,1,0.000000,1.805423,11.135832,1.261723,16.185244,0,0.0
2020-01-07,sh.600261,4.7300,5.0000,4.7300,5.0000,4.7400,36869053,181110130.0000,3,2.539000,1,5.485200,1.904454,11.746658,1.330931,17.073042,0,5.485232067510548
2020-01-08,sh.600261,4.9900,4.9900,4.7000,4.7100,5.0000,43869330,211367112.0000,3,3.021100,1,-5.800000,1.793996,11.065352,1.253737,16.082806,0,-5.800000000000005
2020-01-09,sh.600261,4.7400,4.8200,4.7400,4.7700,4.7100,19433289,92829515.0000,3,1.338300,1,1.273900,1.816849,11.206312,1.269708,16.287682,0,1.273885350318471
2020-01-10,sh.600261,4.7900,4.8100,4.7500,4.7900,4.7700,14595724,69713198.0000,3,1.005100,1,0.419300,1.824467,11.253298,1.275032,16.355974,0,0.41928721174004924
2020-01-13,sh.600261,4.8000,4.8300,4.7200,4.8200,4.7900,13767872,65784751.0000,3,0.948100,1,0.626300,1.835894,11.323778,1.283018,16.458413,0,0.6263048016701411
2020-01-14,sh.600261,4.8500,4.8700,4.7500,4.7800,4.8200,14042637,67371946.0000,3,0.967100,1,-0.829900,1.820658,11.229805,1.272370,16.321828,0,-0.8298755186721962
2020-01-15,sh.600261,4.7900,4.8000,4.6600,4.7800,4.7800,16930238,79978442.0000,3,1.165900,1,0.000000,1.820658,11.229805,1.272370,16.321828,0,0.0
2020-01-16,sh.600261,4.7700,4.8100,4.7200,4.7500,4.7800,9067381,43194996.0000,3,0.624400,1,-0.627600,1.809231,11.159325,1.264385,16.219390,0,-0.6276150627615107
2020-01-17,sh.600261,4.7400,4.8000,4.7200,4.7300,4.7500,9190443,43683484.0000,3,0.632900,1,-0.421100,1.801614,11.112338,1.259061,16.151098,0,-0.42105263157893313
2020-01-20,sh.600261,4.7200,4.7800,4.6600,4.7700,4.7300,11651767,55102987.0000,3,0.802400,1,0.845700,1.816849,11.206312,1.269708,16.287682,0,0.8456659619450191
2020-01-21,sh.600261,4.7900,4.8300,4.7000,4.8100,4.7700,14437781,68966731.0000,3,0.994300,1,0.838600,1.832085,11.300285,1.280356,16.424266,0,0.8385744234800763
2020-01-22,sh.600261,4.7700,4.7900,4.5500,4.6500,4.8100,25075717,116085485.0000,3,1.726900,1,-3.326400,1.771142,10.924392,1.237766,15.877929,0,-3.3264033264033155
2020-01-23,sh.600261,4.6000,4.6400,4.3600,4.4000,4.6500,21034651,94388762.0000,3,1.448600,1,-5.376300,1.675920,10.337059,1.171219,15.024277,0,-5.376344086021501
2020-02-03,sh.600261,3.9600,3.9600,3.9600,3.9600,4.4000,5076200,20101752.0000,3,0.349600,1,-10.000000,1.508328,9.303353,1.054097,13.521849,0,-10.000000000000009
2020-02-04,sh.600261,3.6600,4.0300,3.6600,3.9600,3.9600,22888776,90271917.0000,3,1.576300,1,0.000000,1.508328,9.303353,1.054097,13.521849,0,0.0
2020-02-05,sh.600261,3.9800,4.1200,3.9400,4.0600,3.9600,18984549,76926770.0000,3,1.307400,1,2.525200,1.546417,9.538286,1.080716,13.863310,0,2.525252525252508
2020-02-06,sh.600261,4.0600,4.1300,4.0100,4.0900,4.0600,16572617,67271097.0000,3,1.141300,1,0.738900,1.557844,9.608766,1.088702,13.965748,0,0.7389162561576512
2020-02-07,sh.600261,4.0800,4.1100,4.0000,4.1100,4.0900,16547027,67139333.0000,3,1.139500,1,0.489000,1.565461,9.655753,1.094025,14.034041,0,0.4889975550122383
2020-02-10,sh.600261,4.0600,4.1700,4.0400,4.1600,4.1100,15652476,64481913.0000,3,1.077900,1,1.216500,1.584506,9.773219,1.107335,14.204771,0,1.2165450121654375
2020-02-11,sh.600261,4.1500,4.1900,4.1100,4.1300,4.1600,12269837,50828719.0000,3,0.845000,1,-0.721100,1.573079,9.702739,1.099349,14.102333,0,-0.7211538461538547
2020-02-12,sh.600261,4.1300,4.1700,4.1100,4.1500,4.1300,15939387,65979565.0000,3,1.097700,1,0.484300,1.580697,9.749726,1.104673,14.170625,0,0.4842615012106588
2020-02-13,sh.600261,4.1400,4.1900,4.0900,4.1300,4.1500,16399311,67818458.0000,3,1.129300,1,-0.481900,1.573079,9.702739,1.099349,14.102333,0,-0.48192771084338837
2020-02-14,sh.600261,4.1000,4.1400,4.0500,4.0800,4.1300,13295170,54459653.0000,3,0.915600,1,-1.210700,1.554035,9.585273,1.086040,13.931602,0,-1.2106537530266248
2020-02-17,sh.600261,4.1000,4.2200,4.0800,4.2100,4.0800,16845476,70157708.0000,3,1.160100,1,3.186300,1.603550,9.890686,1.120644,14.375501,0,3.1862745098039102
2020-02-18,sh.600261,4.2400,4.3600,4.2200,4.3500,4.2100,21431529,91827635.0000,3,1.475900,1,3.325400,1.656875,10.219592,1.157910,14.853547,0,3.325415676959609
2020-02-19,sh.600261,4.3100,4.3700,4.2600,4.2700,4.3500,16284798,70350276.0000,3,1.121500,1,-1.839100,1.656875,10.219592,1.157910,14.853547,0,-1.839080459770115
2020-02-20,sh.600261,4.3000,4.3700,4.2400,4.3600,4.2700,16828714,72575563.0000,3,1.158900,1,2.107700,1.660684,10.243086,1.160572,14.887693,0,2.1077283372365585
2020-02-21,sh.600261,4.2800,4.3400,4.2500,4.3100,4.3600,29553121,126852570.0000,3,2.035200,1,-1.146800,1.641639,13.408035,1.176241,14.716962,0,-1.146788990825709
2020-02-24,sh.600261,4.2700,4.3000,4.1800,4.2900,4.3100,27454258,116426480.0000,3,1.890700,1,-0.464000,1.634022,13.345817,1.170783,14.648670,0,-0.46403712296982924
2020-02-25,sh.600261,4.1900,4.2300,4.0600,4.1800,4.2900,27787553,115544554.0000,3,1.913600,1,-2.564100,1.592124,13.003616,1.140763,14.273063,0,-2.564102564102566
2020-02-26,sh.600261,4.0900,4.2300,4.0700,4.1300,4.1800,19018982,79217696.0000,3,1.309800,1,-1.196200,1.573079,12.848071,1.127118,14.102333,0,-1.1961722488038284
2020-02-27,sh.600261,4.1300,4.2700,4.1300,4.2500,4.1300,23838360,100267943.0000,3,1.641600,1,2.905600,1.618786,13.221380,1.159867,14.512086,0,2.9055690072639306
2020-02-28,sh.600261,4.1300,4.1900,4.0000,4.0400,4.2500,33073309,135397206.0000,3,2.277600,1,-4.941200,1.538799,12.568088,1.102556,13.795018,0,-4.941176470588237
2020-03-02,sh.600261,4.0600,4.1700,4.0600,4.1400,4.0400,18239409,75235726.0000,3,1.256100,1,2.475200,1.576888,12.879180,1.129847,14.136479,0,2.4752475247524774
2020-03-03,sh.600261,4.1800,4.2400,4.1300,4.1700,4.1400,20300258,84981513.0000,3,1.398000,1,0.724600,1.588315,12.972507,1.138034,14.238917,0,0.7246376811594235
2020-03-04,sh.600261,4.1700,4.1900,4.1200,4.1900,4.1700,14948669,62058424.0000,3,1.029400,1,0.479600,1.595933,13.034725,1.143492,14.307209,0,0.4796163069544557
2020-03-05,sh.600261,4.2100,4.3300,4.2100,4.3200,4.1900,25668124,109645018.0000,3,1.767700,1,3.102600,1.645448,13.439144,1.178970,14.751108,0,3.1026252983293423
2020-03-06,sh.600261,4.2700,4.3100,4.2200,4.2500,4.3200,15459153,65790597.0000,3,1.064600,1,-1.620400,1.618786,13.221380,1.159867,14.512086,0,-1.620370370370372
2020-03-09,sh.600261,4.2000,4.2000,4.0600,4.0700,4.2500,20709508,85451650.0000,3,1.426200,1,-4.235300,1.550226,12.661416,1.110743,13.897456,0,-4.235294117647048
2020-03-10,sh.600261,4.0300,4.1500,3.9600,4.1500,4.0700,19686741,80054723.0000,3,1.355700,1,1.965600,1.580697,12.910289,1.132576,14.170625,0,1.9656019656019597
2020-03-11,sh.600261,4.1600,4.1900,4.0900,4.0900,4.1500,11893060,49145585.0000,3,0.819000,1,-1.445800,1.557844,12.723634,1.116201,13.965748,0,-1.4457831325301318
2020-03-12,sh.600261,4.0300,4.0600,3.9500,3.9600,4.0900,18402530,73502395.0000,3,1.267300,1,-3.178500,1.508328,12.319215,1.080723,13.521849,0,-3.17848410757946
2020-03-13,sh.600261,3.7800,3.9100,3.7200,3.8500,3.9600,18938848,72248326.0000,3,1.304200,1,-2.777800,1.466430,11.977015,1.050703,13.146242,0,-2.777777777777779
2020-03-16,sh.600261,3.9400,3.9400,3.7000,3.7000,3.8500,17768294,67422230.0000,3,1.223600,1,-3.896100,1.409296,11.510378,1.009766,12.634051,0,-3.8961038961038974
2020-03-17,sh.600261,3.7100,3.8200,3.6700,3.8200,3.7000,18683480,70299057.0000,3,1.286600,1,3.243200,1.455003,11.883688,1.042515,13.043804,0,3.2432432432432323
2020-03-18,sh.600261,3.8500,3.9200,3.7400,3.7400,3.8200,17093157,65527150.0000,3,1.177100,1,-2.094200,1.424532,11.634814,1.020683,12.770635,0,-2.094240837696326
2020-03-19,sh.600261,3.7300,3.8000,3.6900,3.7900,3.7400,14229655,53187366.0000,3,0.979900,1,1.336900,1.443576,11.790360,1.034328,12.941366,0,1.3368983957219305
2020-03-20,sh.600261,3.7900,3.8200,3.7500,3.8100,3.7900,9966533,37707930.0000,3,0.686400,1,0.527700,1.451194,11.852578,1.039786,13.009658,0,0.5277044854881341
2020-03-23,sh.600261,3.7200,3.7300,3.6200,3.6200,3.8100,12525376,46152110.0000,3,0.862600,1,-4.986900,1.378825,11.261505,0.987934,12.360882,0,-4.986876640419946
2020-03-24,sh.600261,3.6800,3.7000,3.6100,3.6800,3.6200,7420194,27132347.0000,3,0.511000,1,1.657500,1.401678,11.448160,1.004308,12.565759,0,1.6574585635359185
2020-03-25,sh.600261,3.7400,3.8200,3.7000,3.7700,3.6800,12806254,47993405.0000,3,0.881900,1,2.445600,1.435958,11.728142,1.028870,12.873074,0,2.4456521739130377
2020-03-26,sh.600261,3.7400,3.7600,3.7200,3.7300,3.7700,6092900,22775876.0000,3,0.419600,1,-1.061000,1.420723,11.603705,1.017954,12.736489,0,-1.0610079575596787
2020-03-27,sh.600261,3.7600,3.7800,3.7200,3.7200,3.7300,5791213,21696781.0000,3,0.398800,1,-0.268100,1.416914,11.572596,1.015225,12.702343,0,-0.2680965147452974
2020-03-30,sh.600261,3.7000,3.7300,3.5800,3.6000,3.7200,12691981,45848831.0000,3,0.874000,1,-3.225800,1.371207,11.199287,0.982475,12.292590,0,-3.2258064516129115
2020-03-31,sh.600261,3.6300,3.6400,3.5300,3.5400,3.6000,10036846,35897877.0000,3,0.691200,1,-1.666700,1.348354,11.012632,0.966101,12.087714,0,-1.6666666666666718
2020-04-01,sh.600261,3.5600,3.6200,3.5200,3.5700,3.5400,8897250,31911080.0000,3,0.612700,1,0.847500,1.359780,11.105959,0.974288,12.190152,0,0.8474576271186418
2020-04-02,sh.600261,3.5500,3.6500,3.5400,3.6400,3.5700,8566288,30896697.0000,3,0.589900,1,1.960800,1.386443,11.323723,0.993392,12.429175,0,1.9607843137255054
2020-04-03,sh.600261,3.6500,3.6500,3.5700,3.5900,3.6400,6886627,24818683.0000,3,0.474300,1,-1.373600,1.367398,11.168178,0.979746,12.258444,0,-1.3736263736263798
2020-04-07,sh.600261,3.6500,3.6700,3.6300,3.6700,3.5900,10143901,37081206.0000,3,0.698600,1,2.228400,1.397869,11.417051,1.001579,12.531613,0,2.2284122562674202
2020-04-08,sh.600261,3.6500,3.6900,3.6200,3.6800,3.6700,6028456,22068425.0000,3,0.415200,1,0.272500,1.401678,11.448160,1.004308,12.565759,0,0.2724795640327127
2020-04-09,sh.600261,3.6900,3.7300,3.6700,3.7100,3.6800,6894152,25530151.0000,3,0.474800,1,0.815200,1.413105,11.541487,1.012495,12.668197,0,0.8152173913043459
2020-04-10,sh.600261,3.7000,3.7100,3.6100,3.6100,3.7100,7506481,27358965.0000,3,0.516900,1,-2.695400,1.375016,11.230396,0.985204,12.326736,0,-2.695417789757415
2020-04-13,sh.600261,3.5900,3.6300,3.5700,3.5900,3.6100,4596151,16539490.0000,3,0.316500,1,-0.554000,1.367398,11.168178,0.979746,12.258444,0,-0.5540166204986208
2020-04-14,sh.600261,3.5900,3.6400,3.5700,3.6400,3.5900,5129176,18492766.0000,3,0.353200,1,1.392800,1.386443,11.323723,0.993392,12.429175,0,1.392757660167132
2020-04-15,sh.600261,3.6200,3.6400,3.6000,3.6100,3.6400,4846080,17534970.0000,3,0.333700,1,-0.824200,1.375016,11.230396,0.985204,12.326736,0,-0.8241758241758323
2020-04-16,sh.600261,3.6100,3.6400,3.5800,3.6400,3.6100,5611450,20274741.0000,3,0.386400,1,0.831000,1.386443,11.323723,0.993392,12.429175,0,0.8310249307479367
2020-04-17,sh.600261,3.6500,3.6600,3.6200,3.6300,3.6400,7504346,27321990.0000,3,0.516800,1,-0.274700,1.382634,11.292614,0.990663,12.395029,0,-0.27472527472528485
2020-04-20,sh.600261,3.6600,3.6800,3.6300,3.6500,3.6300,8254177,30142048.0000,3,0.568400,1,0.551000,1.419279,10.942873,0.996986,34.116601,0,0.5509641873278293
2020-04-21,sh.600261,3.6400,3.6500,3.5700,3.6000,3.6500,8035846,28915660.0000,3,0.553400,1,-1.369900,1.399837,10.792971,0.983329,33.649250,0,-1.3698630136986245
2020-04-22,sh.600261,3.5800,3.6300,3.5500,3.6300,3.6000,6960723,25006733.0000,3,0.479400,1,0.833300,1.411502,10.882912,0.991523,33.929661,0,0.8333333333333304
2020-04-23,sh.600261,3.6400,3.6500,3.6000,3.6100,3.6300,4621603,16726528.0000,3,0.318300,1,-0.551000,1.403725,10.822951,0.986060,33.742720,0,-0.5509641873278293
2020-04-24,sh.600261,3.6100,3.6200,3.5500,3.5600,3.6100,6137480,21906980.0000,3,0.422700,1,-1.385000,1.384283,10.673049,0.972403,33.275370,0,-1.3850415512465353
2020-04-27,sh.600261,3.5300,3.5800,3.5300,3.5400,3.5600,6311284,22408297.0000,3,0.434600,1,-0.561800,1.376506,10.613088,0.966940,33.088429,0,-0.5617977528089901
2020-04-28,sh.600261,3.5500,3.5700,3.4300,3.4700,3.5400,10148583,35522467.0000,3,0.698900,1,-1.977400,1.335572,12.296706,0.999380,6.139072,0,-1.9774011299435013
2020-04-29,sh.600261,3.4700,3.5400,3.4600,3.5000,3.4700,4351903,15250646.0000,3,0.299700,1,0.864600,1.347118,12.403018,1.008021,6.192147,0,0.8645533141210304
2020-04-30,sh.600261,3.5000,3.6100,3.5000,3.5900,3.5000,7416185,26501802.0000,3,0.510700,1,2.571400,1.381758,12.721952,1.033941,6.351374,0,2.571428571428558
2020-05-06,sh.600261,3.5600,3.6300,3.5600,3.6300,3.5900,7354107,26474092.0000,3,0.506400,1,1.114200,1.397154,12.863701,1.045461,6.422141,0,1.1142061281337101
2020-05-07,sh.600261,3.6300,3.6600,3.6200,3.6400,3.6300,5176917,18843173.0000,3,0.356500,1,0.275500,1.401003,12.899138,1.048341,6.439833,0,0.27548209366392573
2020-05-08,sh.600261,3.6500,3.6800,3.6400,3.6700,3.6400,6154582,22559771.0000,3,0.423800,1,0.824200,1.412550,13.005450,1.056982,6.492909,0,0.8241758241758212
2020-05-11,sh.600261,3.6700,3.7100,3.6600,3.6700,3.6700,7465612,27489745.0000,3,0.514100,1,0.000000,1.412550,13.005450,1.056982,6.492909,0,0.0
2020-05-12,sh.600261,3.6600,3.7000,3.6300,3.6700,3.6700,7036288,25821636.0000,3,0.484600,1,0.000000,1.412550,13.005450,1.056982,6.492909,0,0.0
2020-05-13,sh.600261,3.6400,3.6700,3.6300,3.6600,3.6700,6514331,23742785.0000,3,0.448600,1,-0.272500,1.408701,12.970013,1.054102,6.475217,0,-0.27247956403269047
2020-05-14,sh.600261,3.6300,3.6700,3.6100,3.6200,3.6600,5595224,20364713.0000,3,0.385300,1,-1.092900,1.393305,12.828264,1.042581,6.404449,0,-1.0928961748633892
2020-05-15,sh.600261,3.6300,3.6700,3.6200,3.6500,3.6200,4857864,17718749.0000,3,0.334500,1,0.828700,1.404852,12.934576,1.051222,6.457525,0,0.8287292817679592
2020-05-18,sh.600261,3.6500,3.6600,3.5600,3.6300,3.6500,7638508,27612165.0000,3,0.526000,1,-0.547900,1.397154,12.863701,1.045461,6.422141,0,-0.5479452054794498
2020-05-19,sh.600261,3.6500,3.6600,3.6300,3.6400,3.6300,5673056,20675091.0000,3,0.390700,1,0.275500,1.401003,12.899138,1.048341,6.439833,0,0.27548209366392573
2020-05-20,sh.600261,3.6500,3.7200,3.6400,3.6800,3.6400,9024446,33209522.0000,3,0.621500,1,1.098900,1.416399,13.040887,1.059862,6.510600,0,1.098901098901095
2020-05-21,sh.600261,3.6800,3.7100,3.6400,3.6600,3.6800,7970170,29370264.0000,3,0.548900,1,-0.543500,1.408701,12.970013,1.054102,6.475217,0,-0.5434782608695676
2020-05-22,sh.600261,3.6700,3.6700,3.5700,3.5700,3.6600,7089586,25634402.0000,3,0.488200,1,-2.459000,1.374061,12.651078,1.028181,6.315990,0,-2.4590163934426257
2020-05-25,sh.600261,3.5700,3.6000,3.5600,3.5900,3.5700,4560231,16320981.0000,3,0.314000,1,0.560200,1.381758,12.721952,1.033941,6.351374,0,0.5602240896358524
2020-05-26,sh.600261,3.5900,3.6600,3.5800,3.6600,3.5900,5556486,20184965.0000,3,0.382700,1,1.949900,1.408701,12.970013,1.054102,6.475217,0,1.9498607242339983
2020-05-27,sh.600261,3.6500,3.7700,3.6400,3.7300,3.6600,13168260,48839611.0000,3,0.906800,1,1.912600,1.435643,13.218073,1.074262,6.599060,0,1.91256830601092
2020-05-28,sh.600261,3.7200,3.7300,3.6700,3.7100,3.7300,8534360,31541834.0000,3,0.587700,1,-0.536200,1.427945,13.147199,1.068502,6.563676,0,-0.536193029490617
2020-05-29,sh.600261,3.7400,3.7500,3.7000,3.7400,3.7100,6708114,24984775.0000,3,0.462000,1,0.808600,1.439492,13.253510,1.077142,6.616752,0,0.8086253369272267
2020-06-01,sh.600261,3.7700,3.8100,3.7500,3.8000,3.7400,12472629,47258212.0000,3,0.858900,1,1.604300,1.462586,13.466134,1.094422,6.722903,0,1.6042780748662944
2020-06-02,sh.600261,3.7800,3.8200,3.7600,3.7900,3.8000,9075540,34409398.0000,3,0.625000,1,-0.263200,1.458737,13.430696,1.091542,6.705211,0,-0.2631578947368318
2020-06-03,sh.600261,3.8000,3.8600,3.7800,3.8400,3.7900,10839722,41540321.0000,3,0.746500,1,1.319300,1.477981,13.607882,1.105943,6.793670,0,1.319261213720302
2020-06-04,sh.600261,3.8600,3.8900,3.8000,3.8100,3.8400,11710006,44769600.0000,3,0.806400,1,-0.781200,1.466434,13.501571,1.097302,6.740594,0,-0.78125
2020-06-05,sh.600261,3.6800,3.7200,3.6100,3.6500,3.6400,11311634,41471390.0000,3,0.779000,1,0.274700,1.404852,12.934576,1.051222,6.457525,0,-4.199475065616798
2020-06-08,sh.600261,3.6500,3.6800,3.5700,3.5800,3.6500,11802471,42547752.0000,3,0.812800,1,-1.917800,1.377910,12.686515,1.031061,6.333682,0,-1.9178082191780743
2020-06-09,sh.600261,3.5900,3.6100,3.5600,3.6000,3.5800,4694334,16834175.0000,3,0.323300,1,0.558700,1.385607,12.757390,1.036821,6.369066,0,0.5586592178770999
2020-06-10,sh.600261,3.5900,3.5900,3.5400,3.5600,3.6000,5695334,20266741.0000,3,0.392200,1,-1.111100,1.370212,12.615641,1.025301,6.298298,0,-1.1111111111111072
2020-06-11,sh.600261,3.5700,3.6000,3.5300,3.5500,3.5600,6401375,22782879.0000,3,0.440800,1,-0.280900,1.366363,12.580204,1.022421,6.280606,0,-0.2808988764045006
2020-06-12,sh.600261,3.5000,3.5700,3.4800,3.5400,3.5500,4796655,16937327.0000,3,0.330300,1,-0.281700,1.362514,12.544766,1.019541,6.262915,0,-0.28169014084505895
2020-06-15,sh.600261,3.5400,3.6100,3.5200,3.5600,3.5400,7124431,25462647.0000,3,0.490600,1,0.565000,1.370212,12.615641,1.025301,6.298298,0,0.5649717514124353
2020-06-16,sh.600261,3.5700,3.5900,3.5500,3.5700,3.5600,5156852,18411964.0000,3,0.355100,1,0.280900,1.374061,12.651078,1.028181,6.315990,0,0.2808988764044784
2020-06-17,sh.600261,3.5700,3.5800,3.5300,3.5700,3.5700,5129817,18223095.0000,3,0.353300,1,0.000000,1.374061,12.651078,1.028181,6.315990,0,0.0
2020-06-18,sh.600261,3.5500,3.6000,3.5500,3.5800,3.5700,4550171,16282917.0000,3,0.313400,1,0.280100,1.377910,12.686515,1.031061,6.333682,0,0.2801120448179262
2020-06-19,sh.600261,3.5900,3.6100,3.5600,3.6000,3.5800,6959615,24945903.0000,3,0.479300,1,0.558700,1.385607,12.757390,1.036821,6.369066,0,0.5586592178770999
2020-06-22,sh.600261,3.5800,3.5900,3.5400,3.5600,3.6000,6795878,24261402.0000,3,0.468000,1,-1.111100,1.370212,12.615641,1.025301,6.298298,0,-1.1111111111111072
2020-06-23,sh.600261,3.5500,3.5800,3.5400,3.5600,3.5600,3780778,13432656.0000,3,0.260400,1,0.000000,1.370212,12.615641,1.025301,6.298298,0,0.0
2020-06-24,sh.600261,3.5600,3.5700,3.5000,3.5100,3.5600,5585720,19663588.0000,3,0.384700,1,-1.404500,1.350967,12.438455,1.010901,6.209839,0,-1.404494382022481
2020-06-29,sh.600261,3.5100,3.5200,3.4800,3.5000,3.5100,4762405,16650215.0000,3,0.328000,1,-0.284900,1.347118,12.403018,1.008021,6.192147,0,-0.2849002849002802
2020-06-30,sh.600261,3.5100,3.5500,3.5000,3.5500,3.5000,5195955,18349697.0000,3,0.357800,1,1.428600,1.366363,12.580204,1.022421,6.280606,0,1.4285714285714235
2020-07-01,sh.600261,3.5700,3.5700,3.5100,3.5300,3.5500,6694028,23601051.0000,3,0.461000,1,-0.563400,1.358665,12.509329,1.016661,6.245223,0,-0.5633802816901401
2020-07-02,sh.600261,3.5400,3.6000,3.5200,3.6000,3.5300,11172781,39872333.0000,3,0.769400,1,1.983000,1.385607,12.757390,1.036821,6.369066,0,1.9830028328611915
2020-07-03,sh.600261,3.6200,3.6700,3.6000,3.6700,3.6000,15108761,54826212.0000,3,1.040500,1,1.944400,1.412550,13.005450,1.056982,6.492909,0,1.9444444444444375
2020-07-06,sh.600261,3.7000,3.8000,3.7000,3.7900,3.6700,28546092,107096013.0000,3,1.965800,1,3.269800,1.458737,13.430696,1.091542,6.705211,0,3.2697547683923744
2020-07-07,sh.600261,3.8300,3.8600,3.7500,3.7900,3.7900,23543691,89465704.0000,3,1.621400,1,0.000000,1.458737,13.430696,1.091542,6.705211,0,0.0
2020-07-08,sh.600261,3.7800,3.8300,3.7400,3.8200,3.7900,18745706,71033600.0000,3,1.290900,1,0.791600,1.470283,13.537008,1.100183,6.758286,0,0.79155672823219
2020-07-09,sh.600261,3.8300,3.9600,3.8000,3.9200,3.8200,26169779,101472748.0000,3,1.802200,1,2.617800,1.508772,13.891380,1.128983,6.935205,0,2.617801047120416
2020-07-10,sh.600261,3.9500,4.2400,3.9300,4.0800,3.9200,42313407,173797193.0000,3,2.913900,1,4.081600,1.570355,14.458375,1.175064,7.218274,0,4.081632653061229
2020-07-13,sh.600261,4.0500,4.2200,4.0500,4.2100,4.0800,23303562,96680600.0000,3,1.604800,1,3.186300,1.620391,14.919058,1.212505,7.448268,0,3.1862745098039102
2020-07-14,sh.600261,4.2100,4.2200,4.0500,4.1200,4.2100,22931166,94488939.0000,3,1.579200,1,-2.137800,1.585751,14.600124,1.186584,7.289042,0,-2.137767220902609
2020-07-15,sh.600261,4.1900,4.1900,4.0100,4.0100,4.1200,17809022,72433819.0000,3,1.226400,1,-2.669900,1.543413,14.210315,1.154904,7.094431,0,-2.669902912621369
2020-07-16,sh.600261,4.0300,4.0600,3.8500,3.9100,4.0100,17935518,70758416.0000,3,1.235100,1,-2.493800,1.504924,13.855943,1.126103,6.917513,0,-2.4937655860349017
2020-07-17,sh.600261,3.8900,3.9300,3.8100,3.8700,3.9100,13831873,53512092.0000,3,0.952500,1,-1.023000,1.489528,13.714194,1.114583,6.846746,0,-1.0230179028132946
2020-07-20,sh.600261,3.9100,4.0000,3.8900,4.0000,3.8700,12567386,49689053.0000,3,0.865500,1,3.359200,1.539564,14.174877,1.152024,7.076740,0,3.3591731266149782
2020-07-21,sh.600261,3.9900,4.0400,3.9600,4.0100,4.0000,12132784,48609989.8700,3,0.835500,1,0.250000,1.543413,14.210315,1.154904,7.094431,0,0.24999999999999467
