date,code,open,high,low,close,preclose,volume,amount,adjustflag,turn,tradestatus,pctChg,pbMRQ,peTTM,psTTM,pcfNcfTTM,isST,p_change
2017-04-25,sh.603096,25.8600,31.0300,25.8600,31.0300,21.5500,12352,382766.0000,3,0.037026,1,43.990730,5.824579,25.337315,4.792735,-344.831871,0,
2017-04-26,sh.603096,34.1300,34.1300,34.1300,34.1300,31.0300,7400,252562.0000,3,0.022182,1,9.990333,6.406474,27.868597,5.271545,-379.281719,0,9.990331936835318
2017-04-27,sh.603096,37.5400,37.5400,37.5400,37.5400,34.1300,8850,332229.0000,3,0.026529,1,9.991209,7.046558,30.653007,5.798236,-417.176552,0,9.99121007910928
2017-04-28,sh.603096,41.2900,41.2900,41.2900,41.2900,37.5400,31652,1306911.0000,3,0.094880,1,9.989345,7.750463,33.715041,6.377442,-458.849756,0,9.989344698987757
2017-05-02,sh.603096,45.4200,45.4200,45.4200,45.4200,41.2900,67866,3082474.0000,3,0.203435,1,10.002410,8.525697,37.087362,7.015341,-504.745845,0,10.002421893921042
2017-05-03,sh.603096,49.9600,49.9600,49.9600,49.9600,45.4200,117474,5869001.0000,3,0.352140,1,9.995599,9.377891,40.794465,7.716566,-555.198203,0,9.995596653456618
2017-05-04,sh.603096,54.9600,54.9600,54.9600,54.9600,49.9600,97404,5353324.0000,3,0.291978,1,10.008010,10.316431,44.877178,8.488841,-610.762475,0,10.008006405124092
2017-05-05,sh.603096,55.5600,60.0000,54.1000,56.1800,54.9600,17586977,995531280.0000,3,52.718756,1,2.219798,10.545435,45.873360,8.677276,-624.320157,0,2.2197962154294038
2017-05-08,sh.603096,54.0000,59.7100,53.5800,56.2800,56.1800,12880242,731466256.0000,3,38.609838,1,0.177997,10.564206,45.955014,8.692721,-625.431443,0,0.17799928800286136
2017-05-09,sh.603096,56.7000,60.8000,55.1400,58.4700,56.2800,13351603,782128016.0000,3,40.022791,1,3.891263,10.975286,47.743242,9.030977,-649.768594,0,3.8912579957355975
2017-05-10,sh.603096,57.5000,57.9900,52.6200,52.6200,58.4700,11717625,646977856.0000,3,35.124775,1,-10.005130,9.877194,42.966468,8.127416,-584.758396,0,-10.005130836326327
2017-05-11,sh.603096,49.5000,51.0000,47.4000,49.5800,52.6200,11180209,545231456.0000,3,33.513816,1,-5.777266,9.306562,40.484179,7.657873,-550.975319,0,-5.77727099961991
2017-05-12,sh.603096,49.0000,50.5000,47.7000,49.8000,49.5800,7894940,388275568.0000,3,23.665887,1,0.443722,9.347858,40.663818,7.691853,-553.420147,0,0.44372730939894467
2017-05-15,sh.603096,49.7800,51.3500,48.3300,49.0800,49.8000,8312766,413403056.0000,3,24.918363,1,-1.445778,9.212708,40.075908,7.580646,-545.418892,0,-1.4457831325301207
2017-05-16,sh.603096,48.6800,49.3000,46.1700,49.1200,49.0800,8005674,382147632.0000,3,23.997824,1,0.081494,9.220216,40.108569,7.586824,-545.863406,0,0.08149959250203231
2017-05-17,sh.603096,48.6000,50.9300,48.4200,50.8600,49.1200,8413939,417241968.0000,3,25.221640,1,3.542349,9.546828,41.529353,7.855576,-565.199772,0,3.54234527687296
2017-05-18,sh.603096,49.4800,50.1900,47.5000,47.5700,50.8600,6146064,300945776.0000,3,18.423453,1,-6.468740,8.929269,38.842928,7.347419,-528.638481,0,-6.4687377113645255
2017-05-19,sh.603096,47.6000,48.2000,46.3500,46.5300,47.5700,5017204,237178217.0000,3,15.039580,1,-2.186254,8.734053,37.993724,7.186786,-517.081113,0,-2.1862518393945707
2017-05-22,sh.603096,45.7100,45.7300,42.6200,42.8100,46.5300,6406738,282899776.0000,3,19.204850,1,-7.994837,8.035779,34.956186,6.612214,-475.741295,0,-7.994842037395222
2017-05-23,sh.603096,42.6000,43.3300,40.7300,41.0400,42.8100,3906257,164239107.0000,3,11.709403,1,-4.134549,7.703536,33.510906,6.338829,-456.071543,0,-4.134548002803095
2017-05-24,sh.603096,41.0000,42.5000,40.8800,41.9800,41.0400,3326573,139318607.0000,3,9.971742,1,2.290445,7.879981,34.278456,6.484016,-466.517626,0,2.2904483430799205
2017-05-25,sh.603096,41.6000,42.7700,40.5100,42.2500,41.9800,4014516,166928333.0000,3,12.033921,1,0.643165,7.930663,34.498922,6.525719,-469.518096,0,0.6431634111481843
2017-05-26,sh.603096,42.2000,44.1700,42.0600,43.2100,42.2500,3690951,158734043.0000,3,11.064002,1,2.272187,8.110862,35.282803,6.673996,-480.186436,0,2.272189349112419
2017-05-31,sh.603096,44.6800,46.4800,43.2000,43.2600,43.2100,4370010,195502333.0000,3,13.099550,1,0.115712,8.120248,35.323630,6.681718,-480.742079,0,0.11571395510296956
2017-06-01,sh.603096,42.4900,42.5000,40.4300,40.4900,43.2600,3716149,153890049.0000,3,11.139535,1,-6.403136,7.600296,33.061807,6.253878,-449.959473,0,-6.403143781784548
2017-06-02,sh.603096,39.9500,42.1100,39.7000,41.7100,40.4900,2653731,108648404.0000,3,7.954829,1,3.013083,7.829300,34.057989,6.442313,-463.517155,0,3.0130896517658545
2017-06-05,sh.603096,42.5500,43.3700,41.9000,41.9800,41.7100,2907428,123941663.0000,3,8.715312,1,0.647328,7.879981,34.278456,6.484016,-466.517626,0,0.6473267801486271
2017-06-06,sh.603096,41.0000,42.2900,40.7200,42.2300,41.9800,1680378,70098820.0000,3,5.037104,1,0.595522,7.926908,34.482591,6.522630,-469.295839,0,0.5955216769890415
2017-06-07,sh.603096,42.1000,43.8600,42.0100,43.6000,42.2300,3204119,138492760.0000,3,9.604673,1,3.244137,8.184068,35.601254,6.734233,-484.520450,0,3.2441392375088807
2017-06-08,sh.603096,43.3500,43.6800,42.2400,42.7400,43.6000,3487332,149793321.0000,3,10.453633,1,-1.972470,8.022639,34.899028,6.601402,-474.963395,0,-1.9724770642201794
2017-06-09,sh.603096,42.5500,43.1700,42.2300,43.0100,42.7400,1781371,75867221.0000,3,5.339841,1,0.631719,8.073321,35.119494,6.643105,-477.963866,0,0.6317267197005094
2017-06-12,sh.603096,42.0000,42.0500,40.4000,40.5900,43.0100,2797016,115285961.0000,3,8.384341,1,-5.626594,7.619067,33.143461,6.269324,-451.070758,0,-5.626598465473132
2017-06-13,sh.603096,40.9800,42.7100,40.9000,41.7900,40.5900,3073702,128882029.0000,3,9.213735,1,2.956395,7.844317,34.123313,6.454670,-464.406183,0,2.9563932002956372
2017-06-14,sh.603096,41.7000,42.4400,41.5000,41.9200,41.7900,1759971,73798299.0000,3,5.275692,1,0.311073,7.868719,34.229463,6.474749,-465.850854,0,0.31107920555157875
2017-06-15,sh.603096,42.0100,43.3700,42.0100,43.2300,41.9200,3124961,134178205.0000,3,9.367389,1,3.125003,8.114616,35.299134,6.677085,-480.408694,0,3.124999999999978
2017-06-16,sh.603096,43.2000,43.4300,42.6000,42.6600,43.2300,1861907,79752080.0000,3,5.581256,1,-1.318528,8.007623,34.833705,6.589045,-474.074367,0,-1.3185287994448291
2017-06-19,sh.603096,42.6900,43.5000,42.4700,43.0900,42.6600,1666984,71687171.0000,3,4.996954,1,1.007971,8.088337,35.184818,6.655461,-478.852894,0,1.007969995311786
2017-06-20,sh.603096,43.3800,43.5800,42.5500,42.6400,43.0900,1432568,61601061.0000,3,4.294269,1,-1.044328,8.003869,34.817374,6.585956,-473.852110,0,-1.0443258296588653
2017-06-21,sh.603096,42.6600,42.8900,41.5200,42.1700,42.6400,1810511,76239560.0000,3,5.427191,1,-1.102254,7.915646,34.433599,6.513363,-468.629068,0,-1.102251407129451
2017-06-22,sh.603096,41.7800,41.9200,40.4000,40.4900,41.8100,1993552,82075604.0000,3,5.975875,1,-3.157138,7.600296,33.061807,6.253878,-449.959473,0,-3.9838747925065254
2017-06-23,sh.603096,40.7100,41.1000,39.7100,41.0400,40.4900,1692463,68313303.0000,3,5.073330,1,1.358358,7.703536,33.510906,6.338829,-456.071543,0,1.3583600889108371
2017-06-26,sh.603096,41.0000,41.2000,40.5400,41.0400,41.0400,1812105,74169719.0000,3,5.431969,1,0.000000,7.703536,33.510906,6.338829,-456.071543,0,0.0
2017-06-27,sh.603096,41.2600,41.3500,40.6900,41.0800,41.0400,1586178,65122283.0000,3,4.754730,1,0.097468,7.711044,33.543567,6.345007,-456.516057,0,0.09746588693957392
2017-06-28,sh.603096,40.8300,40.8800,40.0000,40.3600,41.0800,1447506,58335802.0000,3,4.339047,1,-1.752681,7.575894,32.955657,6.233799,-448.514802,0,-1.7526777020447915
2017-06-29,sh.603096,40.2300,40.6900,40.2000,40.4400,40.3600,1014534,41042575.0000,3,3.041169,1,0.198211,7.590911,33.020980,6.246156,-449.403830,0,0.1982160555004997
2017-06-30,sh.603096,40.4200,42.4900,40.1100,42.3800,40.4400,3042130,126454979.0000,3,9.119095,1,4.797236,7.955065,34.605073,6.545798,-470.962767,0,4.797230464886271
2017-07-03,sh.603096,42.3800,44.5000,41.8200,43.9500,42.3800,3686013,159623914.0000,3,11.049200,1,3.704577,8.249766,35.887044,6.788292,-488.409949,0,3.7045776309579947
2017-07-04,sh.603096,43.6000,43.9800,43.0800,43.6000,43.9500,2222063,96730103.0000,3,6.660860,1,-0.796365,8.184068,35.601254,6.734233,-484.520450,0,-0.7963594994311762
2017-07-05,sh.603096,43.5500,44.9700,43.4100,44.0100,43.6000,2824165,124915267.0000,3,8.465722,1,0.940367,8.261029,35.936037,6.797560,-489.076720,0,0.940366972477058
2017-07-06,sh.603096,43.7500,45.2800,43.0000,44.9600,44.0100,3036925,135202714.0000,3,9.103492,1,2.158602,8.439351,36.711752,6.944292,-499.633932,0,2.158600318109527
2017-07-07,sh.603096,44.7800,45.4900,44.6000,44.7100,44.9600,2025763,91181685.0000,3,6.072431,1,-0.556050,8.392424,36.507617,6.905678,-496.855718,0,-0.5560498220640531
2017-07-10,sh.603096,44.0100,44.0900,42.7900,42.9300,44.7100,1655130,71691266.0000,3,4.961421,1,-3.981210,8.058304,35.054171,6.630748,-477.074837,0,-3.9812122567658315
2017-07-11,sh.603096,42.6000,43.7500,42.6000,42.9200,42.9300,1516429,65638553.0000,3,4.545650,1,-0.023299,8.056427,35.046006,6.629204,-476.963709,0,-0.023293733985552123
2017-07-12,sh.603096,42.8800,43.4500,41.0500,42.4900,42.9200,1675289,70234785.0000,3,5.021850,1,-1.001856,7.975712,34.694892,6.562788,-472.185181,0,-1.001863932898417
2017-07-13,sh.603096,42.3500,42.5000,41.3900,41.6600,42.4900,890682,37225915.0000,3,2.669910,1,-1.953405,7.819915,34.017162,6.434591,-462.961512,0,-1.9534008001882874
2017-07-14,sh.603096,41.6600,42.3600,41.4000,41.6600,41.6600,917625,38438530.0000,3,2.750674,1,0.000000,7.819915,34.017162,6.434591,-462.961512,0,0.0
2017-07-17,sh.603096,41.2900,43.6000,39.3500,40.3200,41.6600,3180076,133488077.0000,3,9.532602,1,-3.216515,7.568386,32.922995,6.227621,-448.070287,0,-3.2165146423427715
2017-07-18,sh.603096,40.3200,41.5700,40.0100,41.4200,40.3200,1959740,80471039.0000,3,5.874520,1,2.728171,7.774865,33.821192,6.397521,-460.294427,0,2.7281746031746046
2017-07-19,sh.603096,40.9500,41.3900,39.5300,40.4500,41.4200,1835025,73823590.0000,3,5.500674,1,-2.341858,7.592788,33.029146,6.247700,-449.514958,0,-2.3418638338966624
2017-07-20,sh.603096,40.2300,41.5000,40.0900,41.3100,40.4500,1460735,59792650.0000,3,4.378702,1,2.126083,7.754217,33.731372,6.380531,-459.072013,0,2.1260815822002455
2017-07-21,sh.603096,40.9400,41.2100,40.3600,40.5400,41.3100,1103228,44949548.0000,3,3.307038,1,-1.863956,7.609682,33.102634,6.261601,-450.515115,0,-1.863955458726707
2017-07-24,sh.603096,40.0000,40.2200,39.0100,39.9000,40.5400,1963872,77864316.0000,3,5.886906,1,-1.578686,7.489549,32.580047,6.162750,-443.402889,0,-1.5786877158362134
2017-07-25,sh.603096,39.6100,40.0800,39.2100,39.4100,39.9000,1169183,46312988.0000,3,3.504745,1,-1.228074,7.397572,32.179941,6.087067,-437.957590,0,-1.2280701754386003
2017-07-26,sh.603096,39.4100,39.6700,38.5100,38.8100,39.4100,1082290,42250941.0000,3,3.244275,1,-1.522452,7.284947,31.690016,5.994394,-431.289877,0,-1.5224562293833954
2017-07-27,sh.603096,38.8400,42.6900,38.4200,42.6900,38.8100,3458212,140968736.0000,3,10.366343,1,9.997416,8.013254,34.858201,6.593679,-474.407752,0,9.997423344498824
2017-07-28,sh.603096,43.3100,43.4900,42.2900,42.3300,42.6900,1864806,79857627.0000,3,5.589946,1,-0.843281,7.945679,34.564245,6.538075,-470.407125,0,-0.8432888264230498
2017-07-31,sh.603096,42.0000,42.3800,41.0100,41.8000,42.3300,2229260,92773836.0000,3,6.682434,1,-1.252073,7.846194,34.131478,6.456214,-464.517312,0,-1.2520670918970023
2017-08-01,sh.603096,41.5100,42.0500,41.0100,41.4000,41.8000,1389097,57666128.0000,3,4.163960,1,-0.956932,7.771111,33.804861,6.394432,-460.072170,0,-0.9569377990430561
2017-08-02,sh.603096,41.5000,42.4400,40.9500,41.0300,41.4000,1367520,57120616.0000,3,4.099281,1,-0.893726,7.701659,33.502740,6.337284,-455.960414,0,-0.8937198067632823
2017-08-03,sh.603096,40.7800,41.9700,40.6000,40.6300,41.0300,1375709,56581220.0000,3,4.123828,1,-0.974891,7.626576,33.176123,6.275502,-451.515272,0,-0.9748964172556662
2017-08-04,sh.603096,40.5600,41.3000,40.2800,40.5800,40.6300,1038759,42402822.0000,3,3.113786,1,-0.123060,7.617190,33.135296,6.267779,-450.959630,0,-0.12306177701206789
2017-08-07,sh.603096,40.6200,41.3500,40.6200,41.3000,40.5800,1012711,41662300.0000,3,3.035704,1,1.774267,7.752340,33.723207,6.378987,-458.960885,0,1.7742730409068486
2017-08-08,sh.603096,41.2000,41.3800,40.3100,41.0900,41.3000,1072703,43862581.0000,3,3.215537,1,-0.508472,7.712921,33.551733,6.346551,-456.627185,0,-0.5084745762711673
2017-08-09,sh.603096,40.9200,42.6500,40.6900,42.0200,41.0900,1474833,61794875.0000,3,4.420962,1,2.263325,7.887490,34.311117,6.490194,-466.962140,0,2.2633244098320793
2017-08-10,sh.603096,42.0500,43.3500,41.9000,42.4700,42.0200,1540037,65518590.0000,3,4.616418,1,1.070920,7.971958,34.678561,6.559699,-471.962924,0,1.0709186101856227
2017-08-11,sh.603096,42.1200,43.2900,41.8300,43.0000,42.4700,1760930,75234667.0000,3,5.278567,1,1.247937,8.150124,35.453596,6.706302,-482.510870,0,1.2479397221568211
2017-08-14,sh.603096,47.0000,47.3000,45.6500,47.3000,43.0000,3818850,179810893.0000,3,11.447392,1,9.999998,8.965137,38.998956,7.376933,-530.761957,0,9.999999999999986
2017-08-15,sh.603096,47.5000,50.6000,47.5000,48.8500,47.3000,4967471,245459113.0000,3,14.890501,1,3.276954,9.258920,40.276934,7.618671,-548.154790,0,3.2769556025370017
2017-08-16,sh.603096,48.7000,52.9900,48.0200,51.8400,48.8500,4364764,223511130.0000,3,13.083825,1,6.120781,9.825638,42.742196,8.084993,-581.706127,0,6.120777891504603
2017-08-17,sh.603096,51.2800,51.9000,50.0100,51.6200,51.8400,2557753,131453890.0000,3,7.667125,1,-0.424385,9.783940,42.560805,8.050682,-579.237467,0,-0.4243827160493985
2017-08-18,sh.603096,51.7700,54.9000,51.1000,51.9700,51.6200,2242037,119053913.0000,3,6.720734,1,0.678036,9.850278,42.849381,8.105268,-583.164881,0,0.6780317706315486
2017-08-21,sh.603096,52.9500,53.0000,51.1200,52.0100,51.9700,1512218,78407999.0000,3,4.533028,1,0.076962,9.857860,42.882361,8.111507,-583.613729,0,0.0769674812391763
2017-08-22,sh.603096,51.5000,54.2900,51.5000,53.4000,52.0100,1926868,102157067.0000,3,5.775983,1,2.672569,10.121317,44.028419,8.328292,-599.211173,0,2.672562968659875
2017-08-23,sh.603096,52.7200,53.3600,51.2500,51.3000,53.4000,1371970,71494382.0000,3,4.112620,1,-3.932589,9.723288,42.296965,8.000775,-575.646689,0,-3.93258426966292
2017-08-24,sh.603096,51.1000,51.8300,50.2200,50.3100,51.3000,1249605,63237190.0000,3,3.745818,1,-1.929821,9.535645,41.480707,7.846374,-564.537717,0,-1.9298245614035037
2017-08-25,sh.603096,50.6900,51.3900,49.9200,51.0300,50.3100,689012,34863916.0000,3,2.065384,1,1.431122,9.672113,42.074349,7.958665,-572.616969,0,1.4311270125223485
2017-08-28,sh.603096,50.7500,53.5000,50.7100,53.3400,51.0300,1688528,89153309.0000,3,5.061535,1,4.526752,10.109945,43.978949,8.318934,-598.537902,0,4.526748971193428
2017-08-29,sh.603096,53.0000,53.3000,51.5800,51.8200,53.3400,1721810,89863712.0000,3,5.161301,1,-2.849645,9.821848,42.725706,8.081874,-581.481704,0,-2.8496437945256914
2017-08-30,sh.603096,51.3000,54.7500,51.3000,54.5600,51.8200,1908846,101889524.0000,3,5.721960,1,5.287537,10.341181,44.984842,8.509206,-612.227745,0,5.28753377074489
2017-08-31,sh.603096,53.3000,60.0200,53.2000,57.9200,54.5600,3436938,198833585.0000,3,10.302572,1,6.158352,5.617625,40.369032,8.541832,-554.845602,0,6.158357771260992
2017-09-01,sh.603096,57.5300,57.5300,56.2400,57.4000,57.9200,1958194,111469640.0000,3,5.869886,1,-0.897784,5.567190,40.006603,8.465145,-549.864254,0,-0.8977900552486262
2017-09-04,sh.603096,57.3900,58.8800,55.7000,55.9900,57.4000,1737586,99649157.0000,3,5.208591,1,-2.456446,5.430435,39.023863,8.257203,-536.357135,0,-2.456445993031353
2017-09-05,sh.603096,56.0000,59.2000,55.9900,57.4700,55.9900,1672087,96768791.0000,3,5.012251,1,2.643328,5.573979,40.055392,8.475468,-550.534820,0,2.64332916592247
2017-09-06,sh.603096,56.6000,58.5000,56.0200,57.6200,57.4700,1262638,72165060.0000,3,3.784886,1,0.261002,5.588528,40.159939,8.497589,-551.971747,0,0.2610057421263301
2017-09-07,sh.603096,56.8500,60.0000,56.8000,57.5800,57.6200,1667715,97882639.0000,3,4.999146,1,-0.069415,5.584648,40.132059,8.491690,-551.588567,0,-0.06942034015966492
2017-09-08,sh.603096,56.5800,60.3000,56.5800,58.1400,57.5800,2103294,123566876.0000,3,6.304838,1,0.972556,5.638962,40.522368,8.574277,-556.953096,0,0.9725599166377163
2017-09-11,sh.603096,58.7300,63.8000,58.1600,62.6300,58.1400,2533202,154838561.0000,3,7.593531,1,7.722741,6.074445,43.651804,9.236446,-599.965126,0,7.7227382180942605
2017-09-12,sh.603096,62.5000,62.9500,59.5000,59.8500,62.6300,2111724,128771193.0000,3,6.330108,1,-4.438771,5.804814,41.714202,8.826462,-573.334069,0,-4.438767363883123
2017-09-13,sh.603096,60.1600,62.3700,59.8000,61.2600,59.8500,1002689,61463083.0000,3,3.005662,1,2.355890,5.941569,42.696943,9.034403,-586.841188,0,2.355889724310778
2017-09-14,sh.603096,61.0000,64.4700,60.0500,63.7600,61.2600,1451468,91008830.0000,3,4.350923,1,4.080966,6.184043,44.439391,9.403094,-610.789979,0,4.08096637283708
2017-09-15,sh.603096,62.9000,63.5000,60.5000,61.3100,63.7600,1412395,87263357.0000,3,4.233798,1,-3.842530,5.946419,42.731792,9.041777,-587.320164,0,-3.8425345043914594
2017-09-18,sh.603096,60.5000,62.2600,60.0500,60.5200,61.3100,684049,41736712.0000,3,2.050507,1,-1.288535,5.869797,42.181178,8.925271,-579.752346,0,-1.2885336812917925
2017-09-19,sh.603096,60.7000,61.7200,58.6600,59.2500,60.5200,908860,54772218.0000,3,2.724400,1,-2.098481,5.746620,41.296015,8.737976,-567.586359,0,-2.0984798413747563
2017-09-20,sh.603096,58.8100,59.8600,58.2900,59.2200,59.2500,770253,45553931.0000,3,2.308912,1,-0.050631,5.743711,41.275105,8.733552,-567.298974,0,-0.050632911392411994
2017-09-21,sh.603096,59.6800,61.6800,59.0400,60.0500,59.2200,1056496,63826217.0000,3,3.166954,1,1.401550,5.824212,41.853598,8.855957,-575.249973,0,1.4015535292130954
2017-09-22,sh.603096,59.9400,60.2800,58.2700,59.8400,60.0500,900624,53228388.0000,3,2.699712,1,-0.349707,5.803844,41.707232,8.824987,-573.238274,0,-0.34970857618650264
2017-09-25,sh.603096,59.6400,63.5000,59.2100,62.5100,59.8400,1690601,104986003.0000,3,5.067749,1,4.461895,6.062806,43.568167,9.218749,-598.815584,0,4.461898395721908
2017-09-26,sh.603096,62.3500,62.9600,60.5000,62.4100,62.5100,1010163,62188278.0000,3,3.028067,1,-0.159972,6.053107,43.498469,9.204001,-597.857632,0,-0.15997440409534214
2017-09-27,sh.603096,61.7500,63.3800,61.6100,62.8200,62.4100,671900,42109033.0000,3,2.014089,1,0.656946,6.092873,43.784230,9.264467,-601.785234,0,0.6569460022432416
2017-09-28,sh.603096,62.7900,63.5000,61.7800,61.8700,62.8200,528029,32990296.0000,3,1.582821,1,-1.512259,6.000733,43.122100,9.124364,-592.684693,0,-1.5122572429162706
2017-09-29,sh.603096,61.6600,62.5800,59.4900,60.0800,61.8700,1231048,74705414.0000,3,3.690192,1,-2.893158,5.827122,41.874507,8.860381,-575.537358,0,-2.8931630838855638
2017-10-09,sh.603096,61.3000,65.9800,60.3000,63.8400,60.0800,1522860,96407505.0000,3,4.564928,1,6.258319,6.191802,44.495149,9.414893,-611.556341,0,6.258322237017322
2017-10-10,sh.603096,64.5200,65.4800,62.7000,63.6700,63.8400,811482,51710837.0000,3,2.432500,1,-0.266294,6.175313,44.376662,9.389822,-609.927823,0,-0.26629072681704224
2017-10-11,sh.603096,63.6700,66.5000,63.0300,65.4200,63.6700,1061681,69008728.0000,3,3.182497,1,2.748547,6.345045,45.596376,9.647905,-626.691977,0,2.748547196481854
2017-10-12,sh.603096,64.8000,71.5000,64.6600,69.7900,65.4200,1821785,124682464.0000,3,5.460986,1,6.679919,6.768888,48.642175,10.292377,-668.554465,0,6.679914399266296
2017-10-13,sh.603096,69.2000,70.3900,67.8000,70.0000,69.7900,941459,65089060.0000,3,2.822119,1,0.300901,6.789256,48.788540,10.323347,-670.566163,0,0.30090270812437314
2017-10-16,sh.603096,69.5200,70.4500,65.0000,66.5000,70.0000,1192425,80462647.0000,3,3.574415,1,-5.000000,6.449793,46.349113,9.807180,-637.037855,0,-5.000000000000004
2017-10-17,sh.603096,65.7400,68.8400,65.7400,67.6800,66.5000,571249,38618913.0000,3,1.712377,1,1.774437,6.564241,47.171549,9.981202,-648.341685,0,1.774436090225584
2017-10-18,sh.603096,67.8200,67.8200,63.1700,63.8800,67.6800,1598941,103387833.0000,3,4.792989,1,-5.614656,6.195681,44.523028,9.420792,-611.939521,0,-5.614657210401896
2017-10-19,sh.603096,63.7900,63.8400,60.0600,63.3000,63.8800,1287665,79790410.0000,3,3.859907,1,-0.907955,6.139427,44.118780,9.335255,-606.383402,0,-0.9079524107702075
2017-10-20,sh.603096,62.2200,64.6000,62.2200,64.4100,63.3000,690920,43933236.0000,3,2.071103,1,1.753562,6.247086,44.892427,9.498954,-617.016665,0,1.7535545023696697
2017-10-23,sh.603096,64.4800,66.6300,63.0000,65.3900,64.4100,683151,44536348.0000,3,2.047815,1,1.521496,6.342135,45.575467,9.643481,-626.404591,0,1.5215028722248114
2017-10-24,sh.603096,65.0300,66.7900,64.4400,64.6700,65.3900,480006,31473808.0000,3,1.438867,1,-1.101088,6.272303,45.073642,9.537298,-619.507340,0,-1.1010857929346973
2017-10-25,sh.603096,64.8800,67.8900,64.6800,67.4100,64.6700,948503,63488592.0000,3,2.843234,1,4.236904,6.538054,46.983364,9.941383,-645.755215,0,4.236895005412089
2017-10-26,sh.603096,67.9500,69.6900,66.8000,67.6100,67.4100,800783,54195301.0000,3,2.400429,1,0.296687,6.557452,47.122760,9.970879,-647.671118,0,0.2966918854769407
2017-10-27,sh.603096,68.0000,69.3500,65.0000,65.4300,67.6100,1377006,92219403.0000,3,4.127716,1,-3.224375,6.019967,41.238829,9.465130,49.956799,0,-3.2243750924419334
2017-10-30,sh.603096,65.4200,66.4900,64.0200,65.3300,65.4300,846004,55483774.0000,3,2.535983,1,-0.152833,6.010766,41.175801,9.450664,49.880447,0,-0.15283509093688696
2017-10-31,sh.603096,65.3300,67.9500,65.1000,67.3000,65.3300,1122092,74972078.0000,3,3.363585,1,3.015462,6.192018,42.417441,9.735644,51.384572,0,3.015459972447565
2017-11-01,sh.603096,67.0300,69.0000,66.9800,68.5400,67.3000,1142835,77597751.0000,3,3.425764,1,1.842493,6.306106,43.198981,9.915023,52.331331,0,1.842496285289763
2017-11-02,sh.603096,68.3300,68.3300,66.1100,66.5400,68.5400,905971,60688517.0000,3,2.715740,1,-2.918004,6.122094,41.938433,9.625703,50.804301,0,-2.9180040852057165
2017-11-03,sh.603096,66.5400,69.4800,66.1100,68.9300,66.5400,1593149,108448377.0000,3,4.775626,1,3.591824,6.341988,43.444788,9.971441,52.629102,0,3.5918244664863153
2017-11-06,sh.603096,70.3400,70.4800,67.0000,69.8300,68.9300,820872,57003392.0000,3,2.460647,1,1.305675,6.424794,44.012034,10.101635,53.316266,0,1.305672421296955
2017-11-07,sh.603096,69.9000,70.3000,68.7600,70.1500,69.8300,574363,39809812.0000,3,1.721712,1,0.458255,6.454236,44.213722,10.147927,53.560590,0,0.45825576399829426
2017-11-08,sh.603096,70.8600,73.9800,70.8600,71.9600,70.1500,1528237,110714011.0000,3,4.581046,1,2.580182,6.620767,45.354518,10.409762,54.942553,0,2.5801853171774525
2017-11-09,sh.603096,70.9400,71.8700,69.6500,70.7000,71.9600,942013,66426664.0000,3,2.823780,1,-1.750976,6.504839,44.560373,10.227490,53.980524,0,-1.750972762645897
2017-11-10,sh.603096,70.0300,73.8000,69.3500,71.9200,70.7000,1078789,78109696.0000,3,3.233780,1,1.725603,6.617087,45.329307,10.403976,54.912012,0,1.7256011315417208
2017-11-13,sh.603096,72.6000,73.4900,71.3200,73.3200,71.9200,1010462,73484448.0000,3,3.028963,1,1.946609,6.745896,46.211691,10.606500,55.980934,0,1.946607341490525
2017-11-14,sh.603096,72.9400,74.9500,72.5100,72.7000,73.3200,848092,62503567.0000,3,2.542242,1,-0.845612,6.688852,45.820921,10.516811,55.507554,0,-0.8456082924167885
2017-11-15,sh.603096,72.9800,72.9800,67.7300,70.1100,72.7000,1109475,77256823.0000,3,3.325764,1,-3.562581,6.450556,44.188511,10.142140,53.530050,0,-3.562585969738652
2017-11-16,sh.603096,70.0100,71.3700,69.1000,69.6700,70.1100,649797,45784998.0000,3,1.947833,1,-0.627589,6.410073,43.911191,10.078490,53.194103,0,-0.6275852232206502
2017-11-17,sh.603096,69.5800,69.5800,64.3900,67.7000,69.6700,826881,56061142.0000,3,2.478660,1,-2.827618,6.228821,42.669551,9.793509,51.689978,0,-2.8276159035452886
2017-11-20,sh.603096,68.3100,68.6800,66.7200,68.0200,67.7000,507301,34333389.0000,3,1.520686,1,0.472673,6.258263,42.871238,9.839800,51.934303,0,0.47267355982274495
2017-11-21,sh.603096,68.2600,70.4600,66.6600,69.9800,68.0200,761893,52174211.0000,3,2.283852,1,2.881516,6.438595,44.106575,10.123334,53.430793,0,2.881505439576615
2017-11-22,sh.603096,69.3400,70.1400,67.5100,68.4900,69.9800,562127,38699409.0000,3,1.685033,1,-2.129187,6.301506,43.167467,9.907790,52.293155,0,-2.1291797656473377
2017-11-23,sh.603096,68.4900,68.4900,63.5100,63.7800,68.4900,850998,56218561.0000,3,2.550953,1,-6.876915,5.868156,40.198877,9.226440,48.696999,0,-6.876916338151551
2017-11-24,sh.603096,62.7000,65.5000,62.7000,63.7600,63.7800,726020,46672083.0000,3,2.176319,1,-0.031359,5.866316,40.186271,9.223547,48.681728,0,-0.03135779241142389
2017-11-27,sh.603096,63.5000,63.5000,59.5700,60.3000,63.7600,588400,36306962.0000,3,1.763789,1,-5.426599,5.547975,38.005523,8.723022,46.039966,0,-5.426599749058969
2017-11-28,sh.603096,60.2300,62.1300,60.2300,61.0500,60.3000,540786,33134929.0000,3,1.621061,1,1.243781,5.616979,38.478229,8.831517,46.612602,0,1.243781094527363
2017-11-29,sh.603096,60.5100,61.6600,59.5000,61.1900,61.0500,853309,51436946.0000,3,2.557881,1,0.229319,5.629860,38.566467,8.851769,46.719494,0,0.229320229320229
2017-11-30,sh.603096,61.1800,63.4800,60.3100,62.4000,61.1900,548764,34288763.0000,3,1.644976,1,1.977452,5.741188,39.329098,9.026809,47.643348,0,1.9774472953096867
2017-12-01,sh.603096,61.7500,65.9900,61.7500,64.6800,62.4000,813969,52632235.0000,3,2.439955,1,3.653844,5.950962,40.766123,9.356634,49.384162,0,3.653846153846163
2017-12-04,sh.603096,64.0100,65.0500,61.0000,62.3800,64.6800,653132,41666429.0000,3,1.957830,1,-3.555967,5.739348,39.316493,9.023915,47.628077,0,-3.5559678416821283
2017-12-05,sh.603096,61.0000,64.2600,60.0000,60.9700,62.3800,519598,31963606.0000,3,1.557548,1,-2.260340,5.609619,38.427807,8.819944,46.551521,0,-2.260339852516835
2017-12-06,sh.603096,61.5400,62.4700,60.6800,61.9400,60.9700,770955,47614966.0000,3,2.311016,1,1.590942,5.698865,39.039172,8.960265,47.292131,0,1.5909463670657598
2017-12-07,sh.603096,61.2200,62.2500,60.0000,60.3900,61.9400,466180,28389535.0000,3,1.397422,1,-2.502420,5.556255,38.062248,8.736041,46.108682,0,-2.5024216984178227
2017-12-08,sh.603096,60.3800,63.3800,59.7100,62.5900,60.3900,503400,31311496.0000,3,1.508993,1,3.642989,5.758669,39.448850,9.054294,47.788416,0,3.642987249544638
2017-12-11,sh.603096,61.9900,67.2400,61.9900,66.2500,62.5900,911624,59433619.0000,3,2.732686,1,5.847579,6.095412,41.755653,9.583751,50.582881,0,5.847579485540821
2017-12-12,sh.603096,65.6000,67.2000,65.2100,65.2900,66.2500,770493,50940067.0000,3,2.309631,1,-1.449055,6.007086,41.150590,9.444877,49.849907,0,-1.4490566037735797
2017-12-13,sh.603096,65.8800,66.9900,65.3000,66.9300,65.2900,725695,48026244.0000,3,2.175345,1,2.511869,6.157976,42.184240,9.682120,51.102072,0,2.5118701179353664
2017-12-14,sh.603096,66.2500,69.2000,66.2500,68.9900,66.9300,710393,48508243.0000,3,2.129475,1,3.077839,6.347509,43.482604,9.980121,52.674913,0,3.0778425220379324
2017-12-15,sh.603096,69.4100,69.4100,66.0000,67.4100,68.9900,592353,39937714.0000,3,1.775638,1,-2.290179,6.202139,42.486771,9.751557,51.468559,0,-2.290186983620812
2017-12-18,sh.603096,67.4100,67.7900,64.8000,65.8700,67.4100,359952,23689988.0000,3,1.078993,1,-2.284529,6.060449,41.516149,9.528780,50.292745,0,-2.2845275181723634
2017-12-19,sh.603096,65.5000,66.8000,65.0000,65.3500,65.8700,574613,37737424.0000,3,1.722461,1,-0.789440,6.012606,41.188407,9.453557,49.895718,0,-0.7894337331106893
2017-12-20,sh.603096,65.3500,65.3900,64.0000,64.8600,65.3500,308297,19894125.0000,3,0.924152,1,-0.749806,5.967523,40.879573,9.382673,49.521595,0,-0.7498087222647221
2017-12-21,sh.603096,64.5200,65.5000,64.1300,64.8400,64.8600,458601,29823563.0000,3,1.374703,1,-0.030842,5.965683,40.866967,9.379780,49.506325,0,-0.03083564600677713
2017-12-22,sh.603096,65.1700,67.5000,64.5100,67.1100,64.8400,681943,45160728.0000,3,2.044194,1,3.500932,6.174537,42.297689,9.708159,51.239504,0,3.5009253547193087
2017-12-25,sh.603096,67.0000,67.0500,60.4000,62.5400,67.1100,1327286,83815633.0000,3,3.978675,1,-6.809715,5.754069,39.417337,9.047061,47.750240,0,-6.809715392638949
2017-12-26,sh.603096,62.6500,65.3000,62.4500,65.0800,62.5400,623892,39897305.0000,3,1.870180,1,4.061402,5.987764,41.018233,9.414498,49.689568,0,4.061400703549722
2017-12-27,sh.603096,65.6700,65.9800,63.8100,63.9800,65.0800,492099,31982614.0000,3,1.475117,1,-1.690231,5.886558,40.324931,9.255372,48.849702,0,-1.6902274124154903
2017-12-28,sh.603096,64.0000,65.7800,63.0000,65.4100,63.9800,365050,23666031.0000,3,1.094275,1,2.235080,6.018126,41.226223,9.462236,49.941528,0,2.2350734604563938
2017-12-29,sh.603096,65.5000,67.5000,65.1000,67.2700,65.4100,708274,47234779.0000,3,2.123124,1,2.843591,6.189258,42.398533,9.731305,51.361667,0,2.8436018957346043
2018-01-02,sh.603096,66.9300,68.3000,66.2800,67.7800,67.2700,364370,24677026.0000,3,1.092236,1,0.758142,6.236181,42.719973,9.805081,51.751059,0,0.758138843466627
2018-01-03,sh.603096,67.5000,68.0000,65.0000,65.6200,67.7800,557986,36899011.0000,3,1.672620,1,-3.186775,6.037448,41.358581,9.492615,50.101867,0,-3.1867807612865118
2018-01-04,sh.603096,65.9000,66.3000,63.8000,64.4200,65.6200,498758,32295588.0000,3,1.495078,1,-1.828718,5.927040,40.602252,9.319023,49.185648,0,-1.8287107589149643
2018-01-05,sh.603096,64.0100,64.9100,62.4700,63.2500,64.4200,739479,46788232.0000,3,2.216664,1,-1.816203,5.819393,39.864831,9.149770,48.292336,0,-1.8162061471592716
2018-01-08,sh.603096,63.4100,63.6000,60.6600,61.6100,63.2500,734319,45149685.0000,3,2.201196,1,-2.592884,5.668503,38.831182,8.912527,47.040171,0,-2.5928853754940695
2018-01-09,sh.603096,61.3000,62.0900,60.8500,61.5400,61.6100,871621,53438203.0000,3,2.612773,1,-0.113617,5.662062,38.787063,8.902401,46.986725,0,-0.11361791916896236
2018-01-10,sh.603096,61.6000,62.1500,59.0100,59.5900,61.5400,950287,57852501.0000,3,2.848582,1,-3.168672,5.482650,37.558028,8.620313,45.497870,0,-3.1686707832304095
2018-01-11,sh.603096,59.4000,64.0600,59.0100,63.2300,59.5900,994656,61858245.0000,3,2.981583,1,6.108407,5.817553,39.852226,9.146877,48.277065,0,6.108407450914566
2018-01-12,sh.603096,63.0100,63.6900,62.5200,62.8200,63.2300,384792,24291092.0000,3,1.153453,1,-0.648426,5.779830,39.593814,9.087566,47.964024,0,-0.6484263798829604
2018-01-15,sh.603096,62.2200,63.4300,60.6000,61.2200,62.8200,740100,45350229.0000,3,2.218525,1,-2.546957,5.632620,38.585375,8.856109,46.742400,0,-2.546959567016871
2018-01-16,sh.603096,61.0000,62.3300,60.7300,61.3100,61.2200,356564,21899085.0000,3,1.068837,1,0.147011,5.640901,38.642100,8.869129,46.811116,0,0.1470107807906018
2018-01-17,sh.603096,60.9200,62.8000,59.6800,62.4800,61.3100,478230,29245616.0000,3,1.433543,1,1.908332,5.748548,39.379520,9.038381,47.704429,0,1.9083346925460765
2018-01-18,sh.603096,62.2200,62.2200,60.6000,60.9800,62.4800,304959,18638977.0000,3,0.914146,1,-2.400768,5.610539,38.434109,8.821391,46.559156,0,-2.400768245838669
2018-01-19,sh.603096,60.5000,61.4900,60.0000,60.0100,60.9800,291228,17617313.0000,3,0.872986,1,-1.590687,5.521293,37.822744,8.681070,45.818546,0,-1.5906854706461138
2018-01-22,sh.603096,60.0500,62.0900,58.9600,61.5500,60.0100,565557,34559513.0000,3,1.695315,1,2.566241,5.662982,38.793366,8.903847,46.994360,0,2.566238960173295
2018-01-23,sh.603096,61.5500,62.2900,61.5400,61.8300,61.5500,325639,20132743.0000,3,0.976136,1,0.454919,5.688744,38.969842,8.944352,47.208144,0,0.45491470349310337
2018-01-24,sh.603096,61.6000,65.2400,61.1800,63.8700,61.8300,939673,59869469.0000,3,2.816766,1,3.299365,5.876437,40.255601,9.239459,48.765715,0,3.2993692382338624
2018-01-25,sh.603096,63.1000,66.8900,63.1000,64.8800,63.8700,953170,62820744.0000,3,2.857224,1,1.581334,5.969363,40.892178,9.385566,49.536865,0,1.5813370909660174
2018-01-26,sh.603096,64.4800,65.8000,62.5200,62.5800,64.8800,733126,46935671.0000,3,2.197620,1,-3.544999,5.757749,39.442548,9.052847,47.780780,0,-3.545006165228104
2018-01-29,sh.603096,63.6400,64.2000,62.0100,62.5700,62.5800,435813,27565160.0000,3,1.306394,1,-0.015983,5.756829,39.436245,9.051401,47.773145,0,-0.015979546180888704
2018-01-30,sh.603096,63.1000,65.3800,62.2100,65.1000,62.5700,926112,59995067.0000,3,2.776115,1,4.043469,5.989605,41.030838,9.417392,49.704839,0,4.043471312130409
2018-01-31,sh.603096,64.7100,65.6400,62.5000,64.2200,65.1000,450384,28724527.0000,3,1.350072,1,-1.351762,5.908639,40.476197,9.290090,49.032945,0,-1.351766513056829
2018-02-01,sh.603096,64.2000,64.6800,61.1700,62.2000,64.2200,603258,37798401.0000,3,1.808327,1,-3.145438,5.722787,39.203044,8.997876,47.490645,0,-3.145437558393016
2018-02-02,sh.603096,62.1800,63.4500,60.3000,62.5400,62.2000,265700,16609756.0000,3,0.796463,1,0.546624,5.754069,39.417337,9.047061,47.750240,0,0.5466237942122198
2018-02-05,sh.603096,61.7000,62.0800,60.6000,61.1800,62.5400,335205,20471805.0000,3,1.004811,1,-2.174609,5.628940,38.560164,8.850323,46.711859,0,-2.174608250719534
2018-02-06,sh.603096,60.0000,62.0000,59.5000,59.6100,61.1800,427951,25889100.0000,3,1.282827,1,-2.566197,5.484490,37.570634,8.623206,45.513140,0,-2.5661981039555415
2018-02-07,sh.603096,60.1200,60.9900,57.9000,60.5700,59.6100,585722,34682196.0000,3,1.755761,1,1.610466,5.572816,38.175697,8.762080,46.246115,0,1.610468042274782
2018-02-08,sh.603096,60.0000,61.7500,59.2200,60.3600,60.5700,247224,15007747.0000,3,0.741079,1,-0.346705,5.553495,38.043339,8.731701,46.085777,0,-0.34670629024269317
2018-02-09,sh.603096,60.0000,61.5800,56.0000,60.7900,60.3600,599168,35287971.0000,3,1.796067,1,0.712393,5.593058,38.314357,8.793905,46.414088,0,0.7123923127899223
2018-02-12,sh.603096,60.7900,61.3800,60.0000,61.3600,60.7900,316852,19263830.0000,3,0.949796,1,0.937654,5.645501,38.673613,8.876362,46.849292,0,0.9376542194439841
2018-02-13,sh.603096,61.3900,62.5000,60.6300,62.3900,61.3600,336578,20871610.0000,3,1.008927,1,1.678616,5.740268,39.322796,9.025362,47.635713,0,1.6786179921773225
2018-02-14,sh.603096,62.5500,62.7500,61.7800,62.4800,62.3900,140602,8766790.0000,3,0.421469,1,0.144254,5.748548,39.379520,9.038381,47.704429,0,0.1442538868408283
2018-02-22,sh.603096,63.3000,64.1500,63.0000,63.8800,62.4800,285926,18238306.0000,3,0.857092,1,2.240720,5.877357,40.261904,9.240906,48.773350,0,2.240717029449435
2018-02-23,sh.603096,63.8800,64.9600,63.0600,63.3300,63.8800,231601,14835673.0000,3,0.694248,1,-0.860988,5.826754,39.915253,9.161343,48.353417,0,-0.8609893550407088
2018-02-26,sh.603096,63.5000,64.9300,63.0000,64.3300,63.3300,259693,16654697.0000,3,0.778456,1,1.579030,5.918760,40.545527,9.306003,49.116932,0,1.579030475288179
2018-02-27,sh.603096,63.9900,67.0200,62.2000,65.6300,64.3300,443295,29102710.0000,3,1.328822,1,2.020823,6.038368,41.364883,9.494062,50.109502,0,2.020830094823567
2018-02-28,sh.603096,66.0400,70.2700,65.4500,69.2600,65.6300,882377,60235151.0000,3,2.645015,1,5.531015,6.372350,43.652778,10.019179,52.881062,0,5.531007161359147
2018-03-01,sh.603096,68.8000,70.5000,67.9000,68.8900,69.2600,914975,63087222.0000,3,2.742731,1,-0.534223,6.338308,43.419577,9.965655,52.598561,0,-0.5342188853595164
2018-03-02,sh.603096,68.6000,69.3000,67.2500,68.0800,68.8900,321282,21930150.0000,3,0.963076,1,-1.175784,6.263783,42.909055,9.848480,51.980114,0,-1.1757874872985963
2018-03-05,sh.603096,67.9900,71.2800,67.9900,70.0000,68.0800,625678,43806331.0000,3,1.875534,1,2.820209,6.440435,44.119181,10.126228,53.446063,0,2.820211515863691
2018-03-06,sh.603096,69.8600,73.6600,69.5000,71.7400,70.0000,558150,40189545.0000,3,1.673112,1,2.485711,6.600526,45.215858,10.377937,54.774580,0,2.485714285714269
2018-03-07,sh.603096,72.0000,72.0000,69.2500,69.8100,71.7400,510551,35737952.0000,3,1.530429,1,-2.690271,6.422954,43.999429,10.098742,53.300995,0,-2.69027042096458
2018-03-08,sh.603096,70.0000,70.4300,69.1200,69.7700,69.8100,316000,22050150.0000,3,0.947242,1,-0.057300,6.419274,43.974218,10.092956,53.270455,0,-0.05729838132073617
2018-03-09,sh.603096,69.9100,73.5000,69.9100,72.4500,69.7700,511570,36907622.0000,3,1.533483,1,3.841193,6.665850,45.663352,10.480646,55.316675,0,3.8411924896087246
2018-03-12,sh.603096,72.4500,76.0000,71.6700,75.2600,72.4500,811142,60161925.0000,3,2.431481,1,3.878544,6.924388,47.434422,10.887141,57.462153,0,3.8785369220151855
2018-03-13,sh.603096,75.0100,80.0000,75.0000,77.9800,75.2600,961428,74778968.0000,3,2.881978,1,3.614139,7.174645,49.148768,11.280617,59.538914,0,3.614137656125438
2018-03-14,sh.603096,77.8000,78.7600,74.0000,74.8900,77.9800,526101,40257994.0000,3,1.577041,1,-3.962559,6.890345,47.201221,10.833617,57.179652,0,-3.9625545011541474
2018-03-15,sh.603096,76.0000,76.0000,72.6000,72.9600,74.8900,813854,59876631.0000,3,2.439610,1,-2.577114,6.712773,45.984792,10.554422,55.706068,0,-2.5771130992121916
2018-03-16,sh.603096,73.1900,74.4600,72.0100,72.7300,72.9600,627564,45871754.0000,3,1.881187,1,-0.315235,6.691612,45.839829,10.521150,55.530460,0,-0.3152412280701622
2018-03-19,sh.603096,73.1000,76.7800,72.7200,76.0100,72.7300,501500,37867789.0000,3,1.503297,1,4.509829,6.993392,47.907128,10.995637,58.034789,0,4.5098308813419585
2018-03-20,sh.603096,75.7500,76.7500,74.2000,74.6500,76.0100,395100,29564261.0000,3,1.184353,1,-1.789239,6.868264,47.049955,10.798898,56.996409,0,-1.7892382581239263
2018-03-21,sh.603096,74.7700,75.1800,73.3300,73.9900,74.6500,249552,18579598.0000,3,0.748058,1,-0.884131,6.807540,46.633974,10.703423,56.492489,0,-0.884125920964518
2018-03-22,sh.603096,74.9800,75.3800,69.7000,70.0000,73.9900,835770,59713958.0000,3,2.505306,1,-5.392618,6.440435,44.119181,10.126228,53.446063,0,-5.3926206244086945
2018-03-23,sh.603096,68.7500,72.6600,66.6000,70.1200,70.0000,1052014,73483646.0000,3,3.153519,1,0.171432,6.451476,44.194814,10.143587,53.537685,0,0.17142857142857792
2018-03-26,sh.603096,69.4900,72.8800,68.5000,72.5900,70.1200,501497,35934167.0000,3,1.503288,1,3.522523,6.678731,45.751591,10.500898,55.423567,0,3.5225328009127255
2018-03-27,sh.603096,73.1000,75.9500,72.3100,73.9700,72.5900,519005,38721150.0000,3,1.555770,1,1.901095,6.805700,46.621369,10.700529,56.477218,0,1.9010883041741256
2018-03-28,sh.603096,74.6800,75.5500,73.0500,73.5500,73.9700,663664,49180217.0000,3,1.989400,1,-0.567795,6.767057,46.356654,10.639772,56.156542,0,-0.567797755846966
2018-03-29,sh.603096,73.5400,74.9000,70.0100,70.6300,73.5500,946198,69067663.0000,3,2.836325,1,-3.970096,6.498399,44.516254,10.217364,53.927078,0,-3.970088375254932
2018-03-30,sh.603096,69.0000,77.6900,69.0000,77.6900,70.6300,1326323,100142748.0000,3,3.975788,1,9.995760,6.861724,45.031017,11.082687,-55.972003,0,9.995752513096413
2018-04-02,sh.603096,81.2000,81.9900,77.3100,78.2800,77.6900,1130098,88986740.0000,3,3.387584,1,0.759424,6.913834,45.372995,11.166852,-56.397071,0,0.75942849787618
2018-04-03,sh.603096,79.1200,79.1200,76.1500,76.6100,78.2800,828084,63911585.0000,3,2.482266,1,-2.133365,6.766336,44.405022,10.928622,-55.193914,0,-2.1333673990802215
2018-04-04,sh.603096,77.5000,77.7000,73.5000,74.3100,76.6100,834846,63096162.0000,3,2.502536,1,-3.002223,6.563196,43.071886,10.600521,-53.536872,0,-3.002219031458031
2018-04-09,sh.603096,74.2800,78.5800,73.5000,77.5000,74.3100,796233,61280544.0000,3,2.386790,1,4.292831,6.844943,44.920888,11.055583,-55.835117,0,4.29282734490648
2018-04-10,sh.603096,77.5000,81.4500,77.5000,80.8000,77.5000,949817,75720949.0000,3,2.847173,1,4.258068,7.136405,46.833649,11.526337,-58.212612,0,4.258064516129023
2018-04-11,sh.603096,78.9000,82.9800,78.9000,79.6100,80.8000,474838,38388294.0000,3,1.423375,1,-1.472775,7.031302,46.143896,11.356580,-57.355273,0,-1.4727722772277185
2018-04-12,sh.603096,80.3100,81.6300,78.2000,78.9600,79.6100,593346,47490006.0000,3,1.778615,1,-0.816482,6.973893,45.767140,11.263856,-56.886979,0,-0.8164803416656263
2018-04-13,sh.603096,79.8300,79.8300,76.5800,78.0300,78.9600,665981,51604924.0000,3,1.996346,1,-1.177812,6.891753,45.228089,11.131189,-56.216957,0,-1.1778115501519637
2018-04-16,sh.603096,78.6500,80.7900,76.2000,78.6000,78.0300,886496,69581582.0000,3,2.657362,1,0.730488,6.942097,45.558475,11.212501,-56.627616,0,0.7304882737408702
2018-04-17,sh.603096,79.0000,81.7700,77.8500,78.3900,78.6000,550442,43845430.0000,3,1.650006,1,-0.267174,6.923549,45.436754,11.182544,-56.476320,0,-0.26717557251907387
2018-04-18,sh.603096,80.0000,80.2000,76.0100,79.3100,78.3900,928683,72247757.0000,3,2.783822,1,1.173617,7.004805,45.970008,11.313785,-57.139137,0,1.173619084066857
2018-04-19,sh.603096,78.9900,81.5000,77.5000,81.4300,79.3100,783705,63066400.0000,3,2.349236,1,2.673059,7.192048,47.198812,11.616208,-58.666498,0,2.673055100239563
2018-04-20,sh.603096,80.8600,82.4500,79.0000,79.8000,81.4300,518833,41945146.0000,3,1.555255,1,-2.001716,7.048083,46.254024,11.383684,-57.492159,0,-2.0017192680830243
2018-04-23,sh.603096,79.8700,82.6800,76.8000,78.1200,79.8000,791942,62432107.0000,3,2.373927,1,-2.105263,6.899702,45.280255,11.144028,-56.281798,0,-2.1052631578947323
2018-04-24,sh.603096,78.0000,79.4800,76.5800,78.0800,78.1200,387785,30255727.0000,3,1.162425,1,-0.051204,6.896169,45.257070,11.138322,-56.252980,0,-0.051203277009737036
2018-04-25,sh.603096,77.5000,78.7700,74.8200,75.8500,78.0800,871707,66329349.0000,3,1.656608,1,-2.856049,6.699212,43.964508,10.820206,-54.646369,0,-2.856045081967218
2018-04-26,sh.603096,76.3500,79.4900,76.0000,77.0900,75.8500,568519,44268150.0000,3,1.080424,1,1.634803,6.808731,44.683242,10.997096,-55.539731,0,1.634805537244577
2018-04-27,sh.603096,76.2500,78.7900,76.2500,77.9200,77.0900,270832,21106251.0000,3,0.514694,1,1.076666,6.882038,45.164330,11.115497,-56.137707,0,1.0766636399014207
2018-05-02,sh.603096,76.0800,79.8000,74.5500,78.2100,77.9200,924177,71796528.0000,3,1.756323,1,0.372178,6.643710,43.612442,11.011709,136.008387,0,0.3721765913757613
2018-05-03,sh.603096,77.9700,79.2300,75.5000,77.5000,78.2100,608940,46837435.0000,3,1.157241,1,-0.907811,6.583397,43.216523,10.911744,134.773686,0,-0.9078123002173588
2018-05-04,sh.603096,76.2400,84.4800,76.2400,83.9100,77.5000,931101,75113938.0000,3,1.769481,1,8.270972,7.127908,46.790947,11.814251,145.920774,0,8.270967741935475
2018-05-07,sh.603096,83.3400,86.7700,82.5200,85.1800,83.9100,445940,37658708.0000,3,0.847472,1,1.513522,7.235791,47.499141,11.993062,148.129323,0,1.513526397330489
2018-05-08,sh.603096,85.1800,85.9800,84.2400,85.1100,85.1800,397635,33854915.0000,3,0.755673,1,-0.082179,7.229844,47.460107,11.983207,148.007592,0,-0.08217891523832899
2018-05-09,sh.603096,84.9900,88.6000,84.2800,87.1400,85.1100,430281,37401523.0000,3,0.817714,1,2.385147,7.402287,48.592101,12.269024,151.537793,0,2.385148631183176
2018-05-10,sh.603096,86.8000,89.8000,86.0100,86.9200,87.1400,534382,47108594.0000,3,1.015549,1,-0.252469,7.383599,48.469421,12.238049,151.155210,0,-0.2524672940096395
2018-05-11,sh.603096,86.7000,89.7800,85.6100,87.0600,86.9200,407800,35615977.0000,3,0.774990,1,0.161067,7.395491,48.547490,12.257760,151.398672,0,0.16106764841232746
2018-05-14,sh.603096,88.0000,89.5000,86.6600,87.7700,86.4600,298022,26088823.0000,3,0.566366,1,1.515149,7.455804,48.943409,12.357726,152.633373,0,0.8155295198713386
2018-05-15,sh.603096,87.7700,95.9700,87.7700,94.7500,87.7700,552025,50893279.0000,3,1.049078,1,7.952608,8.048734,52.835684,13.340487,164.771700,0,7.952603395237556
2018-05-16,sh.603096,94.0000,98.5000,91.0500,91.6500,94.7500,898205,84203149.0000,3,1.706965,1,-3.271766,7.785398,51.107023,12.904017,159.380752,0,-3.2717678100263825
2018-05-17,sh.603096,92.5800,92.8600,88.9100,89.5300,91.6500,452859,40775846.0000,3,0.860621,1,-2.313151,7.605310,49.924842,12.605528,155.694040,0,-2.3131478450627463
2018-05-18,sh.603096,90.1600,91.4200,89.1200,89.5500,89.5300,352600,31766034.0000,3,0.670087,1,0.022344,7.607009,49.935995,12.608344,155.728820,0,0.02233888082205926
2018-05-21,sh.603096,89.1000,94.2500,89.1000,91.0400,89.5500,442300,40755332.0000,3,0.840555,1,1.663872,7.733580,50.766868,12.818131,158.319953,0,1.663874930206588
2018-05-22,sh.603096,91.0500,95.3000,90.9600,92.0100,91.0400,325110,29985209.0000,3,0.617845,1,1.065467,7.815979,51.307771,12.954704,160.006798,0,1.065465729349735
2018-05-23,sh.603096,92.4400,93.9800,89.6600,90.9500,92.0100,432228,39313502.0000,3,0.821414,1,-1.152054,7.725935,50.716681,12.805459,158.163441,0,-1.1520486903597416
2018-05-24,sh.603096,91.1100,92.8500,89.1000,89.7500,90.9500,297679,27015376.0000,3,0.565715,1,-1.319403,7.623999,50.047522,12.636503,156.076623,0,-1.319406267179768
2018-05-25,sh.603096,89.0000,90.2900,85.0900,88.6600,89.7500,675797,58893730.0000,3,1.284297,1,-1.214481,7.531406,49.439702,12.483035,154.181096,0,-1.2144846796657394
2018-05-28,sh.603096,88.6600,88.8800,86.0000,86.9900,88.6600,457452,39904031.0000,3,0.869350,1,-1.883607,7.389545,48.508456,12.247904,151.276941,0,-1.88360027069705
2018-05-29,sh.603096,86.0000,91.0000,85.5400,87.8600,86.9900,438448,39044253.0000,3,0.833235,1,1.000118,7.463449,48.993596,12.370398,152.789884,0,1.0001149557420375
2018-05-30,sh.603096,87.7000,88.6600,83.2000,87.2600,87.8600,433710,37405757.0000,3,0.824230,1,-0.682903,7.412481,48.659016,12.285920,151.746475,0,-0.6829046209879341
2018-05-31,sh.603096,86.9500,88.9800,86.1700,87.8800,87.2600,380676,33592700.0000,3,0.723444,1,0.710515,7.465148,49.004749,12.373213,152.824664,0,0.7105202842081049
2018-06-01,sh.603096,87.8600,88.6800,84.8000,86.1000,87.8800,503318,43280571.0000,3,0.956515,1,-2.025488,7.313942,48.012163,12.122595,149.729217,0,-2.0254893035958177
2018-06-04,sh.603096,86.0000,88.0000,82.5200,86.0300,86.1000,913852,76317067.0000,3,1.736701,1,-0.081300,7.307996,47.973128,12.112740,149.607486,0,-0.08130081300812275
2018-06-05,sh.603096,85.1900,86.4900,84.0800,85.6800,86.0300,547804,46722608.0000,3,1.041057,1,-0.406833,7.278264,47.777957,12.063461,148.998831,0,-0.40683482506101987
2018-06-06,sh.603096,85.8100,90.0000,85.5900,88.0100,85.6800,703584,61959101.0000,3,1.337104,1,2.719423,7.476191,49.077241,12.391517,153.050736,0,2.7194211017740333
2018-06-07,sh.603096,87.7000,88.6500,84.6000,85.4600,88.0100,426776,36654987.0000,3,0.811053,1,-2.897401,7.259576,47.655278,12.032485,148.616247,0,-2.897398022951947
2018-06-08,sh.603096,85.0000,85.7900,83.5000,85.4800,85.4600,410350,34616722.0000,3,0.779837,1,0.023408,7.261275,47.666431,12.035301,148.651028,0,0.023402761525881388
2018-06-11,sh.603096,85.9100,88.1800,85.0400,85.6600,85.4800,448895,38913408.0000,3,0.853088,1,0.210576,7.276565,47.766804,12.060645,148.964050,0,0.21057557323349574
2018-06-12,sh.603096,85.6600,89.8900,84.5900,89.7300,85.6600,336279,29404946.0000,3,0.639071,1,4.751342,7.622300,50.036369,12.633687,156.041843,0,4.751342516927393
2018-06-13,sh.603096,89.7300,91.9900,88.5100,89.3100,89.7300,290406,26297705.0000,3,0.551893,1,-0.468077,7.586622,49.802163,12.574553,155.311456,0,-0.4680708793045829
2018-06-14,sh.603096,89.3100,90.7500,87.6400,90.6900,89.3100,120079,10706874.0000,3,0.228200,1,1.545185,7.703849,50.571696,12.768852,157.711297,0,1.5451797111185606
2018-06-15,sh.603096,90.6900,91.1500,87.6800,90.0600,90.6900,276406,24757542.0000,3,0.525287,1,-0.694680,7.650332,50.220388,12.680150,156.615718,0,-0.694674164737008
2018-06-19,sh.603096,88.7000,89.6500,84.0000,85.2000,90.0600,500595,42897539.0000,3,0.951340,1,-5.396403,7.237490,47.510293,11.995878,148.164103,0,-5.396402398401068
2018-06-20,sh.603096,85.0000,85.4500,83.7600,84.3800,85.2000,451246,38174403.0000,3,0.857556,1,-0.962441,7.167833,47.053035,11.880425,146.738111,0,-0.9624413145539967
2018-06-21,sh.603096,84.1500,85.9400,81.0300,81.3000,84.3800,505128,42282615.0000,3,0.959954,1,-3.650147,6.906196,45.335526,11.446771,141.381944,0,-3.6501540649443
2018-06-22,sh.603096,80.9000,83.5800,74.0100,81.1300,81.3000,553587,44556853.0000,3,1.052047,1,-0.209109,6.891755,45.240729,11.422836,141.086311,0,-0.20910209102090738
2018-06-25,sh.603096,81.5100,83.2700,79.0600,81.3300,81.1300,146939,11936784.0000,3,0.279246,1,0.246524,6.908744,45.352255,11.450995,141.434114,0,0.24651793417971302
2018-06-26,sh.603096,79.1300,81.9700,79.1000,81.1600,81.3300,178200,14453455.0000,3,0.338655,1,-0.209023,6.894303,45.257458,11.427060,141.138482,0,-0.20902496003935012
2018-06-27,sh.603096,82.1000,83.7000,81.2000,82.0000,81.1600,286093,23655407.0000,3,0.543696,1,1.034988,6.965659,45.725869,11.545329,142.599255,0,1.0349926071956617
2018-06-28,sh.603096,82.9800,82.9800,79.1000,79.2300,82.0000,162754,13188240.0000,3,0.309301,1,-3.378045,6.730356,44.181227,11.155322,137.782182,0,-3.3780487804877968
2018-06-29,sh.603096,79.2500,84.7000,78.5900,83.7800,79.2300,218961,17943602.0000,3,0.416117,1,5.742768,7.116865,46.718455,11.795947,145.694702,0,5.74277420169127
2018-07-02,sh.603096,83.0000,86.2000,82.0100,85.1000,83.7800,156027,13284042.0000,3,0.296517,1,1.575555,7.228995,47.454530,11.981799,147.990202,0,1.5755550250656336
2018-07-03,sh.603096,85.7000,87.2000,84.3600,87.1200,85.1000,168422,14480774.0000,3,0.320072,1,2.373683,7.400588,48.580948,12.266208,151.503013,0,2.373678025851955
2018-07-04,sh.603096,86.5000,87.5900,85.3000,86.2600,87.1200,103367,8924794.0000,3,0.196441,1,-0.987145,7.327533,48.101384,12.145123,150.007460,0,-0.9871441689623506
2018-07-05,sh.603096,84.9900,87.0800,82.0600,84.9000,86.2600,378137,32120877.0000,3,0.718618,1,-1.576630,7.212005,47.343004,11.953639,147.642399,0,-1.5766287966612613
2018-07-06,sh.603096,83.3800,86.1000,82.6700,84.1500,84.9000,203000,17130223.0000,3,0.385785,1,-0.883392,7.148295,46.924779,11.848042,146.338137,0,-0.8833922261484051
2018-07-09,sh.603096,82.4700,86.8600,82.4700,85.8100,84.1500,135800,11607954.0000,3,0.258077,1,1.972663,7.289307,47.850449,12.081764,149.224903,0,1.9726678550207932
2018-07-10,sh.603096,85.8400,89.3900,85.8100,88.4000,85.8100,298395,26297241.0000,3,0.567075,1,3.018301,7.509320,49.294718,12.446428,153.728952,0,3.018296235869955
2018-07-11,sh.603096,86.5800,88.2600,86.5800,87.8600,88.4000,57500,5042051.0000,3,0.109274,1,-0.610861,7.463449,48.993596,12.370398,152.789884,0,-0.6108597285067963
2018-07-12,sh.603096,88.1100,96.0300,86.8800,92.6500,87.8600,270053,25117126.0000,3,0.513214,1,5.451856,7.870345,51.664656,13.044814,161.119767,0,5.451855224220359
2018-07-13,sh.603096,94.2000,95.2900,90.5000,92.4600,92.6500,193144,17856088.0000,3,0.367054,1,-0.205075,7.854205,51.558706,13.018062,160.789355,0,-0.20507285483001292
2018-07-16,sh.603096,92.4600,96.5000,90.8000,95.9400,92.4600,184560,17271387.0000,3,0.350741,1,3.763793,8.149821,53.499267,13.508035,166.841128,0,3.7637897469176007
2018-07-17,sh.603096,93.8100,96.8000,92.0400,95.6800,95.9400,130921,12341740.0000,3,0.248805,1,-0.271005,8.127735,53.354283,13.471428,166.388984,0,-0.27100271002709064
2018-07-18,sh.603096,95.5000,104.9300,94.0300,99.9900,95.6800,492107,49354575.0000,3,0.935209,1,4.504596,8.493857,55.757679,14.078261,173.884140,0,4.5045986622073375
2018-07-19,sh.603096,99.9200,101.9000,98.2400,100.2200,99.9900,263239,26298099.0000,3,0.500264,1,0.230026,8.513394,55.885934,14.110645,174.284113,0,0.2300230023002392
2018-07-20,sh.603096,99.2500,100.2100,95.7100,96.3900,100.2200,370454,36162690.0000,3,0.704017,1,-3.821594,8.188047,53.750202,13.571393,167.623685,0,-3.8215924965076864
2018-07-23,sh.603096,95.9400,98.8000,86.7500,88.0700,96.3900,1171511,105875996.0000,3,2.226361,1,-8.631600,7.481288,49.110699,12.399965,153.155077,0,-8.631600788463544
2018-07-24,sh.603096,87.8000,91.6000,87.0400,89.1100,88.0700,632133,57054418.0000,3,1.201317,1,1.180880,7.569633,49.690637,12.546393,154.963653,0,1.180878846372213
2018-07-25,sh.603096,88.6300,98.0200,88.6300,93.8100,89.1100,475887,44710780.0000,3,0.904384,1,5.274377,7.968884,52.311510,13.208138,163.137025,0,5.274379979800248
2018-07-26,sh.603096,94.2200,94.4700,91.0800,91.5600,93.8100,173800,15981961.0000,3,0.330293,1,-2.398465,7.777753,51.056836,12.891345,159.224241,0,-2.3984649824112525
2018-07-27,sh.603096,92.5000,92.9900,88.1800,91.2300,91.5600,324904,29586308.0000,3,0.617453,1,-0.360413,7.749720,50.872818,12.844882,158.650366,0,-0.3604193971166403
2018-07-30,sh.603096,90.9700,90.9700,85.2100,85.7400,91.2300,445000,38795416.0000,3,0.845686,1,-6.017763,7.283361,47.811415,12.071909,149.103172,0,-6.0177573166721565
2018-07-31,sh.603096,86.0900,88.8000,84.1200,85.9700,85.7400,469478,40422897.0000,3,0.892204,1,0.268257,7.302899,47.939671,12.104292,149.503145,0,0.2682528574760923
2018-08-01,sh.603096,85.2200,87.6100,82.2300,83.5800,85.9700,671500,55885088.0000,3,1.276131,1,-2.780039,7.099875,46.606929,11.767788,145.346899,0,-2.780039548679769
2018-08-02,sh.603096,82.2400,83.4800,76.6600,79.1100,83.5800,790348,62994342.0000,3,1.501992,1,-5.348171,6.720162,44.114311,11.138426,137.573500,0,-5.3481694185211754
2018-08-03,sh.603096,78.1600,82.6300,77.0000,77.9400,79.1100,676701,53877124.0000,3,1.286015,1,-1.478951,6.620774,43.461881,10.973694,135.538852,0,-1.4789533560864654
2018-08-06,sh.603096,78.3000,79.4000,74.1800,77.2100,77.9400,534268,41323590.0000,3,1.015333,1,-0.936622,6.558763,43.054809,10.870913,134.269371,0,-0.9366179112137551
2018-08-07,sh.603096,76.7400,78.9000,75.0200,77.6500,77.2100,327735,25141528.0000,3,0.622834,1,0.569878,6.596139,43.300168,10.932863,135.034538,0,0.5698743686051166
2018-08-08,sh.603096,76.1200,76.6500,74.1900,74.5800,77.6500,697115,52253323.0000,3,1.324810,1,-3.953638,6.335352,41.588236,10.500617,129.695761,0,-3.953638119768199
2018-08-09,sh.603096,73.3900,76.6000,72.0000,74.9900,74.5800,774065,57962146.0000,3,1.471047,1,0.549740,6.370180,41.816865,10.558344,130.408757,0,0.5497452400107239
2018-08-10,sh.603096,74.8000,74.8000,67.7200,72.0800,74.9900,1166095,82898095.0000,3,2.216068,1,-3.880512,6.122984,40.194154,10.148626,125.348223,0,-3.880517402320305
2018-08-13,sh.603096,71.0000,72.0700,69.6300,71.0000,72.0800,819154,58375933.0000,3,1.537740,1,-1.498338,6.031241,39.591911,9.996565,123.470086,0,-1.4983351831298508
2018-08-14,sh.603096,72.2500,72.7500,71.2300,71.4000,71.0000,511298,36756891.0000,3,0.959824,1,0.563382,6.065220,39.814964,10.052884,124.165692,0,0.5633802816901401
2018-08-15,sh.603096,70.2300,71.4800,68.8000,69.4400,71.4000,349012,24349033.0000,3,0.655176,1,-2.745097,5.898724,38.722004,9.776922,120.757222,0,-2.7450980392156987
2018-08-16,sh.603096,68.3200,72.9900,68.2000,70.0500,69.4400,254330,17855953.0000,3,0.477436,1,0.878457,5.950542,39.062160,9.862808,121.818022,0,0.8784562211981539
2018-08-17,sh.603096,70.0000,71.8900,70.0000,71.1300,70.0500,314823,22346892.0000,3,0.590995,1,1.541748,6.042284,39.664403,10.014869,123.696158,0,1.541755888650953
2018-08-20,sh.603096,71.1300,72.6600,69.5300,72.5300,71.1300,415364,29629466.0000,3,0.779733,1,1.968229,6.161210,40.445089,10.211984,126.130780,0,1.9682271896527492
2018-08-21,sh.603096,72.5500,75.1500,71.5000,74.8000,72.5300,435192,32127819.0000,3,0.816955,1,3.129745,6.354040,41.710915,10.531593,130.078344,0,3.129739418171784
2018-08-22,sh.603096,71.8800,75.8800,71.8800,75.0000,74.8000,716672,53133323.0000,3,1.345358,1,0.267376,6.460328,43.275595,10.867630,85.845328,0,0.2673796791443861
2018-08-23,sh.603096,74.6800,77.7700,72.6100,77.2200,75.0000,286930,21914504.0000,3,0.538633,1,2.960002,6.651553,44.556552,11.189311,88.386350,0,2.960000000000007
2018-08-24,sh.603096,77.0800,79.9900,76.0000,79.3500,77.2200,309256,24444498.0000,3,0.580544,1,2.758349,6.835027,45.785579,11.497952,90.824357,0,2.7583527583527445
2018-08-27,sh.603096,79.4100,80.8000,77.7700,78.2000,79.3500,488341,38729212.0000,3,0.916728,1,-1.449277,6.735968,45.122020,11.331315,89.508062,0,-1.4492753623188248
2018-08-28,sh.603096,77.7100,78.6800,76.4600,78.6500,78.2000,277900,21585759.0000,3,0.521682,1,0.575453,6.774730,45.381674,11.396521,90.023134,0,0.5754475703324768
2018-08-29,sh.603096,77.1200,78.1900,76.5000,76.6700,78.6500,320300,24757244.0000,3,0.601277,1,-2.517487,6.604178,44.239198,11.109615,87.756818,0,-2.5174825174825277
2018-08-30,sh.603096,76.9300,77.4600,74.7900,75.0100,76.6700,348450,26270788.0000,3,0.654121,1,-2.165118,6.461189,43.281365,10.869079,85.856774,0,-2.165123255510626
2018-08-31,sh.603096,75.5000,78.6000,74.5800,75.6500,75.0100,198039,15183968.0000,3,0.371765,1,0.853219,6.516317,43.650650,10.961816,86.589321,0,0.8532195707239065
2018-09-03,sh.603096,76.9700,78.2900,73.5300,74.2400,75.6500,253081,18929634.0000,3,0.475091,1,-1.863851,6.394863,42.837069,10.757504,84.975429,0,-1.8638466622604266
2018-09-04,sh.603096,74.6400,77.6100,73.6800,77.0500,74.2400,341123,25826200.0000,3,0.640366,1,3.785029,6.636910,44.458461,11.164678,88.191767,0,3.7850215517241326
2018-09-05,sh.603096,77.0500,77.0700,75.0000,75.3000,77.0500,237489,18031533.0000,3,0.445821,1,-2.271252,6.486169,43.448697,10.911100,86.188710,0,-2.2712524334847495
2018-09-06,sh.603096,74.0000,75.8000,72.1700,75.0000,75.3000,192978,14345382.0000,3,0.362264,1,-0.398410,6.460328,43.275595,10.867630,85.845328,0,-0.3984063745019917
2018-09-07,sh.603096,75.7500,75.7500,73.7300,75.3700,75.0000,119400,8955614.0000,3,0.224141,1,0.493337,6.492199,43.489088,10.921243,86.268832,0,0.4933333333333456
2018-09-10,sh.603096,75.8000,75.8000,69.0100,69.5000,75.3700,794944,56707259.0000,3,1.492292,1,-7.788249,5.986570,40.102051,10.070670,79.550004,0,-7.788244659678922
2018-09-11,sh.603096,69.3700,74.2800,67.5000,73.5000,69.5000,416691,29793918.0000,3,0.782225,1,5.755396,6.331121,42.410083,10.650277,84.128422,0,5.755395683453246
2018-09-12,sh.603096,72.5000,73.6300,71.5900,71.8000,73.5000,169738,12283794.0000,3,0.318637,1,-2.312921,6.184687,41.429169,10.403944,82.182594,0,-2.3129251700680364
2018-09-13,sh.603096,72.7600,72.9900,66.1000,68.5000,71.8000,552476,37518222.0000,3,1.037124,1,-4.596105,5.900433,39.525043,9.925768,78.405400,0,-4.596100278551529
2018-09-14,sh.603096,67.8300,68.1900,65.2600,66.8500,68.5000,562476,37542040.0000,3,1.055896,1,-2.408761,5.758305,38.572980,9.686681,76.516803,0,-2.4087591240876005
2018-09-17,sh.603096,66.1000,66.4900,61.9600,62.2500,66.8500,572055,36401808.0000,3,1.073878,1,-6.881074,5.362072,35.918744,9.020133,71.251623,0,-6.881077038145089
2018-09-18,sh.603096,61.9900,64.4000,61.6500,63.9900,62.2500,402023,25370306.0000,3,0.754689,1,2.795183,5.511951,36.922737,9.272262,73.243234,0,2.795180722891577
2018-09-19,sh.603096,64.2500,67.6000,63.6200,64.8500,63.9900,356967,23343584.0000,3,0.670109,1,1.343955,5.586030,37.418964,9.396877,74.227594,0,1.343959993749011
2018-09-20,sh.603096,65.1000,65.8000,63.0000,63.7900,64.8500,598293,38444655.0000,3,1.123133,1,-1.634538,5.494724,36.807336,9.243281,73.014313,0,-1.6345412490362254
2018-09-21,sh.603096,64.0100,65.8000,63.7700,65.1400,63.7900,523900,34032636.0000,3,0.983480,1,2.116317,5.611010,37.586297,9.438899,74.559529,0,2.1163191722840535
2018-09-25,sh.603096,63.6700,66.4000,63.6700,64.9500,65.1400,291556,19090044.0000,3,0.540740,1,-0.291683,5.621566,37.657007,9.456656,74.699797,0,-0.29167945962541575
2018-09-26,sh.603096,64.8600,65.5700,64.1700,64.9800,64.9500,271720,17672795.0000,3,0.503950,1,0.046199,5.624162,37.674401,9.461024,74.734301,0,0.046189376443428465
2018-09-27,sh.603096,65.4400,65.4400,64.5500,64.9100,64.9800,198200,12890091.0000,3,0.367595,1,-0.107725,5.618104,37.633816,9.450832,74.653793,0,-0.10772545398585187
2018-09-28,sh.603096,64.7000,66.4700,64.0000,65.9500,64.9100,225233,14661528.0000,3,0.417732,1,1.602208,5.708118,38.236792,9.602255,75.849910,0,1.602218456324156
2018-10-08,sh.603096,65.8000,65.8800,62.3000,63.0000,65.9500,126521,8055103.0000,3,0.234654,1,-4.473081,5.452789,36.526427,9.172738,72.457078,0,-4.473085670962851
2018-10-09,sh.603096,62.0000,63.3400,59.1000,61.0200,63.0000,474569,29033387.0000,3,0.880168,1,-3.142856,5.281416,35.378454,8.884452,70.179856,0,-3.142857142857136
2018-10-10,sh.603096,60.5900,62.6800,60.5900,61.8500,61.0200,444808,27488706.0000,3,0.824971,1,1.360206,5.353254,35.859675,9.005299,71.134449,0,1.360209767289411
2018-10-11,sh.603096,60.9900,62.6700,57.1000,60.0000,61.8500,336616,19988946.0000,3,0.624311,1,-2.991105,5.193132,34.787074,8.735941,69.006741,0,-2.9911075181891733
2018-10-12,sh.603096,59.0100,63.4900,58.4900,60.6300,60.0000,280032,17042992.0000,3,0.519366,1,1.050002,5.247660,35.152338,8.827668,69.731312,0,1.0499999999999954
2018-10-15,sh.603096,60.0100,61.5800,59.0400,59.9500,60.6300,175400,10495917.0000,3,0.325309,1,-1.121557,5.188805,34.758084,8.728661,68.949236,0,-1.1215569849909235
2018-10-16,sh.603096,59.7500,60.8100,57.5000,59.2000,59.9500,169477,9981548.0000,3,0.314324,1,-1.251042,5.123891,34.323246,8.619462,68.086651,0,-1.2510425354462007
2018-10-17,sh.603096,58.6100,58.9600,54.0000,58.7400,59.2000,377037,21567551.0000,3,0.699279,1,-0.777026,5.084077,34.056545,8.552486,67.557600,0,-0.777027027027033
2018-10-18,sh.603096,58.0000,58.5000,55.3700,58.5000,58.7400,196225,11177742.0000,3,0.363932,1,-0.408583,5.063304,33.917397,8.517542,67.281573,0,-0.40858018386108474
2018-10-19,sh.603096,56.4200,60.0300,56.0000,59.5100,58.5000,273056,15940442.0000,3,0.506428,1,1.726493,5.150722,34.502979,8.664597,68.443186,0,1.7264957264957248
2018-10-22,sh.603096,59.5100,64.3900,59.0000,62.0000,59.5100,244440,15157723.0000,3,0.453355,1,4.184174,5.366237,35.946643,9.027139,71.306966,0,4.184170727608816
2018-10-23,sh.603096,61.8000,62.5700,59.0100,60.1400,62.0000,179356,10859912.0000,3,0.332646,1,-3.000001,5.205250,34.868244,8.756325,69.167757,0,-3.0000000000000027
2018-10-24,sh.603096,59.9100,59.9800,57.8200,58.3100,60.1400,92051,5419548.0000,3,0.170724,1,-3.042897,5.046859,33.807238,8.489878,67.063051,0,-3.0428999002327872
2018-10-25,sh.603096,57.0000,58.0000,54.8000,56.8000,58.3100,263740,14877024.0000,3,0.489150,1,-2.589611,4.916165,32.931763,8.270024,65.326382,0,-2.5896072714800322
2018-10-26,sh.603096,57.0000,57.7500,54.4000,56.4700,56.8000,258470,14415310.0000,3,0.479376,1,-0.580982,4.887603,32.740434,8.221976,64.946845,0,-0.5809859154929597
2018-10-29,sh.603096,56.2000,56.2000,52.0900,55.2100,56.4700,392494,21281335.0000,3,0.727946,1,-2.231277,4.778547,32.009906,8.038521,63.497703,0,-2.23127324242961
2018-10-30,sh.603096,54.1100,54.1500,52.2000,52.9700,55.2100,563309,29783491.0000,3,1.044751,1,-4.057232,4.584670,30.711188,7.712380,60.921451,0,-4.057236007969578
2018-10-31,sh.603096,52.9900,52.9900,51.0500,51.9400,52.9700,904270,46821692.0000,3,1.677121,1,-1.944502,4.163411,29.041127,7.587547,60.829051,0,-1.9444968850292677
2018-11-01,sh.603096,52.1600,53.5000,51.2100,52.3600,51.9400,1390592,73030430.0000,3,2.579087,1,0.808629,4.197077,29.275961,7.648902,61.320930,0,0.8086253369272267
2018-11-02,sh.603096,53.1000,56.8000,52.4100,54.8900,52.3600,1979412,107526603.0000,3,3.671152,1,4.831930,4.399877,30.690555,8.018492,64.283916,0,4.831932773109249
2018-11-05,sh.603096,54.6800,57.0800,54.0000,55.1000,54.8900,1231448,68367327.0000,3,2.283927,1,0.382582,4.416711,30.807972,8.049169,64.529855,0,0.3825833485152197
2018-11-06,sh.603096,55.1700,55.3000,51.8800,52.0500,55.1000,1258688,66493193.0000,3,2.334449,1,-5.535389,4.172228,29.102631,7.603617,60.957876,0,-5.535390199637035
2018-11-07,sh.603096,52.3900,53.5000,52.1500,52.2400,52.0500,885404,46792263.0000,3,1.642131,1,0.365038,4.187458,29.208865,7.631372,61.180393,0,0.3650336215177852
2018-11-08,sh.603096,52.5200,53.7700,52.4000,52.6000,52.2400,561413,29779552.0000,3,1.041235,1,0.689121,4.216315,29.410152,7.683962,61.602004,0,0.6891271056661541
2018-11-09,sh.603096,52.6000,52.6200,51.5100,51.7000,52.6000,421064,21854185.0000,3,0.780934,1,-1.711022,4.144173,28.906936,7.552488,60.547977,0,-1.7110266159695797
2018-11-12,sh.603096,51.4600,54.3000,51.4500,54.3000,51.7000,830143,44080952.0000,3,1.539640,1,5.029010,4.352584,30.360670,7.932303,63.592943,0,5.0290135396518165
2018-11-13,sh.603096,54.0000,59.7300,53.6000,59.1100,54.3000,1603257,91900521.0000,3,2.973510,1,8.858198,4.738144,33.050077,8.634962,69.226130,0,8.858195211786368
2018-11-14,sh.603096,58.2800,60.8900,57.0100,58.2600,59.1100,677055,39933175.0000,3,1.255712,1,-1.438001,4.670010,32.574818,8.510792,68.230660,0,-1.4379969548299787
2018-11-15,sh.603096,58.8900,59.9200,57.5600,59.7500,58.2600,955397,56157796.0000,3,1.771944,1,2.557504,4.789446,33.407919,8.728455,69.975660,0,2.557500858221773
2018-11-16,sh.603096,58.8000,60.6500,58.1500,59.4500,59.7500,699097,41399047.0000,3,1.296593,1,-0.502091,4.765398,33.240181,8.684630,69.624318,0,-0.5020920502092019
2018-11-19,sh.603096,59.1200,60.4800,58.0000,58.8000,59.4500,659326,38851742.0000,3,1.222831,1,-1.093358,4.713295,32.876747,8.589676,68.863076,0,-1.0933557611438327
2018-11-20,sh.603096,58.5000,58.5000,56.0300,56.5300,58.8000,801562,45843298.0000,3,1.486632,1,-3.860545,4.531337,31.607526,8.258068,66.204587,0,-3.8605442176870675
2018-11-21,sh.603096,56.7200,56.7200,54.4600,55.8000,56.5300,1052060,57907730.0000,3,1.951222,1,-1.291349,4.472821,31.199362,8.151428,65.349654,0,-1.2913497258093098
2018-11-22,sh.603096,55.9100,56.7000,55.1800,55.7900,55.8000,515232,28749239.0000,3,0.955584,1,-0.017918,4.472020,31.193771,8.149967,65.337943,0,-0.01792114695340352
2018-11-23,sh.603096,55.8800,55.8800,52.5000,52.8800,55.7900,653789,35122972.0000,3,1.212562,1,-5.215988,4.238760,29.566707,7.724865,61.929923,0,-5.215988528410098
2018-11-26,sh.603096,53.1800,53.4500,52.1900,52.4900,52.8800,395200,20930480.0000,3,0.732965,1,-0.737518,4.207498,29.348647,7.667893,61.473178,0,-0.7375189107412972
2018-11-27,sh.603096,53.4000,55.5000,52.4900,54.0000,52.4900,621243,33478664.0000,3,1.152200,1,2.876735,4.328537,30.192931,7.888478,63.241601,0,2.8767384263669316
2018-11-28,sh.603096,53.8200,54.8000,53.1200,54.7000,54.0000,237470,12851089.0000,3,0.440428,1,1.296298,4.384647,30.584321,7.990736,64.061399,0,1.2962962962963065
2018-11-29,sh.603096,55.4900,55.4900,53.9000,53.9100,54.7000,372043,20357587.0000,3,0.690016,1,-1.444243,4.321322,30.142610,7.875331,63.136198,0,-1.444241316270578
2018-11-30,sh.603096,53.9200,54.3000,52.6000,53.6300,53.9100,184600,9845945.0000,3,0.342372,1,-0.519382,4.298878,29.986054,7.834428,62.808279,0,-0.5193841587831427
2018-12-03,sh.603096,55.0000,57.9300,54.1800,56.6600,53.6300,415505,23358291.0000,3,0.770624,1,5.649820,4.541757,31.680213,8.277059,66.356835,0,5.6498228603393486
2018-12-04,sh.603096,56.6700,57.4500,56.1500,56.7000,56.6600,241100,13710250.0000,3,0.447161,1,0.070598,4.544963,31.702578,8.282902,66.403681,0,0.0705965407695075
2018-12-05,sh.603096,55.4600,60.0000,54.6300,58.9500,56.7000,692370,40441432.0000,3,1.284117,1,3.968254,4.725319,32.960617,8.611589,69.038747,0,3.9682539682539764
2018-12-06,sh.603096,58.2600,59.2000,54.8200,55.0500,58.9500,781464,43895439.0000,3,1.449356,1,-6.615779,4.412703,30.780016,8.041865,64.471298,0,-6.615776081424951
2018-12-07,sh.603096,54.8100,56.6200,54.8100,56.5000,55.0500,342770,19192792.0000,3,0.635725,1,2.633970,4.528932,31.590752,8.253686,66.169452,0,2.6339691189827485
2018-12-10,sh.603096,56.4400,58.3900,55.8700,57.6800,56.5000,292239,16768114.0000,3,0.542006,1,2.088496,4.623518,32.250524,8.426063,67.551399,0,2.0884955752212386
2018-12-11,sh.603096,57.6800,60.1600,57.0100,59.9400,57.6800,602931,35833155.0000,3,1.118237,1,3.918166,4.804676,33.514154,8.756211,70.198177,0,3.9181692094313325
2018-12-12,sh.603096,60.0000,60.0000,58.6100,59.0000,59.9400,358030,21129919.0000,3,0.664027,1,-1.568233,4.729327,32.988573,8.618893,69.097304,0,-1.5682349015682329
2018-12-13,sh.603096,58.5900,58.9800,57.7000,58.0700,59.0000,450710,26316141.0000,3,0.835918,1,-1.576272,4.654780,32.468584,8.483036,68.008143,0,-1.5762711864406809
2018-12-14,sh.603096,58.1200,58.5000,57.0200,57.9000,58.0700,189208,10959746.0000,3,0.350918,1,-0.292747,4.641153,32.373532,8.458202,67.809050,0,-0.2927501291544732
2018-12-17,sh.603096,57.3600,58.4800,56.0300,58.3200,57.9000,276379,15862253.0000,3,0.512591,1,0.725385,4.674820,32.608366,8.519557,68.300929,0,0.7253886010362809
2018-12-18,sh.603096,57.7000,59.7000,56.0000,58.5600,58.3200,249483,14696164.0000,3,0.462708,1,0.411525,4.694058,32.742557,8.554616,68.582002,0,0.4115226337448652
2018-12-19,sh.603096,59.0000,60.0000,57.2100,59.3500,58.5600,753146,44482616.0000,3,1.396836,1,1.349039,4.757382,33.184268,8.670022,69.507204,0,1.349043715846987
2018-12-20,sh.603096,59.7800,61.0000,58.2000,59.7200,59.3500,371115,22104708.0000,3,0.688295,1,0.623425,4.787041,33.391145,8.724073,69.940526,0,0.6234203875315814
2018-12-21,sh.603096,58.6100,60.7500,58.6100,60.3000,59.7200,290861,17475835.0000,3,0.539451,1,0.971196,4.833533,33.715440,8.808801,70.619787,0,0.9711989283322175
2018-12-24,sh.603096,60.3000,60.7000,58.0100,58.8000,60.3000,347160,20546586.0000,3,0.643867,1,-2.487562,4.713295,32.876747,8.589676,68.863076,0,-2.487562189054726
2018-12-25,sh.603096,58.3900,59.2300,57.6100,58.3100,58.8000,322500,18895116.0000,3,0.598130,1,-0.833330,4.674018,32.602774,8.518096,68.289217,0,-0.8333333333333193
2018-12-26,sh.603096,58.2000,61.3000,58.2000,60.8000,58.3100,660759,39764568.0000,3,1.225489,1,4.270276,4.873612,33.995004,8.881842,71.205358,0,4.270279540387567
2018-12-27,sh.603096,60.8300,61.8500,59.5200,59.8000,60.8000,372462,22521197.0000,3,0.690793,1,-1.644737,4.793454,33.435876,8.735759,70.034217,0,-1.6447368421052655
2018-12-28,sh.603096,60.3000,62.0800,59.2800,61.7200,59.8000,517433,31745208.0000,3,0.959667,1,3.210706,4.947357,34.509402,9.016238,72.282807,0,3.210702341137117
2019-01-02,sh.603096,61.7200,64.0200,61.1100,64.0200,61.7200,502051,31550121.0000,3,0.931138,1,3.726499,5.131721,35.795397,9.352229,74.976431,0,3.7265068049254557
2019-01-03,sh.603096,63.2000,65.2000,63.2000,64.7900,64.0200,652883,42196428.0000,3,1.210881,1,1.202756,5.193442,36.225926,9.464713,75.878209,0,1.2027491408934887
2019-01-04,sh.603096,64.2900,64.9900,63.2200,64.7700,64.7900,369865,23753972.0000,3,0.685977,1,-0.030876,5.191839,36.214744,9.461791,75.854786,0,-0.03086896125946703
2019-01-07,sh.603096,64.8800,65.9700,63.5900,64.6500,64.7700,442760,28878342.0000,3,0.821173,1,-0.185263,5.182220,36.147648,9.444261,75.714250,0,-0.18527095877719502
2019-01-08,sh.603096,64.6500,66.6000,64.6500,65.8000,64.6500,528022,34688603.0000,3,0.979306,1,1.778811,5.274402,36.790646,9.612257,77.061061,0,1.7788089713843602
2019-01-09,sh.603096,65.0100,66.5000,65.0100,65.9400,65.8000,223375,14755598.0000,3,0.414287,1,0.212765,5.285624,36.868924,9.632708,77.225021,0,0.21276595744681437
2019-01-10,sh.603096,66.7200,66.7200,64.0700,64.5000,65.9400,379000,24557503.0000,3,0.702919,1,-2.183807,5.170197,36.063779,9.422349,75.538578,0,-2.1838034576888044
2019-01-11,sh.603096,65.0800,65.6000,62.0000,63.7500,64.5000,469700,29606114.0000,3,0.871138,1,-1.162791,5.110078,35.644433,9.312787,74.660223,0,-1.1627906976744207
2019-01-14,sh.603096,64.1000,64.1000,61.8000,61.9500,63.7500,379160,23681968.0000,3,0.703216,1,-2.823528,4.965793,34.638002,9.049838,72.552170,0,-2.8235294117647025
2019-01-15,sh.603096,62.6800,63.4800,62.0200,62.3400,61.9500,422964,26562762.0000,3,0.784458,1,0.629539,4.997055,34.856062,9.106810,73.008914,0,0.6295399515738431
2019-01-16,sh.603096,62.9900,64.4000,62.5900,63.8000,62.3400,426300,27117518.0000,3,0.790645,1,2.341994,5.114086,35.672389,9.320091,74.718780,0,2.3419955085017596
2019-01-17,sh.603096,62.3300,64.4000,61.0100,61.1100,63.8000,457994,28312514.0000,3,0.849427,1,-4.216299,4.898461,34.168334,8.927128,71.568411,0,-4.216300940438867
2019-01-18,sh.603096,60.8500,61.6000,58.8900,59.9600,61.1100,833381,49906332.0000,3,1.545645,1,-1.881855,4.806279,33.525336,8.759133,70.221599,0,-1.8818523973163082
2019-01-21,sh.603096,59.9900,60.4700,58.7000,59.2600,59.9600,609800,36011311.0000,3,1.130977,1,-1.167446,4.750168,33.133946,8.656874,69.401801,0,-1.1674449633088724
2019-01-22,sh.603096,59.3900,61.1900,58.9700,61.1500,59.2600,657521,39445517.0000,3,1.219483,1,3.189341,4.901667,34.190699,8.932971,71.615257,0,3.1893351333108333
2019-01-23,sh.603096,60.5000,60.9200,57.1600,59.0000,61.1500,674802,39729985.0000,3,1.251534,1,-3.515947,4.729327,32.988573,8.618893,69.097304,0,-3.5159443990188
2019-01-24,sh.603096,58.0200,60.5300,58.0000,59.3800,59.0000,665498,39282393.0000,3,1.234278,1,0.644070,4.759787,33.201042,8.674404,69.542338,0,0.6440677966101704
2019-01-25,sh.603096,59.0100,61.0800,59.0100,60.5000,59.3800,603902,36492600.0000,3,1.120038,1,1.886155,4.849564,33.827266,8.838017,70.854015,0,1.8861569552037771
2019-01-28,sh.603096,60.4900,60.9900,60.0100,60.1300,60.5000,286940,17320381.0000,3,0.532178,1,-0.611568,4.819906,33.620388,8.783967,70.420693,0,-0.6115702479338792
2019-01-29,sh.603096,59.7300,60.5900,54.1200,59.1300,60.1300,277669,16350808.0000,3,0.514984,1,-1.663063,4.739748,33.061260,8.637884,69.249553,0,-1.6630633627141234
2019-01-30,sh.603096,58.4000,60.3900,57.6100,58.6000,59.1300,281194,16749806.0000,3,0.521522,1,-0.896335,4.697264,32.764922,8.560460,68.628848,0,-0.8963301200744178
2019-01-31,sh.603096,59.3600,60.3600,57.1000,58.4000,58.6000,374768,22009222.0000,3,0.695070,1,-0.341292,4.681232,32.653096,8.531243,68.394620,0,-0.34129692832765013
2019-02-01,sh.603096,58.4000,60.4000,58.0000,60.0000,58.4000,345633,20501776.0000,3,0.641035,1,2.739723,4.809485,33.547701,8.764976,70.268445,0,2.7397260273972712
2019-02-11,sh.603096,60.0500,62.8000,59.5400,62.8000,60.0000,458765,28146475.0000,3,0.850857,1,4.666666,5.033928,35.113261,9.174008,73.547639,0,4.666666666666663
2019-02-12,sh.603096,62.2600,64.3800,61.0000,62.2100,62.8000,497391,31207372.0000,3,0.922495,1,-0.939491,4.986635,34.783375,9.087819,72.856666,0,-0.9394904458598696
2019-02-13,sh.603096,61.6400,61.6800,59.8000,60.7300,62.2100,1157056,69835921.0000,3,2.145955,1,-2.379038,4.868001,33.955865,8.871616,71.123378,0,-2.3790387397524593
2019-02-14,sh.603096,60.4900,62.3800,60.0000,62.3800,60.7300,780395,47750711.0000,3,1.447374,1,2.716946,5.000261,34.878427,9.112653,73.055760,0,2.7169438498271026
2019-02-15,sh.603096,62.0000,62.3500,60.8500,61.1100,62.3800,501138,30760796.0000,3,0.929445,1,-2.035910,4.898461,34.168334,8.927128,71.568411,0,-2.035908945174736
2019-02-18,sh.603096,61.1100,62.2000,61.1100,62.0100,61.1100,444337,27439973.0000,3,0.824098,1,1.472750,4.970603,34.671549,9.058603,72.622438,0,1.4727540500736325
2019-02-19,sh.603096,62.0600,63.3800,61.0200,62.1000,62.0100,598585,37460206.0000,3,1.110177,1,0.145138,4.977817,34.721871,9.071750,72.727841,0,0.14513788098693414
2019-02-20,sh.603096,62.1000,66.3000,61.5300,64.7200,62.1000,617027,39348588.0000,3,1.144380,1,4.219006,5.187831,36.186787,9.454487,75.796229,0,4.21900161030595
2019-02-21,sh.603096,64.0000,66.2000,63.1100,63.2300,64.7200,685955,44051455.0000,3,1.272219,1,-2.302227,5.068396,35.353686,9.236824,74.051230,0,-2.302224969097655
2019-02-22,sh.603096,62.9900,64.1700,62.5100,63.4600,63.2300,471300,29875503.0000,3,0.874105,1,0.363751,5.086832,35.482285,9.270423,74.320592,0,0.3637513838367967
2019-02-25,sh.603096,63.5000,67.3800,63.5000,66.4500,63.4600,825437,54274982.0000,3,1.530912,1,4.711626,5.326505,37.154079,9.707211,77.822303,0,4.7116293728332925
2019-02-26,sh.603096,66.4500,67.6900,65.2000,66.3900,66.4500,575726,38179726.0000,3,1.067781,1,-0.090290,5.321695,37.120532,9.698446,77.752034,0,-0.09029345372461028
2019-02-27,sh.603096,66.3000,67.4500,64.4000,64.7700,66.3900,438865,28767066.0000,3,0.813949,1,-2.440131,5.191839,36.214744,9.461791,75.854786,0,-2.4401265250790893
2019-02-28,sh.603096,64.8800,65.3900,62.9000,64.9400,64.7700,413717,26611275.0000,3,0.767308,1,0.262476,5.205466,36.309795,9.486626,76.053880,0,0.2624671916010568
2019-03-01,sh.603096,65.0000,65.9600,63.4500,63.8900,64.9400,586797,37591073.0000,3,1.088314,1,-1.616882,5.121300,35.722711,9.333238,74.824183,0,-1.6168771173390772
2019-03-04,sh.603096,64.3300,66.3200,63.7600,65.2000,63.8900,585779,38158312.0000,3,1.086426,1,2.050395,5.226307,36.455169,9.524607,76.358377,0,2.050399123493518
2019-03-05,sh.603096,65.1500,65.2400,63.9800,64.9900,65.2000,375218,24291045.0000,3,0.695905,1,-0.322084,5.209474,36.337752,9.493930,76.112437,0,-0.32208588957056694
2019-03-06,sh.603096,65.4000,65.9800,64.6000,65.9800,64.9900,572804,37503408.0000,3,1.062361,1,1.523320,5.288831,36.891289,9.638552,77.271867,0,1.5233112786582792
2019-03-07,sh.603096,65.9700,65.9700,63.8800,65.0400,65.9800,855703,55518806.0000,3,1.587045,1,-1.424678,5.213482,36.365708,9.501234,76.170994,0,-1.4246741436799049
2019-03-08,sh.603096,64.7900,64.7900,58.5400,59.4800,65.0400,1031887,63409973.0000,3,1.913808,1,-8.548588,4.767803,33.256955,8.689013,69.659452,0,-8.548585485854876
2019-03-11,sh.603096,59.8800,61.4800,59.6000,60.8500,59.4800,856315,51900643.0000,3,1.588180,1,2.303293,4.877620,34.022960,8.889146,71.263915,0,2.3032952252858285
2019-03-12,sh.603096,62.0700,62.6000,59.1100,60.7100,60.8500,1220600,74704690.0000,3,2.263808,1,-0.230073,4.866397,33.944682,8.868695,71.099955,0,-0.23007395234182493
2019-03-13,sh.603096,60.2800,60.2800,57.1800,57.4100,60.7100,1271895,74627424.0000,3,2.358943,1,-5.435677,4.601876,32.099559,8.386621,67.235191,0,-5.435677812551476
2019-03-14,sh.603096,57.9800,58.2400,56.3600,56.6000,57.4100,836163,47992965.0000,3,1.550805,1,-1.410906,4.536948,31.646665,8.268294,66.286567,0,-1.4109040236892412
2019-03-15,sh.603096,56.6800,58.7800,56.6800,58.0000,56.6000,897024,52087689.0000,3,1.663682,1,2.473501,4.649169,32.429445,8.472810,67.926164,0,2.473498233215543
2019-03-18,sh.603096,58.9000,59.6000,58.1600,58.9000,58.0000,768356,45292477.0000,3,1.425045,1,1.551727,4.721311,32.932660,8.604285,68.980190,0,1.551724137931032
2019-03-19,sh.603096,59.5800,60.0100,58.1000,58.9500,58.9000,828109,48884116.0000,3,1.535867,1,0.084888,4.725319,32.960617,8.611589,69.038747,0,0.08488964346351491
2019-03-20,sh.603096,58.8800,58.8800,57.9000,58.7000,58.9500,530082,30884359.0000,3,0.983126,1,-0.424088,4.705280,32.820835,8.575068,68.745962,0,-0.42408821034775057
2019-03-21,sh.603096,58.3000,60.8700,58.3000,60.5500,58.7000,1072674,63962938.0000,3,1.989454,1,3.151616,4.853572,33.855222,8.845321,70.912573,0,3.151618398637135
2019-03-22,sh.603096,59.8800,60.3000,58.6100,59.7300,60.5500,630285,37510589.0000,3,1.168970,1,-1.354252,4.787842,33.396737,8.725533,69.952237,0,-1.3542526837324487
2019-03-25,sh.603096,58.9000,59.8300,58.0100,58.6700,59.7300,600595,35361386.0000,3,1.113904,1,-1.774655,4.702875,32.804061,8.570686,68.710828,0,-1.7746526033818766
2019-03-26,sh.603096,58.6700,58.9700,57.0000,57.1200,58.6700,597419,34634514.0000,3,1.108014,1,-2.641894,4.578630,31.937412,8.344257,66.895560,0,-2.641895346855294
2019-03-27,sh.603096,57.4700,57.8000,56.6000,56.9900,57.1200,438792,25120688.0000,3,0.813814,1,-0.227586,4.568209,31.864725,8.325266,66.743311,0,-0.22759103641455392
2019-03-28,sh.603096,57.4800,57.9000,56.6000,57.9000,56.9900,505531,28891866.0000,3,0.937592,1,1.596771,4.641153,32.373532,8.458202,67.809050,0,1.596771363397087
2019-03-29,sh.603096,57.3100,59.4700,57.0500,59.0000,57.9000,715699,41845695.0000,3,1.327384,1,1.899825,4.729327,32.988573,8.618893,69.097304,0,1.899827288428324
2019-04-01,sh.603096,59.0000,61.6600,59.0000,61.1700,59.0000,1292806,78186212.0000,3,2.397726,1,3.677963,4.903270,34.201882,8.935893,71.638680,0,3.6779661016949072
2019-04-02,sh.603096,61.1700,63.1700,61.0300,61.8700,61.1700,1114999,69167374.0000,3,2.067953,1,1.144353,4.959381,34.593271,9.038151,72.458478,0,1.1443518064410574
2019-04-03,sh.603096,61.0000,62.3500,60.3600,61.7800,61.8700,810090,49808496.0000,3,1.502448,1,-0.145467,4.952167,34.542950,9.025003,72.353076,0,-0.1454663003070844
2019-04-04,sh.603096,61.9800,62.2000,59.7200,60.2500,61.7800,1286170,77602837.0000,3,2.385419,1,-2.476528,4.829525,33.687483,8.801497,70.561230,0,-2.476529621236645
2019-04-08,sh.603096,60.2500,60.4200,58.1200,58.6000,60.2500,682229,40258909.0000,3,1.265308,1,-2.738592,4.697264,32.764922,8.560460,68.628848,0,-2.7385892116182586
2019-04-09,sh.603096,58.4900,59.8000,57.4200,59.4900,58.6000,751484,44293025.0000,3,1.393753,1,1.518777,4.768605,33.262546,8.690474,69.671163,0,1.518771331058022
2019-04-10,sh.603096,59.0000,60.4600,58.8300,59.8500,59.4900,612651,36588225.0000,3,1.136264,1,0.605138,4.797461,33.463832,8.743063,70.092774,0,0.605143721633894
2019-04-11,sh.603096,59.8600,60.3000,59.1500,59.2900,59.8500,538397,32145626.0000,3,0.998548,1,-0.935669,4.752573,33.150720,8.661257,69.436935,0,-0.9356725146198897
2019-04-12,sh.603096,59.4700,59.8500,57.6000,58.0500,59.2900,479548,27887550.0000,3,0.889402,1,-2.091418,4.653177,32.457401,8.480114,67.984721,0,-2.0914150784280716
2019-04-15,sh.603096,58.0700,59.4700,58.0700,58.0800,58.0500,415600,24303500.0000,3,0.770800,1,0.051684,4.655582,32.474175,8.484497,68.019855,0,0.05167958656331351
2019-04-16,sh.603096,58.0000,58.1700,56.5000,57.8700,58.0800,659818,37724040.0000,3,1.223743,1,-0.361575,4.638748,32.356758,8.453819,67.773915,0,-0.3615702479338845
2019-04-17,sh.603096,57.3300,58.4600,57.3300,57.9600,57.8700,411016,23811411.0000,3,0.762298,1,0.155521,4.645963,32.407080,8.466967,67.879318,0,0.15552099533437946
2019-04-18,sh.603096,58.1400,60.2800,57.5100,60.0000,57.9600,683536,40500551.0000,3,1.267732,1,3.519670,4.809485,33.547701,8.764976,70.268445,0,3.5196687370600444
2019-04-19,sh.603096,60.3000,62.2200,59.8000,62.2000,60.0000,1107809,67608801.0000,3,2.054618,1,3.666668,4.985833,34.777784,9.086358,72.844955,0,3.6666666666666625
2019-04-22,sh.603096,61.9900,61.9900,59.5000,61.1900,62.2000,713391,43222984.0000,3,1.323104,1,-1.623798,4.745863,34.381267,8.940655,32.417156,0,-1.6237942122186544
2019-04-23,sh.603096,61.0200,62.5200,60.0200,60.8200,61.1900,504520,31023623.0000,3,0.935717,1,-0.604672,4.717166,34.173372,8.886593,32.221138,0,-0.6046739663343681
2019-04-24,sh.603096,61.8700,62.1000,60.2600,61.2500,60.8200,303298,18574510.0000,3,0.562517,1,0.707005,4.750517,34.414980,8.949421,32.448943,0,0.7070042749095728
2019-04-25,sh.603096,60.8200,61.9700,60.5000,60.6100,61.2500,328587,20087572.0000,3,0.609420,1,-1.044897,4.700879,34.055378,8.855909,32.109884,0,-1.0448979591836771
2019-04-26,sh.603096,60.1200,61.5200,58.4100,60.3000,60.6100,359507,21649502.0000,3,0.666766,1,-0.511469,4.676836,33.881196,8.810614,31.945653,0,-0.5114667546609497
2019-04-29,sh.603096,60.0000,62.6200,59.4000,61.4700,60.3000,823702,51062717.0000,3,1.527694,1,1.940302,4.767580,34.538593,8.981566,32.565494,0,1.94029850746269
2019-04-30,sh.603096,61.4800,64.3000,61.0100,63.6000,61.4700,838796,52875832.0000,3,1.555688,1,3.465100,4.781774,35.601118,9.177613,53.487908,0,3.4651049292337754
2019-05-06,sh.603096,62.0000,64.7200,61.5600,62.3800,63.6000,809168,50947063.0000,3,1.500738,1,-1.918235,4.690048,34.918203,9.001564,52.461882,0,-1.9182389937106858
2019-05-07,sh.603096,61.9300,64.2000,61.9300,62.5000,62.3800,405475,25427074.0000,3,0.752022,1,0.192368,4.699070,34.985375,9.018880,52.562803,0,0.19236934915036752
2019-05-08,sh.603096,62.1500,62.7600,56.5300,61.7800,62.5000,477420,29066499.0000,3,0.885456,1,-1.152002,4.644937,34.582344,8.914983,51.957279,0,-1.1519999999999975
2019-05-09,sh.603096,59.1000,61.5000,59.1000,60.5000,61.7800,246410,14933554.0000,3,0.457009,1,-2.071866,4.548700,33.865843,8.730276,50.880793,0,-2.0718679184202005
2019-05-10,sh.603096,61.0000,63.9900,60.1000,61.4600,60.5000,663164,40652274.0000,3,1.229949,1,1.586775,4.620878,34.403219,8.868806,51.688158,0,1.5867768595041243
2019-05-13,sh.603096,61.4600,61.4600,59.6100,59.9000,61.4600,329403,19877526.0000,3,0.610933,1,-2.538232,4.503589,33.529984,8.643695,50.376190,0,-2.538236251220305
2019-05-14,sh.603096,59.0000,59.7900,58.1100,58.7000,59.9000,265332,15659274.0000,3,0.492103,1,-2.003340,4.413367,32.858264,8.470532,49.366984,0,-2.003338898163598
2019-05-15,sh.603096,58.9900,59.6500,58.5100,58.9100,58.7000,301283,17755165.0000,3,0.558780,1,0.357750,4.429156,32.975815,8.500836,49.543595,0,0.357751277683116
2019-05-16,sh.603096,63.0000,63.0000,58.7300,58.9400,58.9100,447900,26668188.0000,3,0.830706,1,0.050923,4.431411,32.992608,8.505165,49.568825,0,0.05092514004414461
2019-05-17,sh.603096,59.0000,59.0700,57.5700,58.0100,58.9400,418103,24276982.0000,3,0.775442,1,-1.577876,4.361489,32.472026,8.370964,48.786691,0,-1.5778758059043052
2019-05-20,sh.603096,58.0100,58.9800,57.7500,58.7300,58.0100,245140,14322697.0000,3,0.454653,1,1.241167,4.415622,32.875057,8.474861,49.392214,0,1.241165316324766
2019-05-21,sh.603096,58.7300,59.1300,58.0600,58.5200,58.7300,195740,11486588.0000,3,0.363033,1,-0.357567,4.399834,32.757507,8.444558,49.215603,0,-0.35756853396899935
2019-05-22,sh.603096,58.3500,58.8900,58.1500,58.6300,58.5200,141000,8267623.0000,3,0.261508,1,0.187971,4.408104,32.819081,8.460431,49.308114,0,0.1879699248120259
2019-05-23,sh.603096,58.5900,59.7600,58.2000,59.4500,58.6300,240800,14212395.0000,3,0.446604,1,1.398601,4.469756,33.278089,8.578759,49.997738,0,1.3986013986013957
2019-05-24,sh.603096,59.5000,59.6600,58.3600,58.8000,59.4500,88500,5214284.0000,3,0.164138,1,-1.093358,4.420885,32.914241,8.484963,49.451085,0,-1.0933557611438327
2019-05-27,sh.603096,59.6300,60.5100,58.0100,59.4000,58.8000,195831,11570725.0000,3,0.363202,1,1.020412,4.465996,33.250101,8.571544,49.955688,0,1.0204081632653184
2019-05-28,sh.603096,59.9300,59.9300,58.7100,59.0900,59.4000,141100,8340896.0000,3,0.261694,1,-0.521888,4.442689,33.076573,8.526810,49.694976,0,-0.5218855218855123
2019-05-29,sh.603096,58.5300,59.2900,58.5300,58.8000,59.0900,139787,8236927.0000,3,0.259259,1,-0.490778,4.420885,32.914241,8.484963,49.451085,0,-0.4907767811812569
2019-05-30,sh.603096,58.5000,59.1000,58.0000,59.0000,58.8000,209787,12241663.0000,3,0.389085,1,0.340137,4.435922,33.026194,8.513823,49.619286,0,0.3401360544217802
2019-05-31,sh.603096,58.9100,59.4000,58.1100,58.1900,59.0000,312187,18335904.0000,3,0.579003,1,-1.372884,4.375022,32.572784,8.396938,48.938072,0,-1.3728813559322095
2019-06-03,sh.603096,58.0200,58.3900,57.3600,57.4200,58.1900,274229,15858973.0000,3,0.508604,1,-1.323252,4.317130,32.141764,8.285826,48.290498,0,-1.3232514177693666
2019-06-04,sh.603096,57.5900,57.5900,55.0300,55.6700,57.4200,380488,21359344.0000,3,0.705679,1,-3.047719,4.185556,31.162173,8.033297,46.818740,0,-3.0477185649599448
2019-06-05,sh.603096,56.2900,56.5000,55.6800,55.8000,55.6700,169401,9473984.0000,3,0.314183,1,0.233521,4.195330,31.234943,8.052056,46.928070,0,0.23351895096102027
2019-06-06,sh.603096,55.5000,55.7000,53.0100,53.5000,55.8000,272417,14633667.0000,3,0.505243,1,-4.121862,4.022404,29.947481,7.720162,44.993759,0,-4.121863799283155
2019-06-10,sh.603096,54.0000,55.4600,53.4200,54.8300,53.5000,227044,12425589.0000,3,0.421091,1,2.485985,4.122400,30.691970,7.912083,46.112296,0,2.4859813084112226
2019-06-11,sh.603096,55.8400,56.9300,54.6900,56.5400,54.8300,519149,29122991.0000,3,0.962849,1,3.118729,4.250967,31.649170,8.158840,47.550414,0,3.1187306219223165
2019-06-12,sh.603096,55.2200,55.9900,54.6800,54.7200,55.9400,165243,9110389.0000,3,0.306471,1,-2.180904,4.114130,30.630396,7.896210,46.019785,0,-3.2189600282985453
2019-06-13,sh.603096,54.5700,55.4600,54.2000,55.2800,54.7200,200670,10948069.0000,3,0.372176,1,1.023387,4.156234,30.943865,7.977019,46.490748,0,1.023391812865504
2019-06-14,sh.603096,54.5700,57.5000,54.5700,56.5000,55.2800,350895,19763992.0000,3,0.650794,1,2.206949,4.247960,31.626779,8.153068,47.516774,0,2.206946454413883
2019-06-17,sh.603096,57.1900,57.4000,55.9000,56.7900,56.5000,186400,10616413.0000,3,0.345710,1,0.513276,4.269763,31.789111,8.194915,47.760665,0,0.5132743362831871
2019-06-18,sh.603096,56.5100,57.1500,55.6800,57.0300,56.7900,158173,8983569.0000,3,0.293358,1,0.422606,4.287808,31.923455,8.229548,47.962506,0,0.4226096143687297
2019-06-19,sh.603096,57.6600,57.9300,55.5000,55.7400,57.0300,300900,16992933.0000,3,0.558070,1,-2.261962,4.190819,31.201357,8.043398,46.877610,0,-2.2619673855865274
2019-06-20,sh.603096,55.7400,56.3300,54.8800,55.7200,55.7400,264300,14682077.0000,3,0.490189,1,-0.035882,4.189315,31.190162,8.040512,46.860790,0,-0.03588087549336594
2019-06-21,sh.603096,56.1400,56.7600,55.8100,56.6400,55.7200,215999,12188363.0000,3,0.400606,1,1.651109,4.258485,31.705146,8.173270,47.634514,0,1.6511127063890907
2019-06-24,sh.603096,56.5800,57.3200,55.6200,56.0000,56.6400,169661,9546029.0000,3,0.314665,1,-1.129943,4.210367,31.346896,8.080917,47.096271,0,-1.1299435028248594
2019-06-25,sh.603096,55.5100,56.4900,55.3600,56.1300,56.0000,264161,14782362.0000,3,0.489931,1,0.232145,4.220141,31.419666,8.099676,47.205602,0,0.23214285714285854
2019-06-26,sh.603096,55.5000,56.1200,54.7000,55.0000,56.1300,286721,15837671.0000,3,0.531772,1,-2.013186,4.135182,30.787130,7.936615,46.255266,0,-2.0131836807411374
2019-06-27,sh.603096,55.0800,55.7000,54.7600,55.0000,55.0000,171133,9439586.0000,3,0.317395,1,0.000000,4.135182,30.787130,7.936615,46.255266,0,0.0
2019-06-28,sh.603096,54.9400,55.1700,53.0300,53.6200,55.0000,280590,15109700.0000,3,0.520401,1,-2.509093,4.031426,30.014653,7.737478,45.094680,0,-2.5090909090909164
2019-07-01,sh.603096,53.6700,55.8000,53.6700,55.2600,53.6200,418525,23094002.0000,3,0.776225,1,3.058559,4.154730,30.932669,7.974133,46.473928,0,3.0585602387168898
2019-07-02,sh.603096,55.8800,56.4700,55.3000,56.1900,55.2600,293961,16480680.0000,3,0.545200,1,1.682954,4.224652,31.453252,8.108334,47.256062,0,1.6829533116178075
2019-07-03,sh.603096,56.5000,56.5600,55.5600,55.8800,56.1900,135044,7566482.0000,3,0.250462,1,-0.551695,4.201345,31.279724,8.063601,46.995351,0,-0.5516995906744926
2019-07-04,sh.603096,56.1800,56.5500,55.3100,55.6400,55.8800,431712,24186386.0000,3,0.800683,1,-0.429495,4.183300,31.145380,8.028968,46.793509,0,-0.42949176807445255
2019-07-05,sh.603096,55.3300,56.1000,55.3300,55.6200,55.6400,156102,8692832.0000,3,0.289517,1,-0.035946,4.181797,31.134185,8.026082,46.776689,0,-0.035945363048173196
2019-07-08,sh.603096,56.1800,56.3000,53.5800,54.8500,55.6200,298666,16331285.0000,3,0.553926,1,-1.384395,4.123904,30.703165,7.914969,46.129116,0,-1.3843941028407025
2019-07-09,sh.603096,54.8000,54.8100,53.3800,53.5500,54.8500,268766,14463856.0000,3,0.498472,1,-2.370099,4.026163,29.975470,7.727377,45.035809,0,-2.370100273473119
2019-07-10,sh.603096,53.6800,53.7700,52.0300,52.9300,53.5500,320780,16912149.0000,3,0.594940,1,-1.157794,3.979549,29.628415,7.637909,44.514386,0,-1.1577964519140949
2019-07-11,sh.603096,52.6500,53.2500,52.5200,53.0000,52.9300,124702,6602370.0000,3,0.231281,1,0.132250,3.984812,29.667598,7.648011,44.573257,0,0.13225014169657712
2019-07-12,sh.603096,53.0500,54.6600,52.6600,54.3000,53.0000,223374,12041620.0000,3,0.414285,1,2.452829,4.082552,30.395294,7.835603,45.666563,0,2.4528301886792336
2019-07-15,sh.603096,53.5800,56.9000,53.0000,56.6200,54.3000,395792,22025965.0000,3,0.734063,1,4.272559,4.256982,31.693951,8.170384,47.617694,0,4.272559852670343
2019-07-16,sh.603096,56.4900,60.0000,56.0400,59.2000,56.6200,681219,39989113.0000,3,1.263435,1,4.556697,4.450959,33.138147,8.542683,49.787487,0,4.556693747792306
2019-07-17,sh.603096,59.2900,60.1800,57.6500,57.8000,59.2000,388765,22741750.0000,3,0.721030,1,-2.364867,4.345700,32.354475,8.340661,48.610080,0,-2.3648648648648796
2019-07-18,sh.603096,57.3000,59.0000,57.0700,57.2000,57.8000,163700,9450061.0000,3,0.303609,1,-1.038060,4.300589,32.018615,8.254079,48.105477,0,-1.038062283737018
2019-07-19,sh.603096,57.7700,57.7700,56.3700,57.2100,57.2000,378531,21632587.0000,3,0.702049,1,0.017480,4.301341,32.024213,8.255522,48.113887,0,0.01748251748250329
2019-07-22,sh.603096,56.9900,57.3500,54.5000,56.7600,57.2100,212465,12031432.0000,3,0.394052,1,-0.786577,4.267508,31.772318,8.190586,47.735435,0,-0.7865757734661805
2019-07-23,sh.603096,56.8300,58.9600,56.2200,57.9800,56.7600,180319,10381477.0000,3,0.334432,1,2.149403,4.359234,32.455233,8.366635,48.761461,0,2.1494009866102948
2019-07-24,sh.603096,57.9800,59.3300,57.5600,58.7100,57.9800,134684,7909848.0000,3,0.249794,1,1.259054,4.414119,32.863862,8.471975,49.375394,0,1.2590548464987972
2019-07-25,sh.603096,58.7100,60.3000,58.1100,60.2700,58.7100,473820,28392421.0000,3,0.878779,1,2.657130,4.531408,33.737097,8.697087,50.687362,0,2.657128257537056
2019-07-26,sh.603096,60.2700,60.4700,59.2500,59.5400,60.2700,131200,7850011.0000,3,0.243300,1,-1.211200,4.476522,33.328468,8.591746,50.073428,0,-1.2112161937945953
2019-07-29,sh.603096,60.0600,60.3600,58.5500,59.5800,59.5400,192053,11374146.0000,3,0.356195,1,0.067183,4.479530,33.350859,8.597518,50.107069,0,0.06718172657036448
2019-07-30,sh.603096,59.4400,59.7200,58.7000,59.5000,59.5800,205819,12176768.0000,3,0.381700,1,-0.134300,4.473515,33.306077,8.585974,50.039788,0,-0.1342732460557161
2019-07-31,sh.603096,58.6200,59.4800,57.7000,58.1000,59.5000,227696,13301949.0000,3,0.422300,1,-2.352900,4.368256,32.522405,8.383951,48.862381,0,-2.352941176470591
2019-08-01,sh.603096,57.9000,58.5000,57.0300,57.2900,58.1000,204405,11770870.0000,3,0.379100,1,-1.394100,4.307356,32.068994,8.267066,48.181167,0,-1.3941480206540513
2019-08-02,sh.603096,56.9000,57.0000,55.1100,56.1600,57.2900,352900,19816069.0000,3,0.654500,1,-1.972400,4.222397,31.436459,8.104005,47.230832,0,-1.9724210158841071
2019-08-05,sh.603096,55.9700,56.5600,54.7500,54.8800,56.1600,167900,9339086.0000,3,0.311400,1,-2.279200,4.126160,30.719958,7.919298,46.154346,0,-2.2792022792022637
2019-08-06,sh.603096,54.4000,56.1500,54.0000,55.9000,54.8800,231332,12817527.0000,3,0.429000,1,1.858600,4.202849,31.290920,8.066487,47.012171,0,1.8586005830903751
2019-08-07,sh.603096,56.4900,56.5600,55.1600,55.5500,55.9000,152300,8460727.0000,3,0.282500,1,-0.626100,4.176534,31.095002,8.015981,46.717819,0,-0.6261180679785316
2019-08-08,sh.603096,55.5500,56.1900,54.6200,54.8700,55.5500,224461,12351986.0000,3,0.416300,1,-1.224100,4.125408,30.714361,7.917855,46.145936,0,-1.2241224122412242
2019-08-09,sh.603096,55.1000,55.1100,53.7400,54.0100,54.8700,250100,13582661.0000,3,0.463900,1,-1.567300,4.060749,30.232962,7.793756,45.422672,0,-1.567340987789323
2019-08-12,sh.603096,54.3500,56.8000,53.8100,56.5100,54.0100,380485,21142772.0000,3,0.705700,1,4.628800,4.248711,31.632377,8.154511,47.525184,0,4.628772449546381
2019-08-13,sh.603096,55.9900,56.4000,55.3800,55.8900,56.5100,152153,8504381.0000,3,0.280200,1,-1.097100,4.202097,31.285322,8.065044,47.003761,0,-1.0971509467350815
2019-08-14,sh.603096,56.3500,56.8000,55.5000,55.9700,55.8900,154100,8653579.0000,3,0.283800,1,0.143100,4.208111,31.330103,8.076588,47.071041,0,0.14313830738952316
2019-08-15,sh.603096,55.0000,56.6800,53.9000,56.3100,55.9700,173213,9681455.0000,3,0.318900,1,0.607500,4.233674,31.520424,8.125650,47.356983,0,0.6074682865821135
2019-08-16,sh.603096,56.2600,57.5000,55.2500,56.4900,56.3100,343530,19425037.0000,3,0.632600,1,0.319700,4.247208,31.621182,8.151625,47.508364,0,0.3196590303676139
2019-08-19,sh.603096,56.8700,58.4800,55.7800,58.1000,56.4900,442802,25621359.0000,3,0.815400,1,2.850100,4.398538,31.368462,8.226809,-130.559346,0,2.850061957868655
2019-08-20,sh.603096,58.9100,59.0000,56.0100,56.6500,58.1000,532440,30722331.0000,3,0.980400,1,-2.495700,4.288764,30.585600,8.021493,-127.300980,0,-2.495697074010328
2019-08-21,sh.603096,57.0000,61.2900,56.7400,59.5500,56.6500,742542,44160703.0000,3,1.367300,1,5.119100,4.508312,32.151324,8.432125,-133.817712,0,5.119152691968232
2019-08-22,sh.603096,59.6300,60.8800,58.8500,59.7500,59.5500,504829,30170826.0000,3,0.929600,1,0.335900,4.523453,32.259305,8.460444,-134.267142,0,0.3358522250209939
2019-08-23,sh.603096,59.7300,61.4000,58.3300,60.8300,59.7500,591594,35625510.0000,3,1.089300,1,1.807500,4.605216,32.842402,8.613370,-136.694062,0,1.8075313807531357
2019-08-26,sh.603096,60.0000,62.4400,59.1000,62.0100,60.8300,560617,34307720.0000,3,1.032300,1,1.939800,4.694550,33.479489,8.780455,-139.345698,0,1.939832319579149
2019-08-27,sh.603096,62.0100,63.5000,60.3800,61.0100,62.0100,513075,31721794.0000,3,0.944800,1,-1.612600,4.618843,32.939585,8.638857,-137.098549,0,-1.6126431220770843
2019-08-28,sh.603096,60.9800,62.2700,60.6200,61.7000,61.0100,609275,37460253.0000,3,1.121900,1,1.131000,4.671081,33.312119,8.736559,-138.649082,0,1.1309621373545298
2019-08-29,sh.603096,61.0000,62.0000,60.1100,60.3000,61.7000,364660,22155229.0000,3,0.671500,1,-2.269000,4.565092,32.556252,8.538323,-135.503073,0,-2.2690437601296742
2019-08-30,sh.603096,61.0000,61.2000,59.7000,60.0200,60.3000,445192,26966659.0000,3,0.819800,1,-0.464300,4.543894,32.405079,8.498676,-134.873872,0,-0.4643449419568735
2019-09-02,sh.603096,59.9900,62.3300,59.1700,61.5200,60.0200,342909,20995430.0000,3,0.631400,1,2.499200,4.657454,33.214936,8.711072,-138.244595,0,2.4991669443518827
2019-09-03,sh.603096,62.0000,62.8800,61.5000,61.7000,61.5200,258000,15983821.0000,3,0.475100,1,0.292600,4.671081,33.312119,8.736559,-138.649082,0,0.2925877763328977
2019-09-04,sh.603096,61.6100,62.3900,60.6300,61.8700,61.7000,286793,17726760.0000,3,0.528100,1,0.275500,4.683951,33.403903,8.760631,-139.031097,0,0.27552674230144625
2019-09-05,sh.603096,62.0300,62.7500,60.6000,61.0000,61.8700,465150,28792017.0000,3,0.856500,1,-1.406200,4.618086,32.934186,8.637441,-137.076078,0,-1.4061742363019158
2019-09-06,sh.603096,61.0000,61.7700,59.6900,60.1300,61.0000,420200,25286519.0000,3,0.773700,1,-1.426200,4.552222,32.464469,8.514251,-135.121058,0,-1.4262295081967191
2019-09-09,sh.603096,60.3300,61.4900,59.4900,60.0000,60.1300,549920,33049523.0000,3,1.012600,1,-0.216200,4.542380,32.394281,8.495844,-134.828929,0,-0.2161982371528426
2019-09-10,sh.603096,60.0000,60.5000,59.5600,60.1900,60.0000,256977,15431097.0000,3,0.473200,1,0.316700,4.556764,32.496863,8.522747,-135.255887,0,0.316666666666654
2019-09-11,sh.603096,60.2000,60.3400,58.8000,58.9200,60.1900,301933,17867306.0000,3,0.556000,1,-2.110000,4.460617,31.811184,8.342919,-132.402008,0,-2.109985047350049
2019-09-12,sh.603096,58.8700,59.0500,57.9500,58.6200,58.9200,500529,29215735.0000,3,0.921600,1,-0.509200,4.437905,31.649213,8.300439,-131.727863,0,-0.5091649694501044
2019-09-16,sh.603096,58.7000,59.8000,58.7000,59.0400,58.6200,360702,21319502.0000,3,0.664200,1,0.716500,4.469702,31.875973,8.359910,-132.671666,0,0.7164790174002178
2019-09-17,sh.603096,59.0000,59.4900,58.5300,58.7200,59.0400,329367,19412615.0000,3,0.606500,1,-0.542000,4.445476,31.703203,8.314599,-131.952578,0,-0.5420054200542035
2019-09-18,sh.603096,58.5000,59.4800,58.5000,59.0900,58.7200,194352,11467826.0000,3,0.357900,1,0.630100,4.473487,31.902968,8.366990,-132.784023,0,0.6301089918256286
2019-09-19,sh.603096,59.2000,59.6100,58.2000,58.7000,59.0900,302785,17815326.0000,3,0.557500,1,-0.660000,4.443962,31.692405,8.311767,-131.907635,0,-0.6600101540023662
2019-09-20,sh.603096,58.5100,59.3000,58.3200,58.7500,58.7000,289724,17057341.0000,3,0.533500,1,0.085200,4.447747,31.719400,8.318847,-132.019993,0,0.08517887563883608
2019-09-23,sh.603096,58.9600,59.2000,57.7900,58.0600,58.7500,261736,15280170.0000,3,0.481900,1,-1.174500,4.395510,31.346866,8.221145,-130.469460,0,-1.1744680851063838
2019-09-24,sh.603096,58.5000,58.7800,58.0600,58.2500,58.0600,395969,23126395.0000,3,0.729100,1,0.327200,4.409894,31.449448,8.248048,-130.896418,0,0.3272476748191533
2019-09-25,sh.603096,58.7000,58.7000,56.6000,56.8800,58.2500,628380,35923751.0000,3,1.157100,1,-2.351900,4.306176,30.709778,8.054060,-127.817825,0,-2.3519313304721012
2019-09-26,sh.603096,56.8100,57.3900,54.5800,57.2400,56.8800,677446,37874137.0000,3,1.247400,1,0.632900,4.333430,30.904144,8.105035,-128.626798,0,0.6329113924050667
2019-09-27,sh.603096,56.7700,56.7700,55.0000,56.0800,57.2400,548535,30433479.0000,3,1.010000,1,-2.026600,4.245611,30.277855,7.940782,-126.020105,0,-2.0265548567435454
2019-09-30,sh.603096,55.9600,55.9600,54.7600,55.2200,56.0800,357754,19786821.0000,3,0.658800,1,-1.533500,4.180504,29.813537,7.819008,-124.087557,0,-1.5335235378031387
2019-10-08,sh.603096,55.2500,57.4800,54.5400,56.9000,55.2200,518708,29264899.0000,3,0.955100,1,3.042400,4.307690,30.720576,8.056892,-127.862767,0,3.042375950742482
2019-10-09,sh.603096,56.5900,57.4100,56.3300,56.9000,56.9000,283100,16091058.0000,3,0.521300,1,0.000000,4.307690,30.720576,8.056892,-127.862767,0,0.0
2019-10-10,sh.603096,57.1100,59.1200,56.2900,58.7300,56.9000,481300,28008285.0000,3,0.886200,1,3.216200,4.446233,31.708602,8.316015,-131.975050,0,3.2161687170474407
2019-10-11,sh.603096,58.7000,59.4600,58.1000,59.0000,58.7300,272339,16082417.0000,3,0.501500,1,0.459700,4.466674,31.854376,8.354246,-132.581780,0,0.45973097224587534
2019-10-14,sh.603096,59.6700,59.6700,57.8800,58.7300,59.0000,269838,15932597.0000,3,0.496900,1,-0.457600,4.446233,31.708602,8.316015,-131.975050,0,-0.45762711864407724
2019-10-15,sh.603096,58.6000,59.5000,58.4300,58.7300,58.7300,303600,17943140.0000,3,0.559000,1,0.000000,4.446233,31.708602,8.316015,-131.975050,0,0.0
2019-10-16,sh.603096,59.1200,59.4300,58.5000,58.8600,58.7300,108000,6360339.0000,3,0.198900,1,0.221400,4.456075,31.778790,8.334423,-132.267179,0,0.22135194959986837
2019-10-17,sh.603096,59.3000,59.3000,57.7200,57.9800,58.8600,448149,26057345.0000,3,0.825200,1,-1.495100,4.389453,31.303674,8.209817,-130.289688,0,-1.4950730547060864
2019-10-18,sh.603096,57.9800,58.6200,57.4600,57.7100,57.9800,342799,19831390.0000,3,0.631200,1,-0.465700,4.369012,31.157899,8.171586,-129.682958,0,-0.46567781993790414
2019-10-21,sh.603096,57.7100,57.7700,55.7200,56.4000,57.7100,336163,19016716.0000,3,0.619000,1,-2.270000,4.269837,30.450624,7.986093,-126.739193,0,-2.269970542367017
2019-10-22,sh.603096,57.1100,57.5000,56.1300,56.5500,56.4000,274749,15582012.0000,3,0.505900,1,0.266000,4.281193,30.531610,8.007333,-127.076265,0,0.26595744680850686
2019-10-23,sh.603096,56.8900,57.6000,56.4300,57.3300,56.5500,216693,12402393.0000,3,0.399000,1,1.379300,4.340244,30.952736,8.117779,-128.829041,0,1.379310344827589
2019-10-24,sh.603096,56.9000,57.4900,56.1400,57.1000,57.3300,162872,9295666.0000,3,0.299900,1,-0.401200,4.322832,30.828557,8.085211,-128.312197,0,-0.4011861154718188
2019-10-25,sh.603096,57.1000,59.2800,56.8800,59.1500,57.1000,334900,19616959.0000,3,0.616700,1,3.590200,4.478030,31.935362,8.375486,-132.918852,0,3.5901926444833476
2019-10-28,sh.603096,59.1000,59.6900,58.7500,59.0400,59.1500,176400,10430536.0000,3,0.324800,1,-0.186000,4.469702,31.875973,8.359910,-132.671666,0,-0.18596787827557248
2019-10-29,sh.603096,59.1700,59.1700,56.8300,57.7000,59.0400,506430,29222145.0000,3,0.932500,1,-2.269600,4.156684,30.743635,8.278021,68.753138,0,-2.269647696476962
2019-10-30,sh.603096,56.9900,58.0000,55.3700,57.4200,57.7000,562066,31868045.0000,3,1.035000,1,-0.485300,4.136513,30.594446,8.237850,68.419501,0,-0.48526863084922267
2019-10-31,sh.603096,57.3300,59.3800,56.8500,59.2700,57.4200,605590,35569961.0000,3,1.115100,1,3.221900,4.269786,31.580160,8.503263,70.623891,0,3.221873911529083
2019-11-01,sh.603096,59.6800,59.6800,57.5000,57.5500,59.2700,637355,37021936.0000,3,1.173600,1,-2.902000,4.145878,30.663712,8.256501,68.574404,0,-2.9019740172093855
2019-11-04,sh.603096,57.5600,58.1500,56.0000,56.4200,57.5500,663408,37709602.0000,3,1.221600,1,-1.963500,4.064473,30.061627,8.094383,67.227939,0,-1.9635099913118959
2019-11-05,sh.603096,56.2400,58.3500,56.0200,57.6300,56.4200,525916,30049678.0000,3,0.968400,1,2.144600,4.151641,30.706337,8.267978,68.669729,0,2.1446295639844015
2019-11-06,sh.603096,57.0300,57.9500,56.8000,57.0800,57.6300,225953,12966122.0000,3,0.416100,1,-0.954400,4.112019,30.413287,8.189071,68.014370,0,-0.9543640465035641
2019-11-07,sh.603096,57.0000,58.2800,56.8000,57.7000,57.0800,237006,13673678.0000,3,0.436400,1,1.086200,4.156684,30.743635,8.278021,68.753138,0,1.0861948142957267
2019-11-08,sh.603096,57.7700,59.6000,57.4200,59.3300,57.7000,514522,30314684.0000,3,0.947400,1,2.825000,4.274108,31.612129,8.511871,70.695385,0,2.824956672443668
2019-11-11,sh.603096,58.6500,59.0000,57.1200,57.3000,59.3300,259395,14992072.0000,3,0.477600,1,-3.421500,4.127868,30.530507,8.220634,68.276513,0,-3.421540535985168
2019-11-12,sh.603096,57.0000,58.0300,56.9800,57.9400,57.3000,214395,12359784.0000,3,0.394800,1,1.116900,4.173973,30.871511,8.312453,69.039113,0,1.1169284467713814
2019-11-13,sh.603096,57.9200,58.4900,57.0200,57.2000,57.9400,193904,11118004.0000,3,0.357000,1,-1.277200,4.120664,30.477225,8.206287,68.157357,0,-1.2771832930617788
2019-11-14,sh.603096,57.2000,58.2000,57.0700,57.7700,57.2000,135000,7769637.0000,3,0.248600,1,0.996500,4.161727,30.780932,8.288063,68.836548,0,0.9965034965034869
2019-11-15,sh.603096,57.4700,58.2400,57.2600,57.6200,57.7700,124436,7194323.0000,3,0.229100,1,-0.259700,4.150921,30.701009,8.266543,68.657813,0,-0.2596503375454473
2019-11-18,sh.603096,57.0000,59.1900,56.6700,58.5000,57.6200,310816,18043186.0000,3,0.572300,1,1.527200,4.214315,31.169890,8.392794,69.706388,0,1.5272474835126726
2019-11-19,sh.603096,58.1700,59.4000,58.1700,59.0500,58.5000,407500,24044139.0000,3,0.750300,1,0.940200,4.253937,31.462940,8.471700,70.361747,0,0.9401709401709368
2019-11-20,sh.603096,59.0100,59.9000,57.9600,58.1600,59.0500,239000,13962833.0000,3,0.440100,1,-1.507200,4.189822,30.988731,8.344015,69.301257,0,-1.5071972904318387
2019-11-21,sh.603096,57.9000,58.4400,57.2300,57.4000,58.1600,178300,10293806.0000,3,0.328300,1,-1.306700,4.135072,30.583789,8.234981,68.395670,0,-1.3067400275103114
2019-11-22,sh.603096,57.3900,58.1900,56.1100,56.3800,57.4000,355982,20316076.0000,3,0.655500,1,-1.777000,4.061592,30.040314,8.088645,67.180276,0,-1.7770034843205496
2019-11-25,sh.603096,56.4100,57.4800,55.7000,56.1000,56.3800,225949,12690042.0000,3,0.416100,1,-0.496600,4.041420,29.891125,8.048474,66.846639,0,-0.496630010642074
2019-11-26,sh.603096,56.3500,56.3700,55.0800,55.4000,56.1000,316670,17578638.0000,3,0.583100,1,-1.247800,3.990993,29.518152,7.948047,66.012545,0,-1.2477718360071388
2019-11-27,sh.603096,55.3400,56.1400,55.0700,55.5500,55.4000,255551,14217951.0000,3,0.470600,1,0.270800,4.001799,29.598075,7.969567,66.191280,0,0.27075812274368616
2019-11-28,sh.603096,55.4700,56.2000,55.1000,56.0000,55.5500,235103,13101337.0000,3,0.432900,1,0.810100,4.034217,29.837843,8.034127,66.727483,0,0.8100810081008047
2019-11-29,sh.603096,55.5100,56.5600,55.5100,56.5600,56.0000,374049,21016187.0000,3,0.688800,1,1.000000,4.074559,30.136221,8.114469,67.394757,0,1.0000000000000009
2019-12-02,sh.603096,56.5600,57.4500,56.0300,57.1000,56.5600,476046,27143101.0000,3,0.876600,1,0.954700,4.113460,30.423944,8.191941,68.038201,0,0.9547383309759461
2019-12-03,sh.603096,57.3600,57.6600,56.5000,57.3000,57.1000,380478,21691490.0000,3,0.700600,1,0.350300,4.127868,30.530507,8.220634,68.276513,0,0.3502626970227629
2019-12-04,sh.603096,57.3500,57.4900,56.0600,56.7800,57.3000,299747,17059183.0000,3,0.551900,1,-0.907500,4.090407,30.253442,8.146031,67.656901,0,-0.9075043630017432
2019-12-05,sh.603096,56.7000,57.0800,56.4300,56.9500,56.7800,278016,15793521.0000,3,0.511900,1,0.299400,4.102654,30.344021,8.170421,67.859467,0,0.29940119760478723
2019-12-06,sh.603096,57.3000,58.0000,56.6000,58.0000,56.9500,636588,36475357.0000,3,1.172200,1,1.843700,4.178296,30.903480,8.321061,69.110607,0,1.843722563652328
2019-12-09,sh.603096,58.0000,58.3800,57.5700,57.9900,58.0000,263868,15308309.0000,3,0.485900,1,-0.017200,4.177575,30.898152,8.319626,69.098691,0,-0.017241379310339866
2019-12-10,sh.603096,57.5700,58.0600,56.0300,56.8000,57.9900,296869,16935542.0000,3,0.546600,1,-2.052100,4.091848,30.264098,8.148901,67.680732,0,-2.0520779444731962
2019-12-11,sh.603096,56.6000,57.5300,56.1800,56.7500,56.8000,386761,21927192.0000,3,0.712200,1,-0.088000,4.088246,30.237457,8.141727,67.621154,0,-0.08802816901407606
2019-12-12,sh.603096,56.2000,56.7900,56.1100,56.4400,56.7500,191600,10815930.0000,3,0.352800,1,-0.546300,4.065914,30.072283,8.097253,67.251770,0,-0.5462555066079289
2019-12-13,sh.603096,56.5000,57.3000,56.4500,56.9700,56.4400,208580,11872898.0000,3,0.384100,1,0.939100,4.104095,30.354677,8.173290,67.883298,0,0.9390503189227628
2019-12-16,sh.603096,56.9600,57.2800,56.5800,56.9800,56.9700,364497,20715301.0000,3,0.671200,1,0.017600,4.104815,30.360005,8.174725,67.895214,0,0.01755309812181416
2019-12-17,sh.603096,57.0000,57.5700,56.7100,57.2000,56.9800,351491,20057380.0000,3,0.647200,1,0.386100,4.120664,30.477225,8.206287,68.157357,0,0.38610038610040753
2019-12-18,sh.603096,57.2000,57.3300,56.4000,56.8300,57.2000,575974,32630609.0000,3,1.060600,1,-0.646900,4.094009,30.280083,8.153205,67.716479,0,-0.6468531468531546
2019-12-19,sh.603096,56.9700,58.6100,56.6000,57.8800,56.8300,937261,54230041.0000,3,1.725800,1,1.847600,4.169651,30.839542,8.303845,68.967620,0,1.8476156959352563
2019-12-20,sh.603096,57.8800,58.3700,57.0200,57.2100,57.8800,496622,28578753.0000,3,0.914500,1,-1.157600,4.121384,30.482554,8.207722,68.169273,0,-1.1575673807878384
2019-12-23,sh.603096,56.7800,57.2000,55.1400,56.1300,57.2100,644851,36110844.0000,3,1.187400,1,-1.887800,4.043582,29.907109,8.052778,66.882386,0,-1.8877818563188264
2019-12-24,sh.603096,56.1000,56.5700,55.3900,56.4900,56.1300,377803,21169632.0000,3,0.695700,1,0.641400,4.069516,30.098924,8.104426,67.311348,0,0.6413682522715014
2019-12-25,sh.603096,56.4900,57.3000,56.0600,56.6000,56.4900,514107,29187285.0000,3,0.946700,1,0.194700,4.077440,30.157534,8.120207,67.442420,0,0.19472473004071844
2019-12-26,sh.603096,56.8200,57.1100,56.5100,56.9900,56.6000,367021,20872409.0000,3,0.675800,1,0.689100,4.105536,30.365333,8.176159,67.907129,0,0.6890459363957602
2019-12-27,sh.603096,57.3300,57.3300,55.8000,56.0700,56.9900,496007,28019535.0000,3,0.913300,1,-1.614300,4.039259,29.875140,8.044170,66.810892,0,-1.6143183014563967
2019-12-30,sh.603096,55.9000,56.0700,55.1400,55.5000,56.0700,907271,50351580.0000,3,1.670600,1,-1.016600,3.998197,29.571434,7.962394,66.131702,0,-1.016586409844833
2019-12-31,sh.603096,55.5900,55.5900,55.0000,55.3000,55.5000,590080,32583602.0000,3,1.086500,1,-0.360400,3.983789,29.464870,7.933701,65.893389,0,-0.3603603603603678
2020-01-02,sh.603096,55.4800,56.4700,55.4000,56.4600,55.3000,708299,39704886.0000,3,1.304200,1,2.097600,4.067355,30.082940,8.100122,67.275601,0,2.097649186256789
2020-01-03,sh.603096,56.5700,56.8000,55.8000,56.3600,56.4600,556900,31369725.0000,3,1.025400,1,-0.177100,4.060151,30.029658,8.085775,67.156445,0,-0.17711654268508514
2020-01-06,sh.603096,56.2100,56.6500,55.6000,55.8000,56.3600,608873,34069270.0000,3,1.121100,1,-0.993600,4.019809,29.731279,8.005434,66.489170,0,-0.9936124911284594
2020-01-07,sh.603096,56.0100,58.1800,55.7800,57.8700,55.8000,1115715,63600337.0000,3,2.054400,1,3.709700,4.168931,30.834214,8.302410,68.955704,0,3.70967741935484
2020-01-08,sh.603096,56.8800,58.5000,56.8800,57.0900,57.8700,760736,43753697.0000,3,1.400800,1,-1.347800,4.112740,30.418615,8.190506,68.026285,0,-1.3478486262311962
2020-01-09,sh.603096,57.1300,59.2000,57.1300,58.9500,57.0900,717596,41916010.0000,3,1.321300,1,3.258000,4.246733,31.409658,8.457354,70.242591,0,3.2580136626379375
2020-01-10,sh.603096,58.8300,61.7600,58.8100,60.6000,58.9500,751200,45537285.0000,3,1.383200,1,2.799000,4.365599,32.288809,8.694074,72.208669,0,2.7989821882951738
2020-01-13,sh.603096,60.0200,63.4800,59.7300,62.3000,60.6000,1053221,65686511.0000,3,1.939300,1,2.805300,4.488066,33.194600,8.937967,74.234324,0,2.8052805280528004
2020-01-14,sh.603096,62.2000,63.3700,60.4900,61.9200,62.3000,822522,50418430.0000,3,1.514600,1,-0.610000,4.460691,32.992129,8.883449,73.781531,0,-0.6099518459068975
2020-01-15,sh.603096,61.5000,61.5000,60.2000,60.4100,61.9200,608244,36816617.0000,3,1.120000,1,-2.438600,4.351911,32.187573,8.666815,71.982272,0,-2.438630490956084
2020-01-16,sh.603096,60.6700,61.0000,59.8700,60.3700,60.4100,456896,27575123.0000,3,0.841300,1,-0.066200,4.349030,32.166260,8.661076,71.934609,0,-0.06621420294653513
2020-01-17,sh.603096,60.4900,60.9900,59.6000,59.6100,60.3700,399548,24004746.0000,3,0.735700,1,-1.258900,4.294279,31.761318,8.552042,71.029022,0,-1.2589034288553846
2020-01-20,sh.603096,59.5000,60.9800,58.8200,58.9200,59.6100,533273,31532677.0000,3,0.981900,1,-1.157500,4.244572,31.393673,8.453050,70.206844,0,-1.157523905384994
2020-01-21,sh.603096,59.4700,59.4800,58.3900,59.2000,58.9200,500212,29389295.0000,3,0.921100,1,0.475200,4.264743,31.542863,8.493220,70.540482,0,0.4752206381534396
2020-01-22,sh.603096,58.8100,58.9700,57.0300,57.4800,59.2000,781729,45177913.0000,3,1.439400,1,-2.905400,4.140835,30.626415,8.246458,68.490995,0,-2.9054054054054146
2020-01-23,sh.603096,57.0000,59.3300,56.4300,57.4300,57.4800,1114036,64505601.0000,3,2.051300,1,-0.087000,4.137233,30.599774,8.239285,68.431417,0,-0.08698677800973442
2020-02-03,sh.603096,51.6900,55.7700,51.6900,53.8400,57.4300,702100,37630850.0000,3,1.292800,1,-6.251100,3.878611,28.686955,7.724240,64.153708,0,-6.25108828138603
2020-02-04,sh.603096,54.3800,55.8700,53.7000,55.1400,53.8400,505452,27861968.0000,3,0.930700,1,2.414600,3.972262,29.379619,7.910746,65.702739,0,2.4145616641901846
2020-02-05,sh.603096,56.0000,56.0000,54.0600,54.4100,55.1400,706707,38758204.0000,3,1.301300,1,-1.323900,3.919674,28.990661,7.806016,64.832899,0,-1.3239027928908298
2020-02-06,sh.603096,54.3000,54.6300,52.2100,54.5300,54.4100,979955,52429913.0000,3,1.804400,1,0.220500,3.928318,29.054600,7.823232,64.975886,0,0.22054769343871072
2020-02-07,sh.603096,54.5900,57.9700,53.8100,57.1500,54.5300,967000,54386863.0000,3,1.780600,1,4.804700,4.117062,30.450584,8.199114,68.097779,0,4.804694663487985
2020-02-10,sh.603096,57.7700,57.7700,55.5000,55.8800,57.1500,633819,35541843.0000,3,1.167100,1,-2.222200,4.025572,29.773905,8.016911,66.584495,0,-2.2222222222222143
2020-02-11,sh.603096,55.8800,56.1200,55.4500,55.4700,55.8800,428908,23910425.0000,3,0.789800,1,-0.733700,3.996036,29.555449,7.958090,66.095955,0,-0.7337151037938527
2020-02-12,sh.603096,55.5300,55.7700,54.5500,55.1900,55.4700,440718,24250095.0000,3,0.811500,1,-0.504800,3.975864,29.406260,7.917920,65.762317,0,-0.5047773571299818
2020-02-13,sh.603096,54.8000,55.4700,54.0100,54.6500,55.1900,523622,28689489.0000,3,0.964200,1,-0.978400,3.936963,29.118538,7.840448,65.118874,0,-0.9784381228483352
2020-02-14,sh.603096,54.3000,54.9500,54.0800,54.1900,54.6500,359789,19594734.0000,3,0.662500,1,-0.841700,3.903825,28.873441,7.774453,64.570755,0,-0.8417200365965272
2020-02-17,sh.603096,54.4500,56.4600,54.2200,56.1600,54.1900,892141,49365297.0000,3,1.642700,1,3.635400,4.045743,29.923094,8.057082,66.918133,0,3.635357076951462
2020-02-18,sh.603096,56.6100,56.6100,54.9000,55.5600,56.1600,572242,31698630.0000,3,1.053700,1,-1.068400,4.002519,29.603403,7.971002,66.203195,0,-1.0683760683760535
2020-02-19,sh.603096,55.1800,55.7700,55.0900,55.2100,55.5600,538047,29815960.0000,3,0.990700,1,-0.630000,4.002519,29.603403,7.971002,66.203195,0,-0.6299496040316765
2020-02-20,sh.603096,55.2400,55.6600,54.7300,55.5000,55.2100,623561,34388746.0000,3,1.148200,1,0.525300,3.998197,29.571434,7.962394,66.131702,0,0.5252671617460569
2020-02-21,sh.603096,55.5000,56.5100,55.0100,56.1000,55.5000,777948,43381723.0000,3,1.432500,1,1.081100,4.041420,29.891125,8.048474,66.846639,0,1.0810810810810922
2020-02-24,sh.603096,55.8300,56.6000,55.3700,56.1800,56.1000,366177,20479173.0000,3,0.674300,1,0.142600,4.047184,29.933750,8.059951,66.941964,0,0.14260249554367554
2020-02-25,sh.603096,55.6000,55.6000,53.7100,54.7200,56.1800,566495,31016399.0000,3,1.043100,1,-2.598800,3.942006,29.155835,7.850490,65.202283,0,-2.598789604841578
2020-02-26,sh.603096,54.4000,54.5500,53.6800,53.7800,54.7200,655874,35387839.0000,3,1.207700,1,-1.717800,3.874289,28.654986,7.715632,64.082215,0,-1.7178362573099348
2020-02-27,sh.603096,53.6000,53.9600,52.3400,52.7500,53.7800,657259,34753769.0000,3,1.210200,1,-1.915200,3.800088,28.106183,7.567861,62.854906,0,-1.9152101152844936
2020-02-28,sh.603096,51.8000,52.4000,51.7100,51.8800,52.7500,439400,22844916.0000,3,0.809100,1,-1.649300,3.737413,27.642630,7.443045,61.818246,0,-1.6492890995260634
2020-03-02,sh.603096,51.5500,52.9300,51.5500,52.8000,51.8800,396523,20798367.0000,3,0.730100,1,1.773300,3.803690,28.132823,7.575034,62.914484,0,1.7733230531996824
2020-03-03,sh.603096,53.4000,53.4000,52.3200,52.5800,52.8000,351624,18613692.0000,3,0.647500,1,-0.416700,3.787841,28.015603,7.543472,62.652340,0,-0.4166666666666652
2020-03-04,sh.603096,52.3000,52.7000,51.9000,52.3500,52.5800,318900,16653764.0000,3,0.587200,1,-0.437400,3.771272,27.893055,7.510474,62.378281,0,-0.4374286801064997
2020-03-05,sh.603096,52.8800,53.2000,52.2500,53.0300,52.3500,572641,30141867.0000,3,1.054400,1,1.299000,3.820259,28.255372,7.608032,63.188543,0,1.2989493791786044
2020-03-06,sh.603096,52.5000,52.8900,51.7300,52.3000,53.0300,778500,40727009.0000,3,1.433500,1,-1.376600,3.767670,27.866414,7.503301,62.318703,0,-1.3765792947388333
2020-03-09,sh.603096,51.7000,52.0000,49.0000,49.6500,52.3000,1024000,51718366.0000,3,1.885500,1,-5.066900,3.576765,26.454445,7.123115,59.161063,0,-5.066921606118546
2020-03-10,sh.603096,49.5100,50.3700,48.6700,50.0200,49.6500,646256,32035596.0000,3,1.190000,1,0.745200,3.603420,26.651588,7.176197,59.601941,0,0.7452165156092816
2020-03-11,sh.603096,50.2200,52.2500,49.7500,52.0300,50.0200,1128959,58116109.0000,3,2.078800,1,4.018400,3.748219,27.722553,7.464565,61.996981,0,4.018392642942814
2020-03-12,sh.603096,52.0300,53.3800,51.0600,52.7300,52.0300,1057085,55621496.0000,3,1.946500,1,1.345400,3.798647,28.095526,7.564992,62.831074,0,1.3453776667307293
2020-03-13,sh.603096,51.0000,53.6000,50.0800,53.3800,52.7300,812071,42536511.0000,3,1.495300,1,1.232700,3.845473,28.441858,7.658245,63.605590,0,1.2326948606106614
2020-03-16,sh.603096,54.6000,54.6000,51.4800,51.9600,53.3800,563077,29987895.0000,3,1.036800,1,-2.660200,3.743177,27.685256,7.454523,61.913571,0,-2.660172349194456
2020-03-17,sh.603096,51.9600,53.0000,51.2700,52.9500,51.9600,444342,23254856.0000,3,0.818200,1,1.905300,3.814496,28.212746,7.596554,63.093218,0,1.9053117782910078
2020-03-18,sh.603096,53.4900,55.4800,52.5500,53.5200,52.9500,1130775,61336609.0000,3,2.082200,1,1.076500,3.855558,28.516453,7.678330,63.772408,0,1.076487252124636
2020-03-19,sh.603096,54.0600,54.0600,50.3100,50.9500,53.5200,792500,41061895.0000,3,1.459300,1,-4.801900,3.670417,27.147109,7.309621,60.710094,0,-4.801943198804182
2020-03-20,sh.603096,50.9500,52.5000,50.9500,52.4100,50.9500,401800,20912803.0000,3,0.739900,1,2.865600,3.775594,27.925024,7.519082,62.449774,0,2.8655544651619014
2020-03-23,sh.603096,51.7500,52.2100,50.7300,51.1000,52.4100,255000,13126805.0000,3,0.469500,1,-2.499500,3.681223,27.227032,7.331141,60.888828,0,-2.4995229917954553
2020-03-24,sh.603096,51.1000,52.3000,50.6100,51.2600,51.1000,233889,11974731.0000,3,0.430700,1,0.313100,3.692749,27.312283,7.354096,61.079478,0,0.31311154598825386
2020-03-25,sh.603096,52.1600,52.8700,51.5300,52.0000,51.2600,309600,16142710.0000,3,0.570100,1,1.443600,3.746058,27.706569,7.460261,61.961234,0,1.4436207569254789
2020-03-26,sh.603096,51.9900,52.3300,51.5700,51.7000,52.0000,169369,8774053.0000,3,0.311900,1,-0.576900,3.724446,27.546723,7.417221,61.603765,0,-0.5769230769230749
2020-03-27,sh.603096,52.5600,52.8600,51.5000,52.2000,51.7000,235127,12228913.0000,3,0.433000,1,0.967100,3.760466,27.813132,7.488955,62.199546,0,0.9671179883945946
2020-03-30,sh.603096,52.0800,52.0800,51.1100,51.6900,52.2000,176600,9124929.0000,3,0.325200,1,-0.977000,3.723726,27.541395,7.415787,61.591850,0,-0.9770114942528885
2020-03-31,sh.603096,51.7000,52.3600,51.4500,51.5600,51.6900,154600,7996934.0000,3,0.284700,1,-0.251500,3.714361,27.472128,7.397136,61.436946,0,-0.2514993228864282
2020-04-01,sh.603096,51.2400,51.9300,51.2000,51.4000,51.5600,190139,9804913.0000,3,0.350100,1,-0.310300,3.702834,27.386877,7.374181,61.246297,0,-0.3103180760279378
2020-04-02,sh.603096,51.6000,52.0800,50.3100,52.0200,51.4000,172187,8876677.0000,3,0.317100,1,1.206200,3.747499,27.717225,7.463131,61.985065,0,1.20622568093387
2020-04-03,sh.603096,52.4000,52.4000,51.3200,52.0700,52.0200,120900,6285089.0000,3,0.222600,1,0.096100,3.751101,27.743866,7.470304,62.044643,0,0.09611687812378644
2020-04-07,sh.603096,53.1600,53.3000,52.3300,53.0000,52.0700,217120,11496061.0000,3,0.399800,1,1.786100,3.818098,28.239387,7.603728,63.152796,0,1.7860572306510392
2020-04-08,sh.603096,53.2100,53.2100,52.5100,52.9100,53.0000,164174,8685200.0000,3,0.302300,1,-0.169800,3.811614,28.191433,7.590816,63.045555,0,-0.16981132075472027
2020-04-09,sh.603096,52.9200,53.2700,52.7000,52.8900,52.9100,115900,6135663.0000,3,0.213400,1,-0.037800,3.810173,28.180777,7.587946,63.021724,0,-0.03780003780002872
2020-04-10,sh.603096,53.1900,53.1900,52.0500,52.3000,52.8900,174615,9185356.0000,3,0.321500,1,-1.115500,3.767670,27.866414,7.503301,62.318703,0,-1.1155227831348147
2020-04-13,sh.603096,51.3900,52.6000,50.1800,50.3200,52.3000,305400,15520532.0000,3,0.562300,1,-3.785800,3.625032,26.811433,7.219237,59.959409,0,-3.7858508604206476
2020-04-14,sh.603096,50.0300,50.8000,49.7900,50.7800,50.3200,213623,10776061.0000,3,0.393400,1,0.914100,3.658170,27.056530,7.285232,60.507528,0,0.9141494435612074
2020-04-15,sh.603096,50.7600,51.3000,50.4100,50.6400,50.7800,125100,6338850.0000,3,0.230400,1,-0.275700,3.648084,26.981935,7.265147,60.340709,0,-0.275699094131554
2020-04-16,sh.603096,50.6400,50.6400,49.9600,50.1600,50.6400,166900,8363868.0000,3,0.307300,1,-0.947900,3.613505,26.726182,7.196283,59.768759,0,-0.9478672985782088
2020-04-17,sh.603096,50.2000,50.4900,50.0000,50.1000,50.1600,277480,13932366.0000,3,0.510900,1,-0.119600,3.609183,26.694213,7.187675,59.697266,0,-0.11961722488037507
2020-04-20,sh.603096,50.4900,51.9600,50.0600,51.4000,50.1000,248376,12710134.0000,3,0.457300,1,2.594800,3.702834,27.386877,7.374181,61.246297,0,2.594810379241519
2020-04-21,sh.603096,52.1200,52.2400,50.6300,51.4400,51.4000,220994,11335489.0000,3,0.406900,1,0.077800,3.705716,27.408190,7.379920,61.293959,0,0.07782101167315147
2020-04-22,sh.603096,50.7000,51.2000,49.4900,50.0900,51.4400,553923,27843161.0000,3,1.020000,1,-2.624400,3.551242,28.206930,7.324541,-61.578396,0,-2.6244167962674814
2020-04-23,sh.603096,50.4400,51.4000,50.0300,51.1500,50.0900,564752,28713325.0000,3,1.039900,1,2.116200,3.626393,28.803842,7.479542,-62.881513,0,2.1161908564583554
2020-04-24,sh.603096,51.5000,51.5000,49.8000,50.2700,51.1500,420900,21203391.0000,3,0.775000,1,-1.720400,3.564003,28.308292,7.350862,-61.799680,0,-1.7204301075268713
2020-04-27,sh.603096,51.0200,52.5600,50.2700,51.5900,50.2700,403300,20822994.0000,3,0.298600,1,2.625800,3.657587,29.051617,7.543882,-63.422429,0,2.6258205689277947
2020-04-28,sh.603096,52.0000,53.2100,50.0700,51.9200,51.5900,440800,23030164.0000,3,0.326400,1,0.639700,3.680983,29.237449,7.592137,-63.828116,0,0.6396588486140775
2020-04-29,sh.603096,53.3000,57.0800,52.0000,56.1800,51.9200,1611215,89802354.0000,3,1.193100,1,8.204900,3.862928,31.286859,8.495402,23.654467,0,8.204930662557786
2020-04-30,sh.603096,57.6700,58.1800,55.7300,57.5200,56.1800,984212,56367040.0000,3,0.728800,1,2.385200,3.955067,32.033110,8.698033,24.218671,0,2.3851904592381734
2020-05-06,sh.603096,57.5000,60.3600,56.8000,59.3200,57.5200,911643,54129611.0000,3,0.675100,1,3.129300,4.078834,33.035537,8.970225,24.976557,0,3.129346314325443
2020-05-07,sh.603096,59.3400,62.8000,59.3100,59.7400,59.3200,1338489,82117429.0000,3,0.991100,1,0.708000,4.107713,33.269436,9.033736,25.153397,0,0.7080242751180021
2020-05-08,sh.603096,58.4100,63.3700,58.4100,63.3700,59.7400,1000609,62101507.0000,3,0.740900,1,6.076300,4.357312,35.290997,9.582656,26.681800,0,6.076330766655502
2020-05-11,sh.603096,64.0000,66.1200,60.3100,60.5000,63.3700,1561534,97512530.0000,3,1.156300,1,-4.529000,4.159971,33.692683,9.148662,25.473393,0,-4.528956919678073
2020-05-12,sh.603096,61.4300,62.8100,60.6100,62.0300,60.5000,785100,48557741.0000,3,0.581300,1,2.528900,4.265174,34.544746,9.380025,26.117596,0,2.52892561983471
2020-05-13,sh.603096,62.1200,64.9700,60.7000,62.8900,62.0300,718700,45351476.0000,3,0.532200,1,1.386400,4.324307,35.023683,9.510072,26.479697,0,1.3864259229405151
2020-05-14,sh.603096,63.4200,65.7100,62.5100,65.6200,62.8900,694059,44903678.0000,3,0.513900,1,4.340900,4.512021,36.544031,9.922896,27.629158,0,4.340912704722544
2020-05-15,sh.603096,65.5500,66.9700,62.6300,63.2200,65.6200,1078100,69165001.0000,3,0.798300,1,-3.657400,4.346998,35.207462,9.559974,26.618643,0,-3.6574215178299396
2020-05-18,sh.603096,63.9000,65.3000,62.1600,63.9800,63.2200,831000,53244332.0000,3,0.615300,1,1.202100,4.399255,35.630709,9.674899,26.938640,0,1.202151217968983
2020-05-19,sh.603096,64.7100,65.9700,63.4000,63.6200,63.9800,578800,37247976.0000,3,0.428600,1,-0.562700,4.374502,35.430223,9.620461,26.787062,0,-0.5626758361988116
2020-05-20,sh.603096,65.0100,65.0100,62.5600,62.8700,63.6200,718800,45589921.0000,3,0.532300,1,-1.178900,4.322932,35.012545,9.507047,26.471276,0,-1.178874567745991
2020-05-21,sh.603096,64.0000,65.3400,62.0600,64.6100,62.8700,1045776,67528023.0000,3,0.774400,1,2.767600,4.442574,35.981558,9.770166,27.203900,0,2.7676157149673974
2020-05-22,sh.603096,64.6100,67.7000,61.2300,62.6900,64.6100,1267055,79300599.0000,3,0.938200,1,-2.971700,4.310555,34.912303,9.479828,26.395488,0,-2.971676211112828
2020-05-25,sh.603096,62.9400,63.0000,60.5600,62.0500,62.6900,498500,30900097.0000,3,0.369100,1,-1.020900,4.266549,34.555884,9.383049,26.126017,0,-1.0208964747168592
2020-05-26,sh.603096,62.0500,62.0500,59.9100,60.9000,62.0500,543300,32860859.0000,3,0.402300,1,-1.853300,4.187475,33.915445,9.209149,25.641812,0,-1.8533440773569665
2020-05-27,sh.603096,60.1400,61.2100,57.4600,60.4900,60.1500,540900,32516294.0000,3,0.400500,1,0.565300,4.159283,33.687114,9.147150,25.469183,0,-0.6732348111658348
2020-05-28,sh.603096,59.4700,60.7800,58.1300,58.7100,60.4900,363500,21432429.0000,3,0.269200,1,-2.942600,4.036891,32.695825,8.877982,24.719717,0,-2.9426351463051725
2020-05-29,sh.603096,58.6300,59.5100,58.3100,58.9000,58.7100,305400,17997656.0000,3,0.226100,1,0.323600,4.049955,32.801637,8.906714,24.799717,0,0.3236245954692407
2020-06-01,sh.603096,58.6000,62.4300,58.6000,60.0000,58.9000,561900,34029610.0000,3,0.416100,1,1.867600,4.125591,33.414231,9.073053,25.262869,0,1.8675721561969505
2020-06-02,sh.603096,60.0000,60.5000,57.3000,57.5800,60.0000,752900,43751113.0000,3,0.557500,1,-4.033300,3.959192,32.066524,8.707107,24.243933,0,-4.033333333333333
2020-06-03,sh.603096,58.1000,59.5700,57.4100,57.8900,57.5800,488089,28404152.0000,3,0.361400,1,0.538400,3.980508,32.239164,8.753984,24.374458,0,0.5383813824244577
2020-06-04,sh.603096,58.2400,58.4700,57.1600,57.9000,57.8900,285889,16511854.0000,3,0.211700,1,0.017300,3.981195,32.244733,8.755496,24.378669,0,0.017274140611500677
2020-06-05,sh.603096,57.9000,58.3000,56.2000,57.0000,57.9000,767500,43666662.0000,3,0.568300,1,-1.554400,3.919311,31.743520,8.619400,23.999726,0,-1.5544041450777146
2020-06-08,sh.603096,57.0000,58.5000,56.2000,57.0500,57.0000,446000,25460191.0000,3,0.330300,1,0.087700,3.922749,31.771365,8.626961,24.020778,0,0.0877192982456032
2020-06-09,sh.603096,57.2000,58.8000,56.5900,58.5500,57.0500,522709,30258808.0000,3,0.387100,1,2.629300,4.025889,32.606721,8.853788,24.652350,0,2.629272567922869
2020-06-10,sh.603096,58.0500,59.5000,56.7200,57.0800,58.5500,508444,29280195.0000,3,0.376500,1,-2.510700,3.924812,31.788072,8.631498,24.033410,0,-2.510674637062338
2020-06-11,sh.603096,57.1000,57.4500,56.3000,56.7100,57.0800,342244,19457358.0000,3,0.253400,1,-0.648200,3.899371,31.582018,8.575547,23.877622,0,-0.6482130343377634
2020-06-12,sh.603096,55.6200,58.0000,55.6200,57.1500,56.7100,714800,40656115.0000,3,0.529300,1,0.775900,3.929625,31.827055,8.642083,24.062883,0,0.775877270322689
2020-06-15,sh.603096,57.1500,58.4500,56.6000,56.6800,57.1500,823287,47373774.0000,3,0.609600,1,-0.822400,3.897308,31.565310,8.571011,23.864990,0,-0.8223972003499558
2020-06-16,sh.603096,57.4600,59.9300,57.3600,59.0300,56.6800,791000,46632089.0000,3,0.585700,1,4.146100,4.058894,32.874035,8.926372,24.854453,0,4.146083274523638
2020-06-17,sh.603096,59.2100,61.9700,58.8400,60.8200,59.0300,860238,52052388.0000,3,0.637000,1,3.032400,4.181974,33.870892,9.197051,25.608128,0,3.0323564289344462
2020-06-18,sh.603096,60.8200,60.9700,58.0000,58.7300,60.8200,624559,36783820.0000,3,0.462500,1,-3.436400,4.038266,32.706963,8.881007,24.728138,0,-3.436369615258139
2020-06-19,sh.603096,58.3800,59.9300,57.3000,58.9000,58.7300,592365,34759802.0000,3,0.435900,1,0.289500,4.075008,33.004544,8.961810,24.953125,0,0.28946024178444496
2020-06-22,sh.603096,58.9000,60.0800,57.3100,57.6500,58.9000,506800,29456988.0000,3,0.373000,1,-2.122200,3.988526,32.304108,8.771618,24.423559,0,-2.1222410865874397
2020-06-23,sh.603096,57.5000,58.9800,57.1100,58.8400,57.6500,402105,23431891.0000,3,0.295900,1,2.064200,4.070857,32.970923,8.952680,24.927706,0,2.0641803989592367
2020-06-24,sh.603096,58.0800,58.8000,56.5000,56.8000,58.8400,666100,38090623.0000,3,0.490200,1,-3.467000,3.929719,31.827812,8.642288,24.063455,0,-3.4670292318150997
2020-06-29,sh.603096,56.8100,57.6500,55.6900,56.5800,56.8000,626000,35621633.0000,3,0.460700,1,-0.387300,3.914498,31.704535,8.608815,23.970251,0,-0.38732394366196576
2020-06-30,sh.603096,56.8500,59.2800,56.5700,59.0300,56.5800,768446,44809811.0000,3,0.565500,1,4.330100,4.084002,33.077390,8.981590,25.008200,0,4.330151997172149
2020-07-01,sh.603096,59.0100,59.5900,58.4000,59.3300,59.0300,424537,25051430.0000,3,0.312400,1,0.508200,4.104757,33.245494,9.027235,25.135295,0,0.5082161612739222
2020-07-02,sh.603096,59.0400,61.1500,58.8500,58.8500,59.3300,748900,44742716.0000,3,0.551100,1,-0.809000,4.071548,32.976527,8.954202,24.931942,0,-0.8090342154053576
2020-07-03,sh.603096,59.0000,59.2800,57.5800,58.5000,58.8500,527196,30624970.0000,3,0.388000,1,-0.594700,4.047334,32.780405,8.900948,24.783664,0,-0.5947323704333041
2020-07-06,sh.603096,58.5000,60.9000,58.5000,60.8700,58.5000,925329,55340223.0000,3,0.681000,1,4.051300,4.211303,34.108431,9.261551,25.787720,0,4.051282051282046
2020-07-07,sh.603096,61.0500,63.9900,59.8500,63.6600,60.8700,1426412,88809539.0000,3,1.049700,1,4.583500,4.404329,35.671805,9.686058,26.969710,0,4.583538689009359
2020-07-08,sh.603096,63.5700,63.5700,61.3600,63.2000,63.6600,1340000,83453808.0000,3,0.986100,1,-0.722600,4.372504,35.414044,9.616067,26.774830,0,-0.722588752748965
2020-07-09,sh.603096,62.9900,64.0900,61.6000,63.9500,63.2000,1336455,83726557.0000,3,0.983500,1,1.186700,4.424393,35.834306,9.730182,27.092569,0,1.186708860759489
2020-07-10,sh.603096,64.0500,64.0500,61.3400,62.0000,63.9500,1306693,81380189.0000,3,0.961600,1,-3.049300,4.289482,34.741626,9.433484,26.266447,0,-3.0492572322126654
2020-07-13,sh.603096,62.0000,66.6900,61.5200,65.8800,62.0000,1857077,118298702.0000,3,1.366700,1,6.258100,4.557920,36.915779,10.023837,27.910218,0,6.258064516129025
2020-07-14,sh.603096,65.0000,65.9600,63.0900,64.8900,65.8800,854565,55229321.0000,3,0.628900,1,-1.502700,4.489427,36.361034,9.873206,27.490803,0,-1.5027322404371546
2020-07-15,sh.603096,64.8100,66.4000,63.9700,65.6000,64.8900,1001215,65485426.0000,3,0.736800,1,1.094200,4.538549,36.758881,9.981234,27.791596,0,1.0941593465865207
2020-07-16,sh.603096,65.0000,70.8900,62.7000,62.7000,65.6000,1290396,84951191.0000,3,0.949600,1,-4.420700,4.337911,35.133870,9.539991,26.563004,0,-4.42073170731706
2020-07-17,sh.603096,62.7000,64.5000,59.0100,63.5300,62.7000,733176,45360587.0000,3,0.539600,1,1.323800,4.395335,35.598959,9.666278,26.914635,0,1.3237639553429048
2020-07-20,sh.603096,63.7800,65.0000,61.6200,64.8400,63.5300,559164,35466775.0000,3,0.411500,1,2.062000,4.485968,36.333016,9.865598,27.469620,0,2.0620179442782938
2020-07-21,sh.603096,64.0200,66.4000,63.3900,65.9500,64.8400,684505,44426830.8000,3,0.503700,1,1.711900,4.562763,36.955003,10.034488,27.939874,0,1.7119062307217714
