date,code,open,high,low,close,preclose,volume,amount,adjustflag,turn,tradestatus,pctChg,pbMRQ,peTTM,psTTM,pcfNcfTTM,isST,p_change
2015-04-24,sh.603318,9.3900,9.3900,9.3900,9.3900,6.5200,33100,310809.0000,3,0.109967,1,44.018410,3.937904,31.542462,3.119220,62.334455,0,
2015-04-27,sh.603318,10.3300,10.3300,10.3300,10.3300,9.3900,7900,81607.0000,3,0.026246,1,10.010600,4.332113,34.700067,3.431474,68.574539,0,10.010649627263035
2015-04-28,sh.603318,11.3600,11.3600,11.3600,11.3600,10.3300,42500,482800.0000,3,0.141196,1,9.971000,4.764067,38.159996,3.773625,75.412078,0,9.970958373668925
2015-04-29,sh.603318,12.5000,12.5000,12.5000,12.5000,11.3600,16600,207500.0000,3,0.055150,1,10.035200,5.319778,41.458368,4.126907,-111.704835,0,10.035211267605648
2015-04-30,sh.603318,13.7500,13.7500,13.7500,13.7500,12.5000,24300,334125.0000,3,0.080731,1,10.000000,5.851755,45.604205,4.539597,-122.875319,0,10.000000000000009
2015-05-04,sh.603318,15.1300,15.1300,15.1300,15.1300,13.7500,33000,499290.0000,3,0.109635,1,10.036400,6.439059,50.181209,4.995208,-135.207533,0,10.036363636363642
2015-05-05,sh.603318,16.6400,16.6400,16.6400,16.6400,15.1300,142600,2372864.0000,3,0.473754,1,9.980200,7.081688,55.189380,5.493738,-148.701477,0,9.980171844018514
2015-05-06,sh.603318,18.3000,18.3000,18.3000,18.3000,16.6400,185200,3389160.0000,3,0.615282,1,9.976000,7.788155,60.695051,6.041791,-163.535879,0,9.975961538461542
2015-05-07,sh.603318,20.1300,20.1300,20.1300,20.1300,18.3000,479599,9654328.0000,3,1.593352,1,10.000000,8.566970,66.764557,6.645971,-179.889467,0,9.999999999999986
2015-05-08,sh.603318,22.1400,22.1400,22.1400,22.1400,20.1300,287615,6367796.0000,3,0.955532,1,9.985100,9.422390,73.431062,7.309577,-197.851605,0,9.98509687034279
2015-05-11,sh.603318,24.3500,24.3500,24.3500,24.3500,22.1400,72350,1761723.0000,3,0.240365,1,9.981900,10.362927,80.760902,8.039214,-217.601019,0,9.981933152664869
2015-05-12,sh.603318,26.7900,26.7900,26.7900,26.7900,24.3500,69350,1857887.0000,3,0.230399,1,10.020500,11.401348,88.853575,8.844787,-239.405803,0,10.020533880903471
2015-05-13,sh.603318,29.4700,29.4700,29.4700,29.4700,26.7900,119515,3522107.0000,3,0.397060,1,10.003700,12.541908,97.742250,9.729595,-263.355320,0,10.00373273609556
2015-05-14,sh.603318,32.4200,32.4200,32.4200,32.4200,29.4700,86300,2797846.0000,3,0.286711,1,10.010200,13.797376,107.526424,10.703545,-289.717661,0,10.01017984390906
2015-05-15,sh.603318,35.6600,35.6600,35.6600,35.6600,32.4200,162600,5798316.0000,3,0.540199,1,9.993800,15.176262,118.272434,11.773240,-318.671555,0,9.993830968537921
2015-05-18,sh.603318,39.2300,39.2300,39.2300,39.2300,35.6600,81900,3212937.0000,3,0.272093,1,10.011200,16.695590,130.112944,12.951884,-350.574456,0,10.011217049915878
2015-05-19,sh.603318,43.1500,43.1500,43.1500,43.1500,39.2300,51900,2239485.0000,3,0.172425,1,9.992400,18.363873,143.114288,14.246082,-385.605092,0,9.992352791231207
2015-05-20,sh.603318,47.4700,47.4700,47.4700,47.4700,43.1500,101500,4818205.0000,3,0.337209,1,10.011600,20.202388,157.442300,15.672341,-424.210283,0,10.01158748551565
2015-05-21,sh.603318,52.2200,52.2200,52.2200,52.2200,47.4700,53100,2772882.0000,3,0.176412,1,10.006300,22.223903,173.196480,17.240566,-466.658121,0,10.006319780914264
2015-05-22,sh.603318,57.4400,57.4400,57.4400,57.4400,52.2200,87963,5052595.0000,3,0.292236,1,9.996200,24.445443,190.509495,18.963962,-513.306060,0,9.996170049789344
2015-05-25,sh.603318,63.1800,63.1800,63.1800,63.1800,57.4400,129100,8156538.0000,3,0.428904,1,9.993000,26.888285,209.547178,20.859037,-564.600920,0,9.993036211699158
2015-05-26,sh.603318,69.5000,69.5000,69.5000,69.5000,63.1800,51400,3572300.0000,3,0.170764,1,10.003200,29.577964,230.508529,22.945602,-621.078885,0,10.003165558721117
2015-05-27,sh.603318,76.4500,76.4500,76.4500,76.4500,69.5000,36500,2790425.0000,3,0.121262,1,10.000000,32.535761,253.559382,25.240162,-683.186774,0,10.000000000000009
2015-05-28,sh.603318,84.1000,84.1000,83.5600,84.0700,76.4500,3117900,262198826.0000,3,10.358472,1,9.967300,35.778697,278.832403,27.755924,-751.282041,0,9.96729888816219
2015-05-29,sh.603318,83.5000,92.4800,75.7100,92.4800,84.0700,14215920,1235465136.0000,3,47.228970,1,10.003600,39.357844,306.725593,30.532507,-826.437055,0,10.003568454859057
2015-06-01,sh.603318,101.7000,101.7300,86.0800,88.0300,92.4800,16292105,1569626160.0000,3,54.126595,1,-4.811900,37.464003,291.966414,29.063328,-786.670133,0,-4.811851211072671
2015-06-02,sh.603318,80.0000,83.0000,79.2300,79.2300,88.0300,4383400,350256720.0000,3,14.562791,1,-9.996600,33.718879,262.779723,26.157986,-708.029929,0,-9.996592070884924
2015-06-03,sh.603318,71.3100,83.0000,71.3100,74.5400,79.2300,10424812,785080672.0000,3,34.633927,1,-5.919500,31.722899,247.224543,24.609570,-666.118275,0,-5.919474946358704
2015-06-04,sh.603318,70.8800,72.4800,67.0900,67.0900,74.5400,5593313,382097424.0000,3,18.582435,1,-9.994600,28.552311,222.515355,22.149934,-599.542193,0,-9.994633753689296
2015-06-05,sh.603318,66.2000,68.8800,62.9600,64.3700,67.0900,7484049,490426576.0000,3,24.863950,1,-4.054200,27.394727,213.494014,21.251919,-575.235221,0,-4.054255477716495
2015-06-08,sh.603318,63.7800,63.8600,59.2000,59.4500,64.3700,6729427,408345872.0000,3,22.356900,1,-7.643300,25.300863,197.176000,19.627569,-531.268197,0,-7.643312101910826
2015-06-09,sh.603318,58.4800,61.0000,57.6700,59.2100,59.4500,4376495,259989298.0000,3,14.539850,1,-0.403700,25.198723,196.380000,19.548332,-529.123465,0,-0.4037005887300271
2015-06-10,sh.603318,58.4900,65.1300,57.5200,65.1300,59.2100,8421231,531367328.0000,3,27.977512,1,9.998300,27.718170,216.014683,21.502835,-582.026875,0,9.998311096098632
2015-06-11,sh.603318,66.0000,71.6400,64.2200,71.6400,65.1300,6809894,473441520.0000,3,22.624233,1,9.995400,30.488710,237.606201,23.652128,-640.202753,0,9.99539382772916
2015-06-12,sh.603318,77.0000,78.0900,68.1000,72.0900,71.6400,9602866,706162656.0000,3,31.903209,1,0.628100,30.680222,239.098703,23.800697,-644.224127,0,0.628140703517599
2015-06-15,sh.603318,65.0200,71.0600,64.8800,64.8800,72.0900,4867742,319505760.0000,3,16.171900,1,-10.001400,27.611774,215.185516,21.420297,-579.792778,0,-10.001387154945219
2015-06-16,sh.603318,60.1100,66.3000,60.1000,62.1800,64.8800,3581294,226022502.0000,3,11.897987,1,-4.161500,26.462702,206.230508,20.528885,-555.664534,0,-4.161528976572127
2015-06-17,sh.603318,61.6500,64.5000,60.5000,63.2200,62.1800,2388028,150268680.0000,3,7.933648,1,1.672600,26.905308,209.679844,20.872244,-564.958376,0,1.672563525249271
2015-06-18,sh.603318,64.0000,64.0000,56.9000,58.0800,63.2200,3294047,197012540.0000,3,10.943678,1,-8.130300,24.717815,192.632163,19.175260,-519.025348,0,-8.130338500474533
2015-06-19,sh.603318,58.0000,58.0000,52.3000,55.6400,58.0800,3348087,182573512.0000,3,11.123213,1,-4.201100,23.679395,184.539490,18.369687,-497.220564,0,-4.201101928374651
2015-06-23,sh.603318,56.3800,61.2000,55.6400,61.2000,55.6400,3219735,188474976.0000,3,10.696794,1,9.992800,26.045632,202.980172,20.205335,-546.906874,0,9.992810927390373
2015-06-24,sh.603318,63.8000,67.3200,61.2600,65.2400,61.2000,6697495,428053392.0000,3,22.250814,1,6.601300,27.764984,216.379517,21.539152,-583.009877,0,6.60130718954246
2015-06-25,sh.603318,63.5800,67.4800,63.0000,65.1200,65.2400,3794838,247218756.0000,3,12.607435,1,-0.183900,27.713914,215.981516,21.499533,-581.937511,0,-0.18393623543836446
2015-06-26,sh.603318,64.9900,70.2000,61.3000,68.4900,65.1200,6799052,457894432.0000,3,22.588213,1,5.175100,29.148126,227.158693,22.612147,-612.053134,0,5.175061425061411
2015-06-29,sh.603318,73.9000,75.3400,70.0000,75.3400,68.4900,7474120,550369056.0000,3,24.830963,1,10.001500,32.063364,249.877878,24.873692,-673.267384,0,10.001460067163093
2015-06-30,sh.603318,75.8000,82.8700,71.7000,82.8700,75.3400,6578830,518803536.0000,3,21.856578,1,9.994700,35.267998,274.852400,27.359741,-740.558377,0,9.994690735333167
2015-07-01,sh.603318,87.0000,91.1600,84.0000,91.1600,82.8700,9051980,805048416.0000,3,30.073023,1,10.003600,38.796075,302.347590,30.096706,-814.641024,0,10.003620127911184
2015-07-02,sh.603318,87.0000,89.9900,82.0400,82.2300,91.1600,4198788,349568864.0000,3,13.949462,1,-9.796000,34.995626,272.729731,27.148443,-734.839090,0,-9.795963141728825
2015-07-03,sh.603318,74.0100,74.0100,74.0100,74.0100,82.2300,521400,38588814.0000,3,1.732226,1,-9.996400,31.497340,245.466708,24.434589,-661.381990,0,-9.996351696461147
2015-07-06,sh.603318,81.0000,81.0000,66.6100,66.6100,74.0100,6646218,471592800.0000,3,22.080458,1,-9.998700,28.348032,220.923354,21.991461,-595.252727,0,-9.998648831239032
2015-07-07,sh.603318,59.9500,59.9500,59.9500,59.9500,66.6100,568300,34069585.0000,3,1.888040,1,-9.998500,25.513654,198.834335,19.792645,-535.736391,0,-9.998498723915327
2015-07-08,sh.603318,59.9500,59.9500,59.9500,59.9500,59.9500,0,0.0000,3,,0,0.000000,25.513654,198.834335,19.792645,-535.736391,0,0.0
2015-07-09,sh.603318,59.9500,59.9500,59.9500,59.9500,59.9500,0,0.0000,3,,0,0.000000,25.513654,198.834335,19.792645,-535.736391,0,0.0
2015-07-10,sh.603318,59.9500,59.9500,59.9500,59.9500,59.9500,0,0.0000,3,,0,0.000000,25.513654,198.834335,19.792645,-535.736391,0,0.0
2015-07-13,sh.603318,60.4000,65.9500,53.9600,65.9500,59.9500,17453443,1059145648.0000,3,57.984860,1,10.008300,28.067147,218.734352,21.773560,-589.354712,0,10.00834028356965
2015-07-14,sh.603318,62.0000,66.5800,59.3600,59.3600,65.9500,10550998,659150992.0000,3,35.053150,1,-9.992400,25.262560,196.877500,19.597855,-530.463923,0,-9.992418498862776
2015-07-15,sh.603318,53.4200,54.7500,53.4200,53.4200,59.3600,2210600,118251252.0000,3,7.344186,1,-10.006700,22.734602,177.176484,17.636749,-477.381785,0,-10.006738544474391
2015-07-16,sh.603318,48.0800,53.4200,48.0800,48.0800,53.4200,11435786,557957392.0000,3,37.992645,1,-9.996200,20.461993,159.465468,15.873734,-429.661479,0,-9.99625608386373
2015-07-17,sh.603318,45.9000,51.0000,45.0000,49.0900,48.0800,11024422,526053664.0000,3,36.625987,1,2.100700,20.891831,162.815305,16.207188,-438.687230,0,2.1006655574043354
2015-07-20,sh.603318,48.0000,51.7900,47.0000,48.4700,49.0900,7571241,372956880.0000,3,25.153625,1,-1.263000,20.627970,160.758970,16.002494,-433.146670,0,-1.2629863515991158
2015-07-21,sh.603318,47.0000,51.3500,46.3800,51.1900,48.4700,6995864,341073904.0000,3,23.242073,1,5.611700,21.785554,169.780311,16.900509,-457.453642,0,5.611718588817816
2015-07-22,sh.603318,52.0900,54.1200,49.5000,52.6500,51.1900,8158322,427163456.0000,3,27.104060,1,2.852100,22.406904,174.622648,17.382531,-470.500767,0,2.8521195546005185
2015-07-23,sh.603318,51.8800,56.6500,50.6100,55.1000,52.6500,8769125,473536192.0000,3,29.133306,1,4.653400,23.449580,182.748488,18.191405,-492.394915,0,4.653371320038002
2015-07-24,sh.603318,55.5800,56.5000,50.0000,51.1300,55.1000,8390347,451421520.0000,3,27.874907,1,-7.205100,21.760019,169.581310,16.880699,-456.917459,0,-7.205081669691471
2015-07-27,sh.603318,48.0000,50.0000,46.0200,46.0200,51.1300,5392096,258718699.0000,3,17.913940,1,-9.994100,19.585294,152.633129,15.193620,-411.252522,0,-9.994132603168392
2015-07-28,sh.603318,41.4300,44.3000,41.4200,41.4200,46.0200,5377765,224843607.0000,3,17.866329,1,-9.995700,17.627615,137.376450,13.674918,-370.145143,0,-9.995654063450676
2015-07-29,sh.603318,42.0000,45.5600,40.0100,45.5600,41.4200,5772254,245424546.0000,3,19.176924,1,9.995200,19.389526,151.107461,15.041750,-407.141784,0,9.995171414775461
2015-07-30,sh.603318,45.4000,45.6500,41.0000,41.9900,45.5600,5494180,243029454.0000,3,18.253090,1,-7.835800,17.870197,139.266951,13.863105,-375.238883,0,-7.835820895522383
2015-07-31,sh.603318,39.9800,43.2000,39.0100,40.0200,41.9900,4211136,171295481.0000,3,13.990485,1,-4.691600,17.031800,132.733112,13.212705,-357.634201,0,-4.69159323648487
2015-08-03,sh.603318,39.0000,40.6000,36.4700,36.6900,40.0200,3521062,135499043.0000,3,11.697880,1,-8.320800,15.614612,121.688603,12.113297,-327.876033,0,-8.320839580209904
2015-08-04,sh.603318,37.5000,40.3600,37.5000,40.3600,36.6900,4311346,168502637.0000,3,14.323409,1,10.002700,17.176498,133.860780,13.324957,-360.672573,0,10.002725538293822
2015-08-05,sh.603318,40.2000,41.9400,39.5100,40.4500,40.3600,4683118,191437947.0000,3,15.558532,1,0.223000,17.214801,134.159280,13.354670,-361.476848,0,0.2229930624380705
2015-08-06,sh.603318,39.5100,39.9000,38.2500,38.5700,40.4500,2939719,115062971.0000,3,9.766508,1,-4.647700,16.414706,127.923942,12.733983,-344.676440,0,-4.647713226205196
2015-08-07,sh.603318,39.0800,40.5000,38.8800,40.2100,38.5700,3302351,131838186.0000,3,10.971266,1,4.252000,17.112661,133.363280,13.275434,-359.332115,0,4.252009333679019
2015-08-10,sh.603318,40.7000,43.9500,40.6900,43.0600,40.2100,5279679,221913510.0000,3,17.540462,1,7.087800,18.325570,142.815788,14.216368,-384.800817,0,7.087789107187281
2015-08-11,sh.603318,43.0000,44.3000,42.1200,43.0800,43.0600,5064438,218386235.0000,3,16.825375,1,0.046400,18.334082,142.882121,14.222971,-384.979545,0,0.046446818392920086
2015-08-12,sh.603318,42.1500,42.8900,40.4100,40.5200,43.0800,3531675,147024969.0000,3,11.733140,1,-5.942400,17.244591,134.391447,13.377781,-362.102395,0,-5.94243268337975
2015-08-13,sh.603318,40.4000,43.2800,39.9000,42.6000,40.5200,3176873,130880011.0000,3,10.554395,1,5.133300,18.129802,141.290120,14.064498,-380.690079,0,5.13326752221126
2015-08-14,sh.603318,42.6000,43.6800,42.1000,42.8100,42.6000,4378706,187489106.0000,3,14.547196,1,0.493000,18.219175,141.986620,14.133830,-382.566721,0,0.4929577464788837
2015-08-17,sh.603318,42.5000,44.7000,41.6000,44.1600,42.8100,4723978,206372377.0000,3,15.694279,1,3.153500,18.793711,146.464124,14.579536,-394.630843,0,3.153468815697247
2015-08-18,sh.603318,43.7000,44.1400,39.7400,39.7400,44.1600,4050087,170000267.0000,3,13.455439,1,-10.009100,16.912637,131.804445,13.120262,-355.132013,0,-10.009057971014478
2015-08-19,sh.603318,38.0000,40.6600,35.7700,39.6700,39.7400,3696621,140163432.0000,3,12.281133,1,-0.176200,16.882847,131.572278,13.097151,-354.506466,0,-0.1761449421238015
2015-08-20,sh.603318,39.5600,42.2000,37.8000,39.6400,39.6700,3962562,160073983.0000,3,13.164658,1,-0.075600,10.578158,138.501339,13.675937,120.729501,0,-0.07562389715149997
2015-08-21,sh.603318,38.0000,39.2500,35.9000,36.4100,39.6400,2747837,103980696.0000,3,9.129027,1,-8.148300,9.716215,127.215786,12.561576,110.892057,0,-8.148335015136233
2015-08-24,sh.603318,35.0200,35.2300,32.7700,32.7700,36.4100,1848878,61180885.0000,3,6.142452,1,-9.997300,8.744860,114.497701,11.305763,99.805897,0,-9.997253501785208
2015-08-25,sh.603318,29.5300,30.5000,29.4900,29.4900,32.7700,2014741,59685787.0000,3,6.693492,1,-10.009200,7.869573,103.037449,10.174152,89.816171,0,-10.00915471467807
2015-08-26,sh.603318,29.5300,32.4400,27.0000,32.4100,29.4900,6635614,203437036.0000,3,22.045229,1,9.901700,8.648792,113.239869,11.181562,98.709464,0,9.901661580196674
2015-08-27,sh.603318,32.5900,35.6300,32.4000,33.7200,32.4100,6700596,228052458.0000,3,22.261116,1,4.042000,8.998373,117.816981,11.633517,102.699263,0,4.041962357297146
2015-08-28,sh.603318,33.6000,35.1600,32.2600,34.9900,33.7200,7876813,265997505.0000,3,26.168814,1,3.766300,9.337280,122.254335,12.071671,106.567237,0,3.7663107947805585
2015-08-31,sh.603318,33.0000,33.8600,31.4900,31.4900,34.9900,3474714,112807170.0000,3,11.543900,1,-10.002900,8.403285,110.025408,10.864159,95.907467,0,-10.002857959416989
2015-09-01,sh.603318,30.0000,30.0000,28.3400,28.3400,31.4900,2864399,82267364.0000,3,9.516276,1,-10.003200,7.562689,99.019373,9.777398,86.313675,0,-10.00317561130517
2015-09-02,sh.603318,26.0000,29.0000,25.5100,25.7100,28.3400,3372249,90460465.0000,3,11.203485,1,-9.280200,6.860859,89.830207,8.870039,78.303620,0,-9.280169371912484
2015-09-07,sh.603318,26.1400,27.4900,25.9000,26.2500,25.7100,2349761,62366464.0000,3,7.806515,1,2.100400,7.004961,91.716956,9.056341,79.948270,0,2.100350058343059
2015-09-08,sh.603318,26.0700,28.0000,25.7500,27.6900,26.2500,2533363,68198457.0000,3,8.416488,1,5.485700,7.389233,96.748286,9.553146,84.334003,0,5.485714285714294
2015-09-09,sh.603318,28.5000,29.4500,28.0000,29.1400,27.6900,3824785,110112940.0000,3,12.706927,1,5.236500,7.776174,101.814556,10.053401,88.750194,0,5.23654749006861
2015-09-10,sh.603318,28.5000,29.0000,27.6000,27.6500,29.1400,2526609,71928979.0000,3,8.394050,1,-5.113200,7.378559,96.608527,9.539346,84.212177,0,-5.113246396705562
2015-09-11,sh.603318,27.9300,28.2600,27.1500,27.6900,27.6500,2980732,82916481.0000,3,9.902764,1,0.144700,7.389233,96.748286,9.553146,84.334003,0,0.14466546112117395
2015-09-14,sh.603318,27.6600,30.4600,27.5800,30.4600,27.6900,5689971,169548306.0000,3,18.903558,1,10.003600,8.128423,106.426609,10.508805,92.770449,0,10.003611412062119
2015-09-15,sh.603318,30.4000,32.5000,27.4100,27.7800,30.4600,10148584,312710368.0000,3,33.716226,1,-8.798400,7.413250,97.062744,9.584196,84.608112,0,-8.798424162836504
2015-09-16,sh.603318,26.0500,30.5600,26.0300,30.5000,27.7800,8696908,241989638.0000,3,28.893382,1,9.791200,8.139098,106.566368,10.522606,92.892275,0,9.791216702663785
2015-09-17,sh.603318,29.8000,33.0200,28.5000,29.2700,30.5000,8683366,262442763.0000,3,28.848392,1,-4.032800,7.810865,102.268774,10.098251,89.146128,0,-4.032786885245898
2015-09-18,sh.603318,29.2700,29.8800,28.0000,28.4800,29.2700,4885488,140991876.0000,3,16.230857,1,-2.699000,7.600049,99.508530,9.825699,86.740066,0,-2.6990092244619013
2015-09-21,sh.603318,27.8300,30.0700,27.2800,29.8100,28.4800,5400170,156288340.0000,3,17.940764,1,4.669900,7.954967,104.155522,10.284553,90.790778,0,4.66994382022472
2015-09-22,sh.603318,29.8400,32.6500,29.5100,32.4700,29.8100,8281484,259601901.0000,3,27.513236,1,8.923200,8.664803,113.449507,11.202262,98.892203,0,8.923180140892327
2015-09-23,sh.603318,31.7000,32.3700,30.7000,31.1400,32.4700,7013917,220809832.0000,3,23.302050,1,-4.096100,8.309885,108.802515,10.743408,94.841490,0,-4.096088697259004
2015-09-24,sh.603318,31.6500,31.9800,30.7900,31.5600,31.1400,4440611,139615327.0000,3,14.752860,1,1.348700,8.421965,110.269986,10.888309,96.120663,0,1.348747591522148
2015-09-25,sh.603318,31.5600,31.5700,28.4000,28.4100,31.5600,5133846,151089170.0000,3,17.055967,1,-9.981000,7.581369,99.263951,9.801548,86.526870,0,-9.980988593155892
2015-09-28,sh.603318,28.4100,28.9800,27.5000,28.9300,28.4100,2625748,74730948.0000,3,8.723415,1,1.830300,7.720134,101.080821,9.980950,88.110607,0,1.830341429074278
2015-09-29,sh.603318,28.1500,28.6000,27.3000,27.5000,28.9300,2414284,67398059.0000,3,8.020877,1,-4.943000,7.338531,96.084430,9.487595,83.755330,0,-4.942965779467679
2015-09-30,sh.603318,27.9200,28.5800,27.6600,27.8500,27.5000,1647769,46168014.0000,3,5.474316,1,1.272700,7.431930,97.307323,9.608346,84.821307,0,1.2727272727272698
2015-10-08,sh.603318,29.0000,30.5500,28.6200,30.0800,27.8500,3772067,111627004.0000,3,12.531784,1,8.007200,8.027018,105.098897,10.377704,91.613103,0,8.007181328545766
2015-10-09,sh.603318,29.7400,30.8800,29.5000,30.8000,30.0800,4470373,135900249.0000,3,14.851738,1,2.393600,8.219154,107.614562,10.626107,93.805970,0,2.393617021276606
2015-10-12,sh.603318,31.0000,33.8000,31.0000,33.6100,30.8000,6318722,205969266.0000,3,20.992432,1,9.123400,8.969019,117.432644,11.595566,102.364242,0,9.123376623376611
2015-10-13,sh.603318,32.9800,33.7800,32.5100,33.4300,33.6100,4505409,149221270.0000,3,14.968136,1,-0.535600,8.920985,116.803727,11.533466,101.816025,0,-0.5355548943766775
2015-10-14,sh.603318,33.4300,33.7900,32.3100,32.3800,33.4300,3363109,110732747.0000,3,11.173120,1,-3.140900,8.640786,113.135049,11.171212,98.618094,0,-3.140891414896796
2015-10-15,sh.603318,31.8100,35.0000,31.8100,34.2900,32.3800,5085178,171241511.0000,3,16.894279,1,5.898700,9.150481,119.808550,11.830169,104.435283,0,5.8987029030265425
2015-10-16,sh.603318,34.3800,37.2000,33.3500,36.5700,34.2900,7836359,275035888.0000,3,26.034415,1,6.649200,9.758911,127.774822,12.616777,111.379361,0,6.649168853893261
2015-10-19,sh.603318,36.0000,36.5600,35.0600,35.7100,36.5700,5097108,181939996.0000,3,16.933914,1,-2.351700,9.529416,124.770000,12.320074,108.760103,0,-2.3516543614984897
2015-10-20,sh.603318,35.5000,36.9000,35.0800,36.2800,35.7100,4280852,154279572.0000,3,14.222100,1,1.596200,9.681523,126.761568,12.516726,110.496123,0,1.5961915429851592
2015-10-21,sh.603318,36.3000,36.5900,32.6500,32.6500,36.2800,5403061,186011774.0000,3,17.950369,1,-10.005500,8.712837,114.078424,11.264363,99.440419,0,-10.005512679162077
2015-10-22,sh.603318,31.9400,33.2800,31.2100,33.0900,32.6500,4183627,135954205.0000,3,13.899093,1,1.347600,8.830254,115.615774,11.416165,100.780505,0,1.3476263399693877
2015-10-23,sh.603318,33.0900,34.2100,32.9100,33.9000,33.0900,4330633,145674546.0000,3,14.387485,1,2.447900,9.046407,118.445898,11.695617,103.247480,0,2.447869446962825
2015-10-26,sh.603318,34.1200,35.8900,33.6100,35.4200,33.9000,4881612,170114909.0000,3,16.217980,1,4.483800,9.452027,123.756746,12.220023,107.876865,0,4.483775811209445
2015-10-27,sh.603318,35.1300,35.3100,33.0100,34.8500,35.4200,4108492,140580452.0000,3,13.649475,1,-1.609300,9.299920,121.765178,12.023371,106.140846,0,-1.6092603049124743
2015-10-28,sh.603318,34.4100,36.5000,34.3300,34.6100,34.8500,4311911,152970876.0000,3,14.325286,1,-0.688700,9.235874,120.926623,11.940570,105.409890,0,-0.6886657101865201
2015-10-29,sh.603318,34.9800,36.1600,34.5700,35.2500,34.6100,3553901,125483141.0000,3,11.806980,1,1.849200,9.299538,143.418152,11.915176,1079.362151,0,1.849176538572661
2015-10-30,sh.603318,35.2500,35.3900,33.8000,34.7100,35.2500,3410581,118476179.0000,3,11.330834,1,-1.531900,9.157077,141.221108,11.732646,1062.827242,0,-1.5319148936170146
2015-11-02,sh.603318,33.7500,37.5300,33.2800,35.4700,34.7100,5389385,191808954.0000,3,17.904934,1,2.189600,9.357577,144.313244,11.989540,1086.098596,0,2.1895707288965616
2015-11-03,sh.603318,35.1500,38.5000,35.1200,38.1300,35.4700,6456167,238422079.0000,3,21.449060,1,7.499300,10.059330,155.135720,12.888671,1167.548336,0,7.4992951790245455
2015-11-04,sh.603318,38.0000,40.5900,37.0000,40.3700,38.1300,6919807,267526029.0000,3,22.989392,1,5.874600,10.650279,164.249384,13.645834,1236.137590,0,5.874639391555192
2015-11-05,sh.603318,39.7000,44.0100,39.7000,40.0200,40.3700,8319853,344941200.0000,3,27.640708,1,-0.867000,10.557943,162.825374,13.527528,1225.420519,0,-0.8669804310131091
2015-11-06,sh.603318,39.8000,43.3700,39.5500,42.6600,40.0200,6126852,256648142.0000,3,20.354990,1,6.596700,11.254419,173.566478,14.419898,1306.257855,0,6.596701649175385
2015-11-09,sh.603318,42.6600,42.6600,42.6600,42.6600,42.6600,0,0.0000,3,,0,0.000000,11.254419,173.566478,14.419898,1306.257855,0,0.0
2015-11-10,sh.603318,42.6600,42.6600,42.6600,42.6600,42.6600,0,0.0000,3,,0,0.000000,11.254419,173.566478,14.419898,1306.257855,0,0.0
2015-11-11,sh.603318,42.6600,42.6600,42.6600,42.6600,42.6600,0,0.0000,3,,0,0.000000,11.254419,173.566478,14.419898,1306.257855,0,0.0
2015-11-12,sh.603318,42.6600,42.6600,42.6600,42.6600,42.6600,0,0.0000,3,,0,0.000000,11.254419,173.566478,14.419898,1306.257855,0,0.0
2015-11-13,sh.603318,42.6600,42.6600,42.6600,42.6600,42.6600,0,0.0000,3,,0,0.000000,11.254419,173.566478,14.419898,1306.257855,0,0.0
2015-11-16,sh.603318,42.6600,42.6600,42.6600,42.6600,42.6600,0,0.0000,3,,0,0.000000,11.254419,173.566478,14.419898,1306.257855,0,0.0
2015-11-17,sh.603318,42.6600,42.6600,42.6600,42.6600,42.6600,0,0.0000,3,,0,0.000000,11.254419,173.566478,14.419898,1306.257855,0,0.0
2015-11-18,sh.603318,42.6600,42.6600,42.6600,42.6600,42.6600,0,0.0000,3,,0,0.000000,11.254419,173.566478,14.419898,1306.257855,0,0.0
2015-11-19,sh.603318,42.6600,42.6600,42.6600,42.6600,42.6600,0,0.0000,3,,0,0.000000,11.254419,173.566478,14.419898,1306.257855,0,0.0
2015-11-20,sh.603318,42.6600,42.6600,42.6600,42.6600,42.6600,0,0.0000,3,,0,0.000000,11.254419,173.566478,14.419898,1306.257855,0,0.0
2015-11-23,sh.603318,42.6600,42.6600,42.6600,42.6600,42.6600,0,0.0000,3,,0,0.000000,11.254419,173.566478,14.419898,1306.257855,0,0.0
2015-11-24,sh.603318,42.6600,42.6600,42.6600,42.6600,42.6600,0,0.0000,3,,0,0.000000,11.254419,173.566478,14.419898,1306.257855,0,0.0
2015-11-25,sh.603318,42.6600,42.6600,42.6600,42.6600,42.6600,0,0.0000,3,,0,0.000000,11.254419,173.566478,14.419898,1306.257855,0,0.0
2015-11-26,sh.603318,42.6600,42.6600,42.6600,42.6600,42.6600,0,0.0000,3,,0,0.000000,11.254419,173.566478,14.419898,1306.257855,0,0.0
2015-11-27,sh.603318,42.6600,42.6600,42.6600,42.6600,42.6600,0,0.0000,3,,0,0.000000,11.254419,173.566478,14.419898,1306.257855,0,0.0
2015-11-30,sh.603318,42.6600,42.6600,42.6600,42.6600,42.6600,0,0.0000,3,,0,0.000000,11.254419,173.566478,14.419898,1306.257855,0,0.0
2015-12-01,sh.603318,42.6600,42.6600,42.6600,42.6600,42.6600,0,0.0000,3,,0,0.000000,11.254419,173.566478,14.419898,1306.257855,0,0.0
2015-12-02,sh.603318,42.6600,42.6600,42.6600,42.6600,42.6600,0,0.0000,3,,0,0.000000,11.254419,173.566478,14.419898,1306.257855,0,0.0
2015-12-03,sh.603318,42.6600,42.6600,42.6600,42.6600,42.6600,0,0.0000,3,,0,0.000000,11.254419,173.566478,14.419898,1306.257855,0,0.0
2015-12-04,sh.603318,42.6600,42.6600,42.6600,42.6600,42.6600,0,0.0000,3,,0,0.000000,11.254419,173.566478,14.419898,1306.257855,0,0.0
2015-12-07,sh.603318,42.6600,42.6600,42.6600,42.6600,42.6600,0,0.0000,3,,0,0.000000,11.254419,173.566478,14.419898,1306.257855,0,0.0
2015-12-08,sh.603318,45.0000,46.9300,44.2300,46.9300,42.6600,2729731,125919160.0000,3,9.068874,1,10.009400,12.380916,190.939400,15.863240,1437.006121,0,10.009376465072673
2015-12-09,sh.603318,51.0000,51.6200,50.0000,51.6200,46.9300,7266560,373534240.0000,3,24.141395,1,9.993600,13.618217,210.021134,17.448550,1580.614872,0,9.993607500532708
2015-12-10,sh.603318,51.9900,52.0000,46.4600,46.8000,51.6200,11436540,556626704.0000,3,37.995150,1,-9.337500,12.346620,190.410482,15.819298,1433.025495,0,-9.337466098411474
2015-12-11,sh.603318,45.0100,46.5200,43.3000,43.8900,46.8000,6442774,288044208.0000,3,21.404565,1,-6.217900,11.578914,178.570856,14.835662,1343.920704,0,-6.2179487179487065
2015-12-14,sh.603318,43.0000,43.9000,41.1000,43.4900,43.8900,3979736,170491118.0000,3,13.221714,1,-0.911400,11.473387,176.943416,14.700454,1331.672623,0,-0.9113693324219629
2015-12-15,sh.603318,43.9700,47.8400,42.6300,47.8400,43.4900,6980748,315721072.0000,3,23.191854,1,10.002300,12.620990,194.641826,16.170838,1464.870506,0,10.002299379167635
2015-12-16,sh.603318,48.5000,52.6200,48.5000,52.6200,47.8400,9088538,462684784.0000,3,30.194478,1,9.991600,13.882033,214.089734,17.786569,1611.235075,0,9.991638795986614
2015-12-17,sh.603318,55.8800,57.8800,53.6700,57.8800,52.6200,5073188,284205536.0000,3,16.854445,1,9.996200,15.269709,235.490571,19.564550,1772.297342,0,9.996199163816044
2015-12-18,sh.603318,60.7800,63.6700,58.7000,59.1700,57.8800,13459616,832655952.0000,3,44.716332,1,2.228700,15.610032,240.739065,20.000595,1811.797404,0,2.2287491361437484
2015-12-21,sh.603318,59.0800,61.5000,56.0900,60.6100,59.1700,7996357,470994464.0000,3,26.565970,1,2.433700,15.989928,246.597849,20.487342,1855.890496,0,2.433665708974142
2015-12-22,sh.603318,59.2000,60.0000,57.6000,57.6700,60.6100,4905980,286696992.0000,3,16.298937,1,-4.850700,15.214307,234.636165,19.493566,1765.867100,0,-4.850684705494135
2015-12-23,sh.603318,58.2000,62.5000,57.6000,57.7400,57.6700,6374674,380825408.0000,3,21.178319,1,0.121400,15.232775,234.920967,19.517227,1768.010514,0,0.121380267036586
2015-12-24,sh.603318,55.2000,61.0000,54.0200,60.9200,57.7400,5642532,325708096.0000,3,18.745953,1,5.507400,16.071712,247.859115,20.592128,1865.382759,0,5.507447177000335
2015-12-25,sh.603318,61.9800,63.5000,58.1800,59.1100,60.9200,4552161,274842080.0000,3,15.123458,1,-2.971100,15.594203,240.494949,19.980314,1809.960192,0,-2.9711096520026348
2015-12-28,sh.603318,58.9000,62.0500,57.0000,60.6300,59.1100,5439264,323429232.0000,3,18.070645,1,2.571500,15.995205,246.679221,20.494103,1856.502900,0,2.571476907460668
2015-12-29,sh.603318,59.9500,61.5000,57.8100,59.0500,60.6300,3248614,192460733.0000,3,10.792738,1,-2.606000,15.578374,240.250833,19.960033,1808.122980,0,-2.6059706415965778
2015-12-30,sh.603318,57.8200,60.4800,57.0000,57.2000,59.0500,3949304,228975708.0000,3,13.120611,1,-3.132900,15.090314,232.723923,19.334697,1751.475604,0,-3.1329381879762863
2015-12-31,sh.603318,57.5900,57.6300,54.8500,54.9100,57.2000,2551315,142907139.0000,3,8.476130,1,-4.003500,14.486173,223.406828,18.560633,1681.355340,0,-4.0034965034965175
2016-01-04,sh.603318,55.0000,56.8200,52.3000,53.2600,54.9100,2993768,161839099.0000,3,9.946073,1,-3.004900,14.050876,216.693638,18.002902,1630.832005,0,-3.0049171371334893
2016-01-05,sh.603318,50.0000,56.4000,48.3800,56.1400,53.2600,5865357,304400128.0000,3,19.486236,1,5.407400,14.810668,228.411207,18.976397,1719.018189,0,5.407435223432233
2016-01-06,sh.603318,55.0100,57.3500,53.4000,55.6200,56.1400,4234973,234441346.0000,3,14.069678,1,-0.926300,14.673483,226.295534,18.800627,1703.095684,0,-0.9262557890986844
2016-01-07,sh.603318,53.8000,54.4700,50.0600,50.0800,55.6200,799600,41751640.0000,3,2.656478,1,-9.960400,13.211939,203.755490,16.928001,1533.459760,0,-9.960445882775982
2016-01-08,sh.603318,51.6000,52.5000,45.5000,47.4400,50.0800,3370732,164161565.0000,3,11.198445,1,-5.271600,12.515463,193.014386,16.035630,1452.622424,0,-5.271565495207664
2016-01-11,sh.603318,47.0000,47.0000,42.7000,42.9500,47.4400,3371468,146924968.0000,3,11.200890,1,-9.464600,11.330926,174.746372,14.517924,1315.137714,0,-9.46458684654299
2016-01-12,sh.603318,41.5000,44.0100,40.7000,42.9200,42.9500,2524936,107729418.0000,3,8.388492,1,-0.069900,11.323011,174.624314,14.507783,1314.219107,0,-0.06984866123399547
2016-01-13,sh.603318,42.9200,43.9900,40.9200,41.7800,42.9200,2350875,98964819.0000,3,7.810216,1,-2.656100,11.022260,169.986110,14.122441,1279.312076,0,-2.656104380242308
2016-01-14,sh.603318,40.0000,43.3400,39.1000,42.2800,41.7800,3100687,127632680.0000,3,10.301286,1,1.196700,11.154169,172.020410,14.291451,1294.622178,0,1.1967448539971226
2016-01-15,sh.603318,41.1100,41.9700,38.0500,38.0500,42.2800,2969658,119724409.0000,3,9.865973,1,-10.004700,10.038224,154.810232,12.861630,1165.098719,0,-10.004730368968783
2016-01-18,sh.603318,36.5000,39.3800,36.0000,37.9900,38.0500,2169863,82271472.0000,3,7.208847,1,-0.157700,10.022395,154.566116,12.841349,1163.261507,0,-0.15768725361365865
2016-01-19,sh.603318,38.0000,41.7900,37.9900,41.7900,37.9900,3161942,127931300.0000,3,10.504791,1,10.002600,11.024899,170.026796,14.125822,1279.618278,0,10.002632271650436
2016-01-20,sh.603318,42.1300,44.7000,42.1300,42.7000,41.7900,4923497,212723179.0000,3,16.357133,1,2.177600,11.264972,173.729222,14.433419,1307.482663,0,2.1775544388609847
2016-01-21,sh.603318,42.3500,42.4900,38.4300,38.4300,42.7000,3245168,132000968.0000,3,10.781289,1,-10.000000,10.138475,156.356300,12.990077,1176.734397,0,-10.000000000000009
2016-01-22,sh.603318,38.4400,40.1000,37.8700,39.7000,38.4300,2399535,93506836.0000,3,7.971877,1,3.304700,10.473522,161.523422,13.419361,1215.622054,0,3.3047098620869297
2016-01-25,sh.603318,40.6400,43.5500,39.5000,42.3200,39.7000,3388523,141628384.0000,3,11.257551,1,6.599500,11.164721,172.183154,14.304972,1295.846986,0,6.599496221662471
2016-01-26,sh.603318,42.0100,42.4700,38.0900,38.0900,42.3200,2923860,117238842.0000,3,9.713821,1,-9.995300,10.048777,154.972976,12.875151,1166.323528,0,-9.995274102079389
2016-01-27,sh.603318,38.2000,39.3500,34.5000,38.2400,38.0900,2760242,101005046.0000,3,9.170239,1,0.393800,10.088349,155.583266,12.925853,1170.916558,0,0.3938041480703536
2016-01-28,sh.603318,37.7100,38.2000,34.7600,34.8200,38.2400,1657085,60568837.0000,3,5.505266,1,-8.943500,9.186096,141.668654,11.769828,1066.195464,0,-8.943514644351469
2016-01-29,sh.603318,34.3000,36.8400,34.3000,36.1100,34.8200,1985177,71607035.0000,3,6.595272,1,3.704800,9.526420,146.917148,12.205873,1105.695526,0,3.7047673750717935
2016-02-01,sh.603318,36.0900,36.4300,33.8000,34.4900,36.1100,1488385,52433474.0000,3,4.944801,1,-4.486300,9.099037,140.326016,11.658282,1056.090797,0,-4.48629188590417
2016-02-02,sh.603318,34.0000,36.2100,34.0000,35.9500,34.4900,1327114,47309322.0000,3,4.409017,1,4.233100,9.484209,146.266172,12.151790,1100.796293,0,4.233111046680205
2016-02-03,sh.603318,35.2100,36.0900,34.0500,35.7400,35.9500,1200013,42209869.0000,3,3.986754,1,-0.584100,9.428808,145.411766,12.080805,1094.366051,0,-0.5841446453407562
2016-02-04,sh.603318,36.5200,37.8000,35.8300,37.1500,35.7400,1582220,58595645.0000,3,5.256545,1,3.945200,9.800789,151.148492,12.557413,1137.540537,0,3.9451594851706684
2016-02-05,sh.603318,37.9200,37.9200,36.0300,36.1100,37.1500,1388451,51051465.0000,3,4.612794,1,-2.799500,9.526420,146.917148,12.205873,1105.695526,0,-2.7994616419919183
2016-02-15,sh.603318,34.1300,36.5700,34.1200,36.2500,36.1100,1094920,38652303.0000,3,3.637608,1,0.387700,9.563354,147.486752,12.253195,1109.982354,0,0.38770423705345447
2016-02-16,sh.603318,36.5000,39.8800,36.5000,39.8800,36.2500,2333604,91687792.0000,3,7.752837,1,10.013800,10.521009,162.255770,13.480205,1221.133691,0,10.013793103448275
2016-02-17,sh.603318,40.7900,42.0000,39.8800,41.9900,39.8800,5510009,226231712.0000,3,18.305678,1,5.290900,11.077662,170.840516,14.193425,1285.742319,0,5.290872617853548
2016-02-18,sh.603318,41.3000,42.9300,40.9700,41.2400,41.9900,3629699,150807239.0000,3,12.058801,1,-1.786100,10.879799,167.789066,13.939911,1262.777167,0,-1.7861395570373917
2016-02-19,sh.603318,41.2400,45.3600,40.8000,43.4100,41.2400,4308813,186407809.0000,3,14.314993,1,5.261900,11.452282,176.617928,14.673413,1329.223007,0,5.261881668283208
2016-02-22,sh.603318,47.7500,47.7500,47.7500,47.7500,43.4100,668814,31935869.0000,3,2.221973,1,9.997700,12.597246,194.275652,16.140416,1462.114687,0,9.99769638332182
2016-02-23,sh.603318,52.5300,52.5300,48.9000,52.4500,47.7500,8997610,462825648.0000,3,29.892392,1,9.842900,13.837184,213.398072,17.729106,1606.029641,0,9.842931937172782
2016-02-24,sh.603318,50.1500,50.8000,47.3500,48.6000,52.4500,5363603,263102334.0000,3,17.819279,1,-7.340300,12.821490,197.733962,16.427732,1488.141860,0,-7.340324118207819
2016-02-25,sh.603318,48.5500,48.6000,43.7400,43.7400,48.6000,4424382,200211634.0000,3,14.698944,1,-10.000000,11.539341,177.960566,14.784959,1339.327674,0,-9.999999999999998
2016-02-26,sh.603318,42.9100,47.5000,41.6000,45.9700,43.7400,5495333,248042533.0000,3,18.256920,1,5.098300,12.127652,187.033544,15.538742,1407.610726,0,5.09830818472794
2016-02-29,sh.603318,44.1600,47.4000,41.6700,44.6700,45.9700,4292990,190938863.0000,3,14.262425,1,-2.827900,11.784691,181.744364,15.099317,1367.804462,0,-2.827931259517069
2016-03-01,sh.603318,44.4300,49.0900,43.3500,48.4900,44.6700,4712661,220536264.0000,3,15.656681,1,8.551600,12.792470,197.286416,16.390550,1484.773637,0,8.5516006268189
2016-03-02,sh.603318,48.1000,53.3400,46.5000,53.3400,48.4900,6245685,310798832.0000,3,20.749784,1,10.002100,14.071981,217.019126,18.029943,1633.281621,0,10.002062280882651
2016-03-03,sh.603318,52.5000,54.8800,50.6900,51.0200,53.3400,6215751,326145568.0000,3,20.650336,1,-4.349500,13.459927,207.579974,17.245739,1562.242751,0,-4.349456317960254
2016-03-04,sh.603318,50.0000,50.8500,47.0100,47.4400,51.0200,3748931,183334400.0000,3,12.454920,1,-7.016900,12.515463,193.014386,16.035630,1452.622424,0,-7.0168561348490925
2016-03-07,sh.603318,48.2800,50.9100,48.0000,50.4500,47.4400,2816655,140864380.0000,3,9.357658,1,6.344900,13.309551,205.260872,17.053068,1544.789235,0,6.344856661045539
2016-03-08,sh.603318,49.6000,50.0000,46.4000,48.8900,50.4500,2597540,125941362.0000,3,8.629701,1,-3.092200,12.897997,198.913856,16.525758,1497.021719,0,-3.092170465807731
2016-03-09,sh.603318,47.3300,50.3900,46.8200,48.8200,48.8900,1810510,88794992.0000,3,6.014983,1,-0.143200,12.879530,198.629054,16.502096,1494.878304,0,-0.14317856412354724
2016-03-10,sh.603318,48.7700,49.3600,46.5100,46.6200,48.8200,1787648,85107792.0000,3,5.939030,1,-4.506400,12.299133,189.678134,15.758454,1427.513858,0,-4.5063498566161435
2016-03-11,sh.603318,46.6200,46.6200,46.6200,46.6200,46.6200,0,0.0000,3,,0,0.000000,12.299133,189.678134,15.758454,1427.513858,0,0.0
2016-03-14,sh.603318,46.6200,46.6200,46.6200,46.6200,46.6200,0,0.0000,3,,0,0.000000,12.299133,189.678134,15.758454,1427.513858,0,0.0
2016-03-15,sh.603318,46.6200,46.6200,46.6200,46.6200,46.6200,0,0.0000,3,,0,0.000000,12.299133,189.678134,15.758454,1427.513858,0,0.0
2016-03-16,sh.603318,46.6200,46.6200,46.6200,46.6200,46.6200,0,0.0000,3,,0,0.000000,12.299133,189.678134,15.758454,1427.513858,0,0.0
2016-03-17,sh.603318,46.6200,46.6200,46.6200,46.6200,46.6200,0,0.0000,3,,0,0.000000,12.299133,189.678134,15.758454,1427.513858,0,0.0
2016-03-18,sh.603318,46.6200,46.6200,46.6200,46.6200,46.6200,0,0.0000,3,,0,0.000000,12.299133,189.678134,15.758454,1427.513858,0,0.0
2016-03-21,sh.603318,46.6200,46.6200,46.6200,46.6200,46.6200,0,0.0000,3,,0,0.000000,12.299133,189.678134,15.758454,1427.513858,0,0.0
2016-03-22,sh.603318,46.6200,46.6200,46.6200,46.6200,46.6200,0,0.0000,3,,0,0.000000,12.299133,189.678134,15.758454,1427.513858,0,0.0
2016-03-23,sh.603318,46.6200,46.6200,46.6200,46.6200,46.6200,0,0.0000,3,,0,0.000000,12.299133,189.678134,15.758454,1427.513858,0,0.0
2016-03-24,sh.603318,46.6200,46.6200,46.6200,46.6200,46.6200,0,0.0000,3,,0,0.000000,12.299133,189.678134,15.758454,1427.513858,0,0.0
2016-03-25,sh.603318,46.6200,46.6200,46.6200,46.6200,46.6200,0,0.0000,3,,0,0.000000,12.299133,189.678134,15.758454,1427.513858,0,0.0
2016-03-28,sh.603318,46.6200,46.6200,46.6200,46.6200,46.6200,0,0.0000,3,,0,0.000000,12.299133,189.678134,15.758454,1427.513858,0,0.0
2016-03-29,sh.603318,46.6200,46.6200,46.6200,46.6200,46.6200,0,0.0000,3,,0,0.000000,12.299133,189.678134,15.758454,1427.513858,0,0.0
2016-03-30,sh.603318,46.6200,46.6200,46.6200,46.6200,46.6200,0,0.0000,3,,0,0.000000,12.299133,189.678134,15.758454,1427.513858,0,0.0
2016-03-31,sh.603318,46.6200,46.6200,46.6200,46.6200,46.6200,0,0.0000,3,,0,0.000000,12.299133,189.678134,15.758454,1427.513858,0,0.0
2016-04-01,sh.603318,46.6200,46.6200,46.6200,46.6200,46.6200,0,0.0000,3,,0,0.000000,12.299133,189.678134,15.758454,1427.513858,0,0.0
2016-04-05,sh.603318,46.6200,46.6200,46.6200,46.6200,46.6200,0,0.0000,3,,0,0.000000,12.299133,189.678134,15.758454,1427.513858,0,0.0
2016-04-06,sh.603318,46.6200,46.6200,46.6200,46.6200,46.6200,0,0.0000,3,,0,0.000000,12.299133,189.678134,15.758454,1427.513858,0,0.0
2016-04-07,sh.603318,46.6200,46.6200,46.6200,46.6200,46.6200,0,0.0000,3,,0,0.000000,12.299133,189.678134,15.758454,1427.513858,0,0.0
2016-04-08,sh.603318,46.6200,46.6200,46.6200,46.6200,46.6200,0,0.0000,3,,0,0.000000,12.299133,189.678134,15.758454,1427.513858,0,0.0
2016-04-11,sh.603318,46.6200,46.6200,46.6200,46.6200,46.6200,0,0.0000,3,,0,0.000000,12.299133,189.678134,15.758454,1427.513858,0,0.0
2016-04-12,sh.603318,46.6200,46.6200,46.6200,46.6200,46.6200,0,0.0000,3,,0,0.000000,12.299133,189.678134,15.758454,1427.513858,0,0.0
2016-04-13,sh.603318,46.6200,46.6200,46.6200,46.6200,46.6200,0,0.0000,3,,0,0.000000,12.299133,189.678134,15.758454,1427.513858,0,0.0
2016-04-14,sh.603318,46.6200,46.6200,46.6200,46.6200,46.6200,0,0.0000,3,,0,0.000000,12.299133,189.678134,15.758454,1427.513858,0,0.0
2016-04-15,sh.603318,46.6200,46.6200,46.6200,46.6200,46.6200,0,0.0000,3,,0,0.000000,12.299133,189.678134,15.758454,1427.513858,0,0.0
2016-04-18,sh.603318,46.6200,46.6200,46.6200,46.6200,46.6200,0,0.0000,3,,0,0.000000,12.299133,189.678134,15.758454,1427.513858,0,0.0
2016-04-19,sh.603318,46.6200,46.6200,46.6200,46.6200,46.6200,0,0.0000,3,,0,0.000000,12.299133,189.678134,15.758454,1427.513858,0,0.0
2016-04-20,sh.603318,46.6200,46.6200,46.6200,46.6200,46.6200,0,0.0000,3,,0,0.000000,12.151596,291.444438,16.292908,-100.002562,0,0.0
2016-04-21,sh.603318,46.6200,46.6200,46.6200,46.6200,46.6200,0,0.0000,3,,0,0.000000,12.151596,291.444438,16.292908,-100.002562,0,0.0
2016-04-22,sh.603318,46.6200,46.6200,46.6200,46.6200,46.6200,0,0.0000,3,,0,0.000000,12.151596,291.444438,16.292908,-100.002562,0,0.0
2016-04-25,sh.603318,46.6200,46.6200,46.6200,46.6200,46.6200,0,0.0000,3,,0,0.000000,12.151596,291.444438,16.292908,-100.002562,0,0.0
2016-04-26,sh.603318,46.6200,46.6200,46.6200,46.6200,46.6200,0,0.0000,3,,0,0.000000,12.151596,291.444438,16.292908,-100.002562,0,0.0
2016-04-27,sh.603318,46.6200,46.6200,46.6200,46.6200,46.6200,0,0.0000,3,,0,0.000000,12.462665,476.760047,15.538313,219.504742,0,0.0
2016-04-28,sh.603318,46.6200,46.6200,46.6200,46.6200,46.6200,0,0.0000,3,,0,0.000000,12.462665,476.760047,15.538313,219.504742,0,0.0
2016-04-29,sh.603318,46.6200,46.6200,46.6200,46.6200,46.6200,0,0.0000,3,,0,0.000000,12.462665,476.760047,15.538313,219.504742,0,0.0
2016-05-03,sh.603318,46.6200,46.6200,46.6200,46.6200,46.6200,0,0.0000,3,,0,0.000000,12.462665,476.760047,15.538313,219.504742,0,0.0
2016-05-04,sh.603318,46.6200,46.6200,46.6200,46.6200,46.6200,0,0.0000,3,,0,0.000000,12.462665,476.760047,15.538313,219.504742,0,0.0
2016-05-05,sh.603318,46.6200,46.6200,46.6200,46.6200,46.6200,0,0.0000,3,,0,0.000000,12.462665,476.760047,15.538313,219.504742,0,0.0
2016-05-06,sh.603318,46.6200,46.6200,46.6200,46.6200,46.6200,0,0.0000,3,,0,0.000000,12.462665,476.760047,15.538313,219.504742,0,0.0
2016-05-09,sh.603318,46.6200,46.6200,46.6200,46.6200,46.6200,0,0.0000,3,,0,0.000000,12.462665,476.760047,15.538313,219.504742,0,0.0
2016-05-10,sh.603318,46.6200,46.6200,46.6200,46.6200,46.6200,0,0.0000,3,,0,0.000000,12.617931,482.699748,15.731897,222.239436,0,0.0
2016-05-11,sh.603318,46.6200,46.6200,46.6200,46.6200,46.6200,0,0.0000,3,,0,0.000000,12.617931,482.699748,15.731897,222.239436,0,0.0
2016-05-12,sh.603318,46.6200,46.6200,46.6200,46.6200,46.6200,0,0.0000,3,,0,0.000000,12.617931,482.699748,15.731897,222.239436,0,0.0
2016-05-13,sh.603318,46.6200,46.6200,46.6200,46.6200,46.6200,0,0.0000,3,,0,0.000000,12.617931,482.699748,15.731897,222.239436,0,0.0
2016-05-16,sh.603318,46.6200,46.6200,46.6200,46.6200,46.6200,0,0.0000,3,,0,0.000000,12.617931,482.699748,15.731897,222.239436,0,0.0
2016-05-17,sh.603318,46.6200,46.6200,46.6200,46.6200,46.6200,0,0.0000,3,,0,0.000000,12.617931,482.699748,15.731897,222.239436,0,0.0
2016-05-18,sh.603318,46.6200,46.6200,46.6200,46.6200,46.6200,0,0.0000,3,,0,0.000000,12.617931,482.699748,15.731897,222.239436,0,0.0
2016-05-19,sh.603318,46.6200,46.6200,46.6200,46.6200,46.6200,0,0.0000,3,,0,0.000000,12.617931,482.699748,15.731897,222.239436,0,0.0
2016-05-20,sh.603318,46.6200,46.6200,46.6200,46.6200,46.6200,0,0.0000,3,,0,0.000000,12.617931,482.699748,15.731897,222.239436,0,0.0
2016-05-23,sh.603318,46.6200,46.6200,46.6200,46.6200,46.6200,0,0.0000,3,,0,0.000000,12.617931,482.699748,15.731897,222.239436,0,0.0
2016-05-24,sh.603318,46.6200,46.6200,46.6200,46.6200,46.6200,0,0.0000,3,,0,0.000000,12.617931,482.699748,15.731897,222.239436,0,0.0
2016-05-25,sh.603318,46.6200,46.6200,46.6200,46.6200,46.6200,0,0.0000,3,,0,0.000000,12.617931,482.699748,15.731897,222.239436,0,0.0
2016-05-26,sh.603318,46.6200,46.6200,46.6200,46.6200,46.6200,0,0.0000,3,,0,0.000000,12.617931,482.699748,15.731897,222.239436,0,0.0
2016-05-27,sh.603318,46.6200,46.6200,46.6200,46.6200,46.6200,0,0.0000,3,,0,0.000000,12.617931,482.699748,15.731897,222.239436,0,0.0
2016-05-30,sh.603318,46.6200,46.6200,46.6200,46.6200,46.6200,0,0.0000,3,,0,0.000000,12.617931,482.699748,15.731897,222.239436,0,0.0
2016-05-31,sh.603318,46.6200,46.6200,46.6200,46.6200,46.6200,0,0.0000,3,,0,0.000000,12.617931,482.699748,15.731897,222.239436,0,0.0
2016-06-01,sh.603318,46.6200,46.6200,46.6200,46.6200,46.6200,0,0.0000,3,,0,0.000000,12.617931,482.699748,15.731897,222.239436,0,0.0
2016-06-02,sh.603318,46.6200,46.6200,46.6200,46.6200,46.6200,0,0.0000,3,,0,0.000000,12.617931,482.699748,15.731897,222.239436,0,0.0
2016-06-03,sh.603318,46.6200,46.6200,46.6200,46.6200,46.6200,0,0.0000,3,,0,0.000000,12.617931,482.699748,15.731897,222.239436,0,0.0
2016-06-06,sh.603318,46.6200,46.6200,46.6200,46.6200,46.6200,0,0.0000,3,,0,0.000000,12.617931,482.699748,15.731897,222.239436,0,0.0
2016-06-07,sh.603318,46.6200,46.6200,46.6200,46.6200,46.6200,0,0.0000,3,,0,0.000000,12.617931,482.699748,15.731897,222.239436,0,0.0
2016-06-08,sh.603318,51.2800,51.2800,51.2800,51.2800,46.6200,10235134,524857680.0000,3,28.912808,1,9.995700,13.879183,530.949015,17.304412,244.453845,0,9.995709995710001
2016-06-13,sh.603318,52.0000,54.7700,46.7000,46.8100,51.2800,12352371,636839504.0000,3,34.893703,1,-8.716800,12.669356,484.666993,15.796012,223.145174,0,-8.716848673946952
2016-06-14,sh.603318,45.0000,46.3400,43.6800,45.7800,46.8100,5398047,243669654.0000,3,15.248720,1,-2.200400,12.390581,474.002455,15.448439,218.235122,0,-2.2003845332194016
2016-06-15,sh.603318,45.2800,50.3600,44.6000,50.3600,45.7800,6138308,299803600.0000,3,17.339853,1,10.004400,13.630180,521.423409,16.993958,240.068168,0,10.00436871996504
2016-06-16,sh.603318,50.4800,55.4000,50.3600,54.2400,50.3600,9111829,485233520.0000,3,25.739630,1,7.704500,14.680321,561.596618,18.303262,258.564286,0,7.704527402700556
2016-06-17,sh.603318,53.2000,56.2000,53.1500,55.2700,54.2400,6427293,352044688.0000,3,18.156195,1,1.899000,14.959096,572.261156,18.650835,263.474338,0,1.8989675516224214
2016-06-20,sh.603318,55.1000,59.9000,54.1100,58.2600,55.2700,6126475,347942352.0000,3,17.306427,1,5.409800,15.768354,603.219376,19.659809,277.727789,0,5.40980640492128
2016-06-21,sh.603318,57.7100,58.6000,52.8000,53.3700,58.2600,6601146,369188496.0000,3,18.647305,1,-8.393400,14.444852,552.588708,18.009681,254.416960,0,-8.393408856848616
2016-06-22,sh.603318,53.3700,58.7100,53.3600,57.9700,53.3700,7722082,439174784.0000,3,21.813791,1,8.619100,15.689864,600.216740,19.561949,276.345347,0,8.619074386359383
2016-06-23,sh.603318,59.4000,59.6000,54.4000,55.6400,57.9700,5868508,330852704.0000,3,16.577706,1,-4.019300,15.059238,576.092106,18.775691,265.238143,0,-4.0193203381059135
2016-06-24,sh.603318,55.0500,56.9000,51.3000,53.9800,55.6400,5406144,291679952.0000,3,15.271593,1,-2.983500,14.609951,558.904599,18.215525,257.324855,0,-2.9834651329978534
2016-06-27,sh.603318,54.0000,56.3500,54.0000,55.0100,53.9800,5255538,290956592.0000,3,14.846153,1,1.908100,14.888726,569.569137,18.563098,262.234907,0,1.9081141163393767
2016-06-28,sh.603318,55.5000,56.7500,53.6000,55.3800,55.0100,5651815,310197856.0000,3,15.965579,1,0.672600,14.988868,573.400087,18.687955,263.998712,0,0.6726049809125723
2016-06-29,sh.603318,19.2800,20.2100,19.2000,19.2300,18.3800,15297602,303579136.0000,3,14.404522,1,4.624600,15.614081,597.317642,19.467463,275.010576,0,-65.2762730227519
2016-06-30,sh.603318,18.1500,18.3600,17.3100,17.8200,19.2300,33961085,599694512.0000,3,31.978423,1,-7.332300,14.469211,553.520561,18.040051,254.845994,0,-7.332293291731673
2016-07-01,sh.603318,17.5700,17.7700,17.2800,17.3300,17.8200,13670300,239149945.0000,3,12.872222,1,-2.749700,14.071348,538.300298,17.544001,247.838444,0,-2.7497194163860983
2016-07-04,sh.603318,17.3000,17.8000,17.1200,17.5500,17.3300,13606599,237656185.0000,3,12.812240,1,1.269500,14.249980,545.133885,17.766717,250.984691,0,1.2694748990190519
2016-07-05,sh.603318,17.5600,17.6300,17.1200,17.2300,17.5500,15312328,264733628.0000,3,14.418388,1,-1.823400,13.990151,535.194122,17.442766,246.408332,0,-1.8233618233618243
2016-07-06,sh.603318,17.1500,17.1500,16.5300,16.8600,17.2300,16070328,269298848.0000,3,15.132136,1,-2.147400,13.689725,523.701271,17.068197,241.116917,0,-2.1474172954149773
2016-07-07,sh.603318,16.7900,17.3000,16.7500,17.2600,16.8600,13731845,234582051.0000,3,12.930174,1,2.372500,14.014510,536.125975,17.473136,246.837366,0,2.3724792408066575
2016-07-08,sh.603318,17.2700,17.3900,16.9500,17.0100,17.2600,8204966,139969183.0000,3,7.725957,1,-1.448400,13.811519,528.360535,17.220049,243.262085,0,-1.4484356894553851
2016-07-11,sh.603318,17.0000,17.0900,16.6000,16.7000,17.0100,8445613,141879552.0000,3,7.952555,1,-1.822500,13.559810,518.731390,16.906221,238.828737,0,-1.8224573780129427
2016-07-12,sh.603318,16.4800,16.8100,16.1100,16.5800,16.7000,8593026,141234579.0000,3,8.091362,1,-0.718600,13.462374,515.003978,16.784739,237.112603,0,-0.7185628742515049
2016-07-13,sh.603318,16.5900,16.7700,16.4100,16.6400,16.5800,7574674,125908089.0000,3,7.132461,1,0.361900,13.511092,516.867684,16.845480,237.970670,0,0.361881785283491
2016-07-14,sh.603318,16.5000,16.6700,16.4100,16.5000,16.6400,5226957,86393848.0000,3,4.921805,1,-0.841300,13.397417,512.519038,16.703751,235.968513,0,-0.8413461538461564
2016-07-15,sh.603318,16.5000,16.6700,16.4200,16.5500,16.5000,5404100,89432643.0000,3,5.088606,1,0.303000,13.438015,514.072126,16.754369,236.683569,0,0.3030303030303161
2016-07-18,sh.603318,16.5500,16.5500,16.5500,16.5500,16.5500,0,0.0000,3,,0,0.000000,13.438015,514.072126,16.754369,236.683569,0,0.0
2016-07-19,sh.603318,16.5500,16.5500,16.5500,16.5500,16.5500,0,0.0000,3,,0,0.000000,13.438015,514.072126,16.754369,236.683569,0,0.0
2016-07-20,sh.603318,16.5500,16.5500,16.5500,16.5500,16.5500,0,0.0000,3,,0,0.000000,13.438015,514.072126,16.754369,236.683569,0,0.0
2016-07-21,sh.603318,16.5500,16.5500,16.5500,16.5500,16.5500,0,0.0000,3,,0,0.000000,13.438015,514.072126,16.754369,236.683569,0,0.0
2016-07-22,sh.603318,16.5500,16.5500,16.5500,16.5500,16.5500,0,0.0000,3,,0,0.000000,13.438015,514.072126,16.754369,236.683569,0,0.0
2016-07-25,sh.603318,16.5500,16.5500,16.5500,16.5500,16.5500,0,0.0000,3,,0,0.000000,13.438015,514.072126,16.754369,236.683569,0,0.0
2016-07-26,sh.603318,17.2500,18.0000,16.9000,17.0100,16.5500,16745753,289803056.0000,3,15.768129,1,2.779500,13.811519,528.360535,17.220049,243.262085,0,2.779456193353469
2016-07-27,sh.603318,17.0100,17.0100,17.0100,17.0100,17.0100,0,0.0000,3,,0,0.000000,13.811519,528.360535,17.220049,243.262085,0,0.0
2016-07-28,sh.603318,16.0000,16.4800,15.5000,15.7100,17.0100,9382480,148639183.0000,3,8.834727,1,-7.642600,12.755965,487.980247,15.903996,224.670627,0,-7.642563198118757
2016-07-29,sh.603318,15.6100,15.6900,15.0300,15.0700,15.7100,6977303,106506856.0000,3,6.569965,1,-4.073800,12.236308,468.100721,15.256093,215.517908,0,-4.0738383195417
2016-08-01,sh.603318,14.8200,14.9700,14.2100,14.2800,15.0700,5814742,83755624.0000,3,5.475275,1,-5.242200,11.594856,443.561931,14.456338,204.220022,0,-5.242203052422035
2016-08-02,sh.603318,14.3000,14.5300,14.3000,14.4400,14.2800,3494447,50351325.0000,3,3.290440,1,1.120400,11.724770,448.531812,14.618313,206.508202,0,1.1204481792717047
2016-08-03,sh.603318,14.4700,14.4700,14.2100,14.2900,14.4400,3930259,56227541.0000,3,3.700809,1,-1.038800,11.602975,443.872548,14.466461,204.363033,0,-1.0387811634349098
2016-08-04,sh.603318,14.3200,14.5400,14.2400,14.4500,14.2900,3911195,56372801.0000,3,3.682858,1,1.119700,11.732890,448.842430,14.628437,206.651213,0,1.1196641007697794
2016-08-05,sh.603318,14.4900,14.5000,14.2500,14.2700,14.4500,3572500,51210520.0000,3,3.363936,1,-1.245700,11.586736,443.251313,14.446214,204.077011,0,-1.245674740484426
2016-08-08,sh.603318,14.2000,14.2000,13.6800,14.1200,14.2700,5281182,73533606.0000,3,4.972864,1,-1.051200,11.464941,438.592049,14.294362,201.931843,0,-1.0511562718990897
2016-08-09,sh.603318,14.0900,14.3400,14.0200,14.3200,14.1200,3950045,56257784.0000,3,3.719440,1,1.416400,11.627334,444.804401,14.496831,204.792067,0,1.4164305949008638
2016-08-10,sh.603318,14.3400,15.3800,14.2700,15.0100,14.3200,9574117,143365472.0000,3,9.015176,1,4.818400,12.187590,466.237015,15.195352,214.659841,0,4.8184357541899425
2016-08-11,sh.603318,14.8100,14.8800,14.4100,14.4200,15.0100,5701949,83281440.0000,3,5.369067,1,-3.930700,11.708531,447.910577,14.598066,206.222179,0,-3.9307128580945982
2016-08-12,sh.603318,14.4500,14.6300,14.2000,14.4400,14.4200,3661175,52745488.0000,3,3.447434,1,0.138700,11.724770,448.531812,14.618313,206.508202,0,0.1386962552011095
2016-08-15,sh.603318,14.4000,14.7700,14.2200,14.6700,14.4400,6817128,99170448.0000,3,6.419141,1,1.592800,11.911522,455.676017,14.851153,209.797460,0,1.5927977839335306
2016-08-16,sh.603318,14.7100,14.8800,14.5400,14.7200,14.6700,5584824,82207785.0000,3,5.258780,1,0.340800,11.952120,457.229105,14.901771,210.512516,0,0.3408316291751978
2016-08-17,sh.603318,14.7600,14.8900,14.5400,14.7800,14.7200,5142094,75853105.0000,3,4.841896,1,0.407600,12.000838,459.092811,14.962512,211.370583,0,0.40760869565217295
2016-08-18,sh.603318,14.7400,14.9100,14.5200,14.5900,14.7800,5511590,80889673.0000,3,5.189821,1,-1.285500,11.846565,453.191076,14.770166,208.653370,0,-1.285520974289578
2016-08-19,sh.603318,14.6400,14.7100,14.4000,14.4700,14.5900,3599862,52118102.0000,3,3.389701,1,-0.822500,11.749129,449.463665,14.648684,206.937235,0,-0.8224811514736086
2016-08-22,sh.603318,14.5200,14.7000,14.3200,14.5300,14.4700,5119900,74395480.0000,3,4.820998,1,0.414600,11.797847,451.327371,14.709425,207.795303,0,0.4146510020732519
2016-08-23,sh.603318,14.4700,14.5100,14.3300,14.4100,14.5300,3139474,45252335.0000,3,2.956190,1,-0.825900,11.700411,447.599959,14.587943,206.079168,0,-0.8258774948382563
2016-08-24,sh.603318,14.3300,15.7000,14.3300,14.9800,14.4100,13136330,198281643.0000,3,12.369426,1,3.955600,12.514024,469.358818,14.212629,447.833589,0,3.9555863983344874
2016-08-25,sh.603318,14.6600,14.8000,14.5000,14.6900,14.9800,7021215,102664280.0000,3,6.611314,1,-1.935900,12.271763,460.272433,13.937485,439.163913,0,-1.9359145527369837
2016-08-26,sh.603318,14.7400,14.8500,14.6000,14.7900,14.6900,4520946,66694910.0000,3,4.257011,1,0.680700,12.355301,463.405669,14.032362,442.153457,0,0.6807351940095296
2016-08-29,sh.603318,14.8500,15.2500,14.8000,14.9100,14.7900,5669455,84996767.0000,3,5.338470,1,0.811400,12.455547,467.165553,14.146215,445.740909,0,0.8113590263691739
2016-08-30,sh.603318,14.8900,15.0000,14.7200,14.7700,14.9100,3289399,48683458.0000,3,3.097363,1,-0.939000,12.338593,462.779022,14.013387,441.555548,0,-0.9389671361502372
2016-08-31,sh.603318,14.8300,14.8700,14.5100,14.6200,14.7700,3670145,53616338.0000,3,3.455880,1,-1.015600,12.213286,458.079167,13.871071,437.071233,0,-1.0155721056195
2016-09-01,sh.603318,14.6200,14.7500,14.5000,14.5100,14.6200,2878843,42044115.0000,3,2.710775,1,-0.752400,12.121394,454.632607,13.766705,433.782735,0,-0.7523939808481539
2016-09-02,sh.603318,14.5100,14.5800,14.2100,14.2900,14.5100,3458626,49744773.0000,3,3.256710,1,-1.516200,11.937610,447.739487,13.557975,427.205740,0,-1.5161957270847681
2016-09-05,sh.603318,14.4200,14.4500,14.2400,14.2900,14.2900,2369400,33966432.0000,3,2.231073,1,0.000000,11.937610,447.739487,13.557975,427.205740,0,0.0
2016-09-06,sh.603318,14.2900,14.5000,14.1400,14.4800,14.2900,3761458,53889302.0000,3,3.541863,1,1.329598,12.096332,453.692636,13.738242,432.885872,0,1.3296011196641144
2016-09-07,sh.603318,14.4900,14.6800,14.4500,14.4900,14.4800,3637402,52935611.0000,3,3.425049,1,0.069062,12.104686,454.005960,13.747730,433.184827,0,0.06906077348065587
2016-09-08,sh.603318,14.5300,14.6400,14.4500,14.6100,14.4900,2948165,42834427.0000,3,2.776050,1,0.828156,12.204932,457.765844,13.861583,436.772279,0,0.8281573498964745
2016-09-09,sh.603318,14.6200,14.7000,14.3600,14.3900,14.6100,3428503,49786001.0000,3,3.228346,1,-1.505813,12.021148,450.872723,13.652853,430.195283,0,-1.5058179329226484
2016-09-12,sh.603318,14.1000,14.1000,13.6600,13.7100,14.3900,4599900,63801066.0000,3,4.331356,1,-4.725506,11.453088,429.566716,13.007687,409.866389,0,-4.725503822098675
2016-09-13,sh.603318,13.7500,13.8600,13.7200,13.8000,13.7100,2091059,28824930.0000,3,1.968982,1,0.656456,11.528273,432.386628,13.093076,412.556978,0,0.6564551422319376
2016-09-14,sh.603318,13.8000,13.8800,13.5000,13.6800,13.8000,2031095,27855919.0000,3,1.912519,1,-0.869564,11.428027,428.626745,12.979223,408.969526,0,-0.8695652173913104
2016-09-19,sh.603318,13.7200,14.0700,13.7000,13.9000,13.6800,2363426,32941957.0000,3,2.225448,1,1.608182,11.611811,435.519865,13.187953,415.546521,0,1.6081871345029253
2016-09-20,sh.603318,14.0400,14.0400,13.8600,13.9300,13.9000,1511100,21038110.0000,3,1.422881,1,0.215832,11.636872,436.459836,13.216417,416.443384,0,0.21582733812948174
2016-09-21,sh.603318,13.9100,14.5500,13.8600,14.3700,13.9300,6037805,86090389.0000,3,5.685315,1,3.158647,12.004440,450.246076,13.633877,429.597375,0,3.158650394831297
2016-09-22,sh.603318,14.3800,14.7500,14.2500,14.7000,14.3700,6930572,101222457.0000,3,6.525962,1,2.296450,12.280117,460.585756,13.946972,439.462868,0,2.2964509394572064
2016-09-23,sh.603318,14.6000,14.6900,14.2000,14.2700,14.7000,4186541,60579248.0000,3,3.942129,1,-2.925166,11.920902,447.112840,13.539000,426.607831,0,-2.9251700680272053
2016-09-26,sh.603318,14.1100,14.2300,13.6800,13.7000,14.2700,4801964,66541316.0000,3,4.521623,1,-3.994398,11.444734,429.253392,12.998199,409.567435,0,-3.9943938332165363
2016-09-27,sh.603318,13.5200,13.8800,13.5200,13.8700,13.7000,2132200,29359629.0000,3,2.007721,1,1.240877,11.586749,434.579894,13.159490,414.649658,0,1.2408759124087565
2016-09-28,sh.603318,13.8600,13.9700,13.7800,13.8200,13.8700,1628300,22581726.0000,3,1.533239,1,-0.360492,11.544980,433.013276,13.112052,413.154887,0,-0.36049026676279183
2016-09-29,sh.603318,13.8500,13.9000,13.8000,13.8200,13.8200,1762900,24401225.0000,3,1.659981,1,0.000000,11.544980,433.013276,13.112052,413.154887,0,0.0
2016-09-30,sh.603318,13.8900,13.9200,13.8100,13.8400,13.8200,1193900,16538051.0000,3,1.124200,1,0.144721,11.561688,433.639923,13.131027,413.752795,0,0.14471780028944004
2016-10-10,sh.603318,13.9200,14.1600,13.8900,14.1500,13.8400,3554020,49745774.0000,3,3.346535,1,2.239881,11.820656,443.352956,13.425147,423.020380,0,2.239884393063596
2016-10-11,sh.603318,14.1500,14.5000,14.1100,14.4500,14.1500,5513126,78822259.0000,3,5.191267,1,2.120143,12.071271,452.752665,13.709779,431.989009,0,2.1201413427561766
2016-10-12,sh.603318,14.3400,14.5900,14.2500,14.4200,14.4500,4448518,64314399.0000,3,4.188812,1,-0.207611,12.046210,451.812694,13.681316,431.092146,0,-0.20761245674739692
2016-10-13,sh.603318,14.4000,14.5000,14.3000,14.4400,14.4200,3046791,43913224.0000,3,2.868918,1,0.138693,12.062917,452.439342,13.700291,431.690055,0,0.1386962552011095
2016-10-14,sh.603318,14.4000,15.1000,14.3000,14.7000,14.4400,8189500,120756427.0000,3,7.711394,1,1.800556,12.280117,460.585756,13.946972,439.462868,0,1.8005540166204925
2016-10-17,sh.603318,14.7800,14.7800,14.2600,14.3000,14.7000,6132267,88325851.0000,3,5.774263,1,-2.721086,11.945964,448.052811,13.567463,427.504694,0,-2.7210884353741416
2016-10-18,sh.603318,14.3100,14.4900,14.2500,14.4800,14.3000,3101096,44654806.0000,3,2.920053,1,1.258737,12.096332,453.692636,13.738242,432.885872,0,1.2587412587412583
2016-10-19,sh.603318,14.5900,14.5900,14.3800,14.4800,14.4800,3173300,45950693.0000,3,2.988041,1,0.000000,12.096332,453.692636,13.738242,432.885872,0,0.0
2016-10-20,sh.603318,14.4900,14.8000,14.3900,14.7900,14.4800,6708078,98445733.0000,3,6.316458,1,2.140887,12.355301,463.405669,14.032362,442.153457,0,2.140883977900554
2016-10-21,sh.603318,14.9200,15.0700,14.4600,14.6500,14.7900,6280230,92763942.0000,3,5.913588,1,-0.946588,12.238347,459.019138,13.899534,437.968096,0,-0.9465855307640214
2016-10-24,sh.603318,14.6500,14.8000,14.5200,14.7100,14.6500,3538991,51974104.0000,3,3.332383,1,0.409559,12.288470,460.899080,13.956460,439.761822,0,0.4095563139931757
2016-10-25,sh.603318,14.7500,14.7900,14.5500,14.7700,14.7100,4602840,67604066.0000,3,4.334124,1,0.407889,12.299868,653.744109,13.820737,204.344101,0,0.40788579197823527
2016-10-26,sh.603318,14.8400,14.8400,14.5700,14.6500,14.7700,3097269,45433644.0000,3,2.916449,1,-0.812463,12.199936,648.432715,13.708449,202.683891,0,-0.8124576844955933
2016-10-27,sh.603318,14.6500,14.7600,14.5700,14.6800,14.6500,2816417,41283910.0000,3,2.651993,1,0.204783,12.224919,649.760563,13.736521,203.098944,0,0.20477815699657675
2016-10-28,sh.603318,14.7000,14.7400,14.4700,14.4900,14.6800,2940496,42892250.0000,3,2.768829,1,-1.294281,12.066695,641.350856,13.558733,200.470279,0,-1.2942779291553075
2016-10-31,sh.603318,14.5100,14.6000,14.3000,14.5500,14.4900,2569302,37237058.0000,3,2.419305,1,0.414082,12.116660,644.006553,13.614876,201.300384,0,0.41407867494824835
2016-11-01,sh.603318,14.5300,14.7100,14.4800,14.6800,14.5500,3478751,50803311.0000,3,3.275660,1,0.893472,12.224919,649.760563,13.736521,203.098944,0,0.8934707903780037
2016-11-02,sh.603318,14.6800,14.7300,14.5000,14.5600,14.6800,3009453,43908549.0000,3,2.833760,1,-0.817438,12.124988,644.449169,13.624234,201.438734,0,-0.8174386920980825
2016-11-03,sh.603318,14.5700,14.9800,14.4600,14.8100,14.5600,7616836,112628687.0000,3,7.172162,1,1.717033,12.333178,655.514574,13.858166,204.897504,0,1.717032967032961
2016-11-04,sh.603318,14.7000,14.9600,14.7000,14.9400,14.8100,6200255,92109720.0000,3,5.838282,1,0.877780,12.441437,661.268584,13.979811,206.696064,0,0.8777852802160702
2016-11-07,sh.603318,14.9900,16.4300,14.9900,16.4300,14.9400,14619315,234564227.0000,3,13.765833,1,9.973231,13.682249,727.218396,15.374049,227.310330,0,9.97322623828647
2016-11-08,sh.603318,16.9900,17.1800,16.1400,16.7900,16.4300,37952471,634055728.0000,3,35.736790,1,2.191117,13.982043,743.152579,15.710912,232.290958,0,2.1911138161898824
2016-11-09,sh.603318,16.7000,16.7000,16.0000,16.4000,16.7900,19006038,310701136.0000,3,17.896458,1,-2.322819,13.657267,725.890547,15.345977,226.895278,0,-2.3228111971411614
2016-11-10,sh.603318,16.4600,17.7700,16.2500,17.3700,16.4000,30132551,512200512.0000,3,28.373400,1,5.914641,14.465044,768.824318,16.253636,240.315303,0,5.91463414634148
2016-11-11,sh.603318,17.0200,17.6300,16.9000,17.2400,17.3700,21990692,379911328.0000,3,20.706866,1,-0.748423,14.356785,763.070307,16.131991,238.516743,0,-0.7484168105929889
2016-11-14,sh.603318,17.0100,17.2700,16.5500,16.5800,17.2400,14089132,236015687.0000,3,13.266603,1,-3.828305,13.807163,733.857639,15.514409,229.385592,0,-3.828306264501158
2016-11-15,sh.603318,16.5500,17.1600,16.2200,16.8500,16.5800,11576273,193905227.0000,3,10.900445,1,1.628471,14.032009,745.808276,15.767056,233.121063,0,1.628468033775654
2016-11-16,sh.603318,16.7200,16.8300,16.4700,16.5200,16.8500,7362456,122162934.0000,3,6.932633,1,-1.958456,13.757198,731.201942,15.458265,228.555487,0,-1.9584569732937762
2016-11-17,sh.603318,16.5200,16.5200,15.8900,16.0300,16.5200,9112791,146625153.0000,3,8.580782,1,-2.966100,13.349145,709.513748,14.999757,221.776299,0,-2.9661016949152463
2016-11-18,sh.603318,16.1100,17.6300,15.9200,17.2800,16.0300,19975699,341525936.0000,3,18.809509,1,7.797879,14.390096,764.840772,16.169420,239.070146,0,7.797878976918282
2016-11-21,sh.603318,17.1100,17.6500,16.8500,17.3400,17.2800,16873046,290780816.0000,3,15.887991,1,0.347219,14.440061,767.496469,16.225564,239.900251,0,0.3472222222222099
2016-11-22,sh.603318,17.2300,17.5700,17.0000,17.1900,17.3400,9220417,158635444.0000,3,8.682125,1,-0.865050,14.315147,760.857226,16.085204,237.824989,0,-0.8650519031141779
2016-11-23,sh.603318,17.1900,17.3700,16.6900,16.7100,17.1900,9741583,165396254.0000,3,9.172865,1,-2.792330,13.915422,739.611649,15.636054,231.184152,0,-2.7923211169284534
2016-11-24,sh.603318,16.7100,16.8400,16.4300,16.4900,16.7100,6578078,109265759.0000,3,6.194047,1,-1.316573,13.732215,729.874093,15.430193,228.140435,0,-1.3165769000598626
2016-11-25,sh.603318,16.5000,16.6800,16.0200,16.4500,16.4900,5109454,83352225.0000,3,4.811162,1,-0.242565,13.698905,728.103628,15.392764,227.587032,0,-0.24257125530624535
2016-11-28,sh.603318,16.5700,16.9600,16.3600,16.8900,16.4500,6934478,115924071.0000,3,6.529640,1,2.674764,14.065319,747.578741,15.804485,233.674466,0,2.674772036474171
2016-11-29,sh.603318,16.8500,16.9400,16.2600,16.3700,16.8900,6463313,107314985.0000,3,6.085982,1,-3.078736,13.632284,724.562699,15.317906,226.480225,0,-3.0787448194197764
2016-11-30,sh.603318,16.3700,16.5600,16.1300,16.4400,16.3700,4024595,65940349.0000,3,3.789637,1,0.427610,13.690577,727.661012,15.383407,227.448681,0,0.42761148442271857
2016-12-01,sh.603318,16.4400,16.8000,16.4200,16.7100,16.4400,5587376,93062128.0000,3,5.261183,1,1.642327,13.915422,739.611649,15.636054,231.184152,0,1.642335766423364
2016-12-02,sh.603318,16.7000,16.9300,16.1700,16.2000,16.7100,6352243,105771570.0000,3,5.981396,1,-3.052055,13.490715,717.038224,15.158831,224.128262,0,-3.052064631956919
2016-12-05,sh.603318,16.0500,16.0500,14.8000,14.9900,16.2000,7845335,120478667.0000,3,7.387321,1,-7.469141,12.483075,663.481665,14.026598,207.387818,0,-7.469135802469129
2016-12-06,sh.603318,15.0900,15.2200,14.9200,15.0600,14.9900,3399170,51119523.0000,3,3.200725,1,0.466982,12.541368,666.579978,14.092099,208.356273,0,0.46697798532355783
2016-12-07,sh.603318,15.0700,15.1400,14.7500,15.0900,15.0600,3607350,53873607.0000,3,3.396751,1,0.199201,12.566351,667.907827,14.120171,208.771326,0,0.19920318725099584
2016-12-08,sh.603318,15.1100,15.1100,14.7600,14.7900,15.0900,3159573,47081870.0000,3,2.975116,1,-1.988073,12.316523,654.629341,13.839452,204.620802,0,-1.988071570576544
2016-12-09,sh.603318,14.7900,14.9400,14.6300,14.7100,14.7900,3055085,45249766.0000,3,2.876728,1,-0.540906,12.249902,651.088412,13.764593,203.513996,0,-0.5409060175794345
2016-12-12,sh.603318,14.7000,14.7900,13.5800,13.9000,14.7100,6222958,87581650.0000,3,5.859659,1,-5.506461,11.575366,615.236501,13.006652,192.307583,0,-5.5064581917063204
2016-12-13,sh.603318,13.8600,13.9900,13.4500,13.8100,13.9000,5715436,78341370.0000,3,5.381766,1,-0.647476,11.500418,611.252955,12.922436,191.062426,0,-0.6474820143884896
2016-12-14,sh.603318,13.9500,13.9600,13.7100,13.8300,13.8100,4986894,69156388.0000,3,4.695757,1,0.144819,11.517073,612.138187,12.941150,191.339127,0,0.14482259232440065
2016-12-15,sh.603318,13.8300,14.1800,13.7300,13.9900,13.8300,4260047,59386021.0000,3,4.011344,1,1.156904,11.650315,619.220046,13.090867,193.552740,0,1.1569052783803269
2016-12-16,sh.603318,14.0800,14.1500,13.9100,14.0900,13.9900,3003910,42149936.0000,3,2.828540,1,0.714799,11.733591,623.646208,13.184440,194.936248,0,0.7147962830593269
2016-12-19,sh.603318,14.0900,14.2900,13.9500,14.1800,14.0900,3108800,43957936.0000,3,2.927307,1,0.638752,11.808539,627.629754,13.268656,196.181405,0,0.638750887154016
2016-12-20,sh.603318,14.1800,14.2400,14.0600,14.1300,14.1800,2310200,32664801.0000,3,2.175330,1,-0.352611,11.766901,625.416673,13.221870,195.489651,0,-0.35260930888574293
2016-12-21,sh.603318,14.2000,14.6600,14.1600,14.5800,14.1300,5329377,76958435.0000,3,5.018246,1,3.184712,12.141643,645.334401,13.642948,201.715436,0,3.1847133757961776
2016-12-22,sh.603318,14.5000,14.6500,14.3400,14.5000,14.5800,3245419,47077103.0000,3,3.055950,1,-0.548696,12.075022,641.793472,13.568090,200.608630,0,-0.5486968449931462
2016-12-23,sh.603318,14.5000,14.6000,14.0000,14.0900,14.5000,3824367,54190121.0000,3,3.601099,1,-2.827585,11.733591,623.646208,13.184440,194.936248,0,-2.8275862068965485
2016-12-26,sh.603318,14.0600,14.1500,13.6900,14.1000,14.0900,2286463,31852402.0000,3,2.152978,1,0.070974,11.741918,624.088824,13.193798,195.074598,0,0.07097232079489313
2016-12-27,sh.603318,14.1000,14.1800,14.0100,14.1100,14.1000,2315700,32657091.0000,3,2.180508,1,0.070917,11.750246,624.531440,13.203155,195.212949,0,0.07092198581559739
2016-12-28,sh.603318,14.1200,14.1300,14.0100,14.0600,14.1100,1657262,23320746.0000,3,1.560510,1,-0.354353,11.708608,622.318360,13.156368,194.521195,0,-0.3543586109142405
2016-12-29,sh.603318,14.1200,14.1400,14.0100,14.0500,14.0600,1651190,23229129.0000,3,1.554793,1,-0.071125,11.700280,621.875743,13.147011,194.382845,0,-0.07112375533427917
2016-12-30,sh.603318,14.1000,14.1000,13.6000,13.8100,14.0500,3266670,45117284.0000,3,3.075960,1,-1.708183,11.500418,611.252955,12.922436,191.062426,0,-1.708185053380784
2017-01-03,sh.603318,13.8000,14.0300,13.7800,14.0100,13.8100,2366377,33008436.0000,3,2.228227,1,1.448225,11.666970,620.105279,13.109582,193.829441,0,1.4482259232440287
2017-01-04,sh.603318,14.1000,14.3600,14.0400,14.3000,14.0100,3375047,48007772.0000,3,3.178010,1,2.069950,11.908470,632.941148,13.380944,197.841614,0,2.0699500356887945
2017-01-05,sh.603318,14.3000,14.4700,14.2500,14.3300,14.3000,4246413,60825817.0000,3,3.998506,1,0.209788,11.933453,634.268997,13.409016,198.256666,0,0.20979020979019491
2017-01-06,sh.603318,14.3300,14.4400,14.1500,14.3000,14.3300,2872740,41115568.0000,3,2.705028,1,-0.209349,11.908470,632.941148,13.380944,197.841614,0,-0.20935101186322358
2017-01-09,sh.603318,14.3000,14.3900,14.2200,14.3100,14.3000,2361077,33730422.0000,3,2.223236,1,0.069932,11.916798,633.383764,13.390301,197.979965,0,0.06993006993005757
2017-01-10,sh.603318,14.3100,14.5300,14.2500,14.4700,14.3100,2639959,38131823.0000,3,2.485837,1,1.118098,12.050040,640.465623,13.540018,200.193577,0,1.1180992313067684
2017-01-11,sh.603318,14.5900,14.6800,14.2300,14.2700,14.4700,2944722,42396099.0000,3,2.772808,1,-1.382169,11.883488,631.613299,13.352872,197.426562,0,-1.3821700069108545
2017-01-12,sh.603318,14.3000,14.3000,13.8000,13.8700,14.2700,2961194,41475446.0000,3,2.788318,1,-2.803087,11.550383,613.908652,12.978580,191.892531,0,-2.8030833917309095
2017-01-13,sh.603318,13.8600,13.9200,13.6000,13.6600,13.8700,2712912,37104757.0000,3,2.554531,1,-1.514059,11.375504,604.613712,12.782076,188.987164,0,-1.5140591204037435
2017-01-16,sh.603318,13.6000,13.6700,12.3100,12.7900,13.6600,3304510,43233448.0000,3,3.111591,1,-6.368960,10.651002,566.106104,11.967991,176.950646,0,-6.368960468521234
2017-01-17,sh.603318,12.7900,12.9600,12.1500,12.7900,12.7900,2808091,35303684.0000,3,2.644153,1,0.000000,10.651002,566.106104,11.967991,176.950646,0,0.0
2017-01-18,sh.603318,12.7900,12.8600,12.6000,12.6200,12.7900,1575916,20013989.0000,3,1.483913,1,-1.329164,10.509433,558.581629,11.808917,174.598683,0,-1.3291634089132143
2017-01-19,sh.603318,12.5800,12.6800,12.3000,12.4100,12.6200,1748080,21810013.0000,3,1.646026,1,-1.664026,10.334554,549.286689,11.612413,171.693317,0,-1.6640253565768592
2017-01-20,sh.603318,12.4100,12.8400,12.4000,12.7200,12.4100,2362814,30058220.0000,3,2.224872,1,2.497989,10.592709,563.007790,11.902490,175.982191,0,2.4979854955681002
2017-01-23,sh.603318,12.7200,13.0600,12.7200,13.0000,12.7200,1933200,25048776.0000,3,1.820339,1,2.201256,10.825882,575.401044,12.164494,179.856013,0,2.2012578616352085
2017-01-24,sh.603318,13.0500,13.1300,12.8600,13.0300,13.0000,2499585,32574660.0000,3,2.353658,1,0.230767,10.850865,576.728892,12.192566,180.271065,0,0.2307692307692344
2017-01-25,sh.603318,12.9800,13.5800,12.9100,13.3100,13.0300,2448906,32600945.0000,3,2.305938,1,2.148893,11.084038,589.122145,12.454571,184.144887,0,2.148887183422876
2017-01-26,sh.603318,13.3900,13.4800,13.2200,13.3300,13.3100,1064657,14202022.0000,3,1.002502,1,0.150259,11.100693,590.007378,12.473285,184.421588,0,0.15026296018030294
2017-02-03,sh.603318,13.2200,13.4400,13.2200,13.3300,13.3300,851850,11353502.0000,3,0.802119,1,0.000000,11.100693,590.007378,12.473285,184.421588,0,0.0
2017-02-06,sh.603318,13.3000,13.4400,13.2600,13.4400,13.3300,1276514,17092635.0000,3,1.201991,1,0.825204,11.192297,594.876156,12.576216,185.943447,0,0.8252063015753874
2017-02-07,sh.603318,13.3600,13.6800,13.3600,13.6500,13.4400,2014114,27346215.0000,3,1.896529,1,1.562500,11.367176,604.171096,12.772719,188.848813,0,1.5625
2017-02-08,sh.603318,13.5800,13.9000,13.5100,13.7600,13.6500,1732328,23732708.0000,3,1.631194,1,0.805865,11.458780,609.039874,12.875649,190.370672,0,0.805860805860803
2017-02-09,sh.603318,13.7800,13.8600,13.6600,13.7500,13.7600,1740701,23946915.0000,3,1.639078,1,-0.072676,11.450452,608.597258,12.866292,190.232321,0,-0.07267441860464574
2017-02-10,sh.603318,13.7600,14.2900,13.6800,13.9900,13.7500,4077816,56908347.0000,3,3.839751,1,1.745453,11.650315,619.220046,13.090867,193.552740,0,1.745454545454539
2017-02-13,sh.603318,13.9300,14.2800,13.9000,14.2100,13.9900,3228261,45706270.0000,3,3.039794,1,1.572554,11.833522,628.957602,13.296728,196.596457,0,1.572551822730528
2017-02-14,sh.603318,14.2300,14.6100,14.0900,14.5900,14.2100,4119226,59077047.0000,3,3.878744,1,2.674174,12.149971,645.777017,13.652306,201.853787,0,2.674173117522871
2017-02-15,sh.603318,14.4800,14.7700,14.3100,14.6100,14.5900,7247837,105663907.0000,3,6.824705,1,0.137077,12.166626,646.662250,13.671020,202.130488,0,0.1370801919122755
2017-02-16,sh.603318,14.4700,14.7000,14.3200,14.6200,14.6100,4531362,65943806.0000,3,4.266819,1,0.068448,12.174954,647.104866,13.680377,202.268839,0,0.0684462696783017
2017-02-17,sh.603318,14.6200,14.7300,14.4000,14.4800,14.6200,4372153,63269935.0000,3,4.116905,1,-0.957595,12.058367,640.908239,13.549375,200.331928,0,-0.9575923392612817
2017-02-20,sh.603318,14.4800,14.4900,14.0200,14.4700,14.4800,3271553,46548899.0000,3,3.080558,1,-0.069056,12.050040,640.465623,13.540018,200.193577,0,-0.06906077348066697
2017-02-21,sh.603318,14.4400,14.6800,14.3700,14.4500,14.4700,2744709,39746446.0000,3,2.584472,1,-0.138220,12.033384,639.580391,13.521303,199.916876,0,-0.13821700069109877
2017-02-22,sh.603318,14.4400,14.5700,14.3100,14.3900,14.4500,2833106,40785576.0000,3,2.667708,1,-0.415221,11.983419,636.924694,13.465159,199.086771,0,-0.41522491349480495
2017-02-23,sh.603318,14.3000,14.4000,14.1500,14.2900,14.3900,2953468,42049281.0000,3,2.781043,1,-0.694930,11.900143,632.498532,13.371586,197.703263,0,-0.6949270326615853
2017-02-24,sh.603318,14.3900,14.5700,14.1800,14.5100,14.2900,7385244,106566614.0000,3,6.954090,1,1.539540,12.083350,642.236088,13.577447,200.746980,0,1.5395381385584272
2017-02-27,sh.603318,14.4000,14.4000,14.0200,14.0400,14.5100,8515971,120794871.0000,3,8.018805,1,-3.239147,11.691953,621.433127,13.137654,194.244494,0,-3.239145416953826
2017-02-28,sh.603318,14.0000,14.1700,13.8000,13.8900,14.0400,3724573,51817841.0000,3,3.507131,1,-1.068373,11.567039,614.793884,12.997294,192.169232,0,-1.0683760683760535
2017-03-01,sh.603318,13.8800,14.1400,13.8400,14.1300,13.8900,2954762,41388204.0000,3,2.782262,1,1.727860,11.766901,625.416673,13.221870,195.489651,0,1.7278617710583255
2017-03-02,sh.603318,14.1400,14.1900,14.0100,14.0400,14.1300,2373181,33388256.0000,3,2.234634,1,-0.636944,11.691953,621.433127,13.137654,194.244494,0,-0.6369426751592466
2017-03-03,sh.603318,14.0300,14.1400,14.0000,14.1200,14.0400,1514335,21272683.0000,3,1.425927,1,0.569800,11.758573,624.974057,13.212512,195.351300,0,0.5698005698005604
2017-03-06,sh.603318,14.1200,14.2300,14.0800,14.1600,14.1200,1410368,19967944.0000,3,1.328030,1,0.283286,11.791884,626.744521,13.249941,195.904703,0,0.2832861189801861
2017-03-07,sh.603318,14.1800,14.2300,14.0800,14.1700,14.1600,1915203,27098840.0000,3,1.803393,1,0.070623,11.800211,627.187138,13.259299,196.043054,0,0.07062146892655718
2017-03-08,sh.603318,14.2200,14.2300,13.9900,14.0100,14.1700,2129800,30000766.0000,3,2.005461,1,-1.129145,11.666970,620.105279,13.109582,193.829441,0,-1.1291460832745237
2017-03-09,sh.603318,13.9800,13.9800,13.7100,13.7200,14.0100,2268800,31267529.0000,3,2.136347,1,-2.069950,11.425469,607.269409,12.838220,189.817269,0,-2.0699500356887834
2017-03-10,sh.603318,13.7400,14.1900,13.7400,13.9800,13.7200,2553103,35859258.0000,3,2.404052,1,1.895038,11.641987,618.777430,13.081510,193.414389,0,1.895043731778423
2017-03-13,sh.603318,13.8800,13.9400,13.7000,13.8300,13.9800,2376901,32792833.0000,3,2.238137,1,-1.072959,11.517073,612.138187,12.941150,191.339127,0,-1.0729613733905574
2017-03-14,sh.603318,13.8300,14.0500,13.8000,13.8800,13.8300,2041001,28477417.0000,3,1.921847,1,0.361534,11.558711,614.351268,12.987937,192.030881,0,0.3615328994938549
2017-03-15,sh.603318,13.8100,13.9100,13.6300,13.8300,13.8800,2948930,40626002.0000,3,2.776770,1,-0.360232,11.517073,612.138187,12.941150,191.339127,0,-0.36023054755043304
2017-03-16,sh.603318,13.7900,14.0100,13.7900,13.9100,13.8300,2753175,38391667.0000,3,2.592444,1,0.578452,11.583694,615.679117,13.016009,192.445934,0,0.5784526391901634
2017-03-17,sh.603318,13.9400,14.0600,13.8100,13.8400,13.9100,2040409,28469985.0000,3,1.921289,1,-0.503233,11.525401,612.580803,12.950508,191.477478,0,-0.5032350826743359
2017-03-20,sh.603318,13.8400,14.0000,13.7500,13.9500,13.8400,1710200,23789024.0000,3,1.610358,1,0.794795,11.617004,617.449581,13.053438,192.999337,0,0.7947976878612595
2017-03-21,sh.603318,13.8900,14.0500,13.8900,13.9300,13.9500,1919330,26814478.0000,3,1.807279,1,-0.143366,11.600349,616.564349,13.034724,192.722635,0,-0.14336917562723928
2017-03-22,sh.603318,13.8600,13.9300,13.6800,13.7400,13.9300,2008942,27640206.0000,3,1.891659,1,-1.363966,11.442125,608.154642,12.856935,190.093970,0,-1.3639626704953334
2017-03-23,sh.603318,13.7400,13.8700,13.5600,13.6300,13.7400,1987062,27256466.0000,3,1.871056,1,-0.800580,11.350521,603.285863,12.754004,188.572112,0,-0.8005822416302766
2017-03-24,sh.603318,13.5800,13.7900,13.5800,13.7200,13.6300,1905397,26127955.0000,3,1.794159,1,0.660309,11.425469,607.269409,12.838220,189.817269,0,0.6603081438004477
2017-03-27,sh.603318,13.7200,13.8000,13.5800,13.6600,13.7200,1633231,22300758.0000,3,1.537882,1,-0.437321,11.375504,604.613712,12.782076,188.987164,0,-0.4373177842565634
2017-03-28,sh.603318,13.6900,13.6900,13.4200,13.5100,13.6600,1954995,26497390.0000,3,1.840862,1,-1.098094,11.250590,597.974469,12.641717,186.911903,0,-1.0980966325036645
2017-03-29,sh.603318,13.5500,13.6000,13.3200,13.3500,13.5100,1703620,22922922.0000,3,1.604162,1,-1.184307,11.117348,590.892610,12.492000,184.698290,0,-1.1843079200592133
2017-03-30,sh.603318,13.3000,13.4400,12.8200,12.9100,13.3500,2600358,33932247.0000,3,2.448548,1,-3.295884,10.750934,571.417498,12.080279,178.610856,0,-3.2958801498127355
2017-03-31,sh.603318,12.7900,13.1700,12.7900,13.0500,12.9100,1638170,21406739.0000,3,1.542533,1,1.084433,10.867520,577.614125,12.211281,180.547767,0,1.0844306738962084
2017-04-05,sh.603318,13.0000,13.3800,13.0000,13.3400,13.0500,1984300,26295798.0000,3,1.868456,1,2.222222,11.109021,590.449994,12.482643,184.559939,0,2.2222222222222143
2017-04-06,sh.603318,13.2800,13.9800,13.2800,13.7700,13.3400,5074317,69417822.0000,3,4.778076,1,3.223391,11.467107,609.482490,12.885007,190.509023,0,3.2233883058470747
2017-04-07,sh.603318,13.6500,13.8600,13.4500,13.5000,13.7700,3263842,44449759.0000,3,3.073298,1,-1.960788,11.242262,597.531853,12.632359,186.773552,0,-1.9607843137254832
2017-04-10,sh.603318,13.5000,13.5800,13.1700,13.2000,13.5000,2138742,28399450.0000,3,2.013881,1,-2.222224,10.992434,584.253367,12.351640,182.623028,0,-2.2222222222222254
2017-04-11,sh.603318,13.1800,13.3500,13.0300,13.1900,13.2000,2175919,28673400.0000,3,2.048888,1,-0.075759,10.984107,583.810751,12.342283,182.484678,0,-0.07575757575757347
2017-04-12,sh.603318,13.2800,13.6400,13.1300,13.3800,13.1900,2743761,36879654.0000,3,2.583579,1,1.440489,11.142331,592.220459,12.520072,185.113342,0,1.4404852160727843
2017-04-13,sh.603318,13.4600,13.6100,13.2800,13.4600,13.3800,1804716,24328055.0000,3,1.699356,1,0.597907,11.208952,595.761388,12.594930,186.220149,0,0.5979073243647326
2017-04-14,sh.603318,13.5000,13.5500,13.1600,13.2300,13.4600,2228381,29541922.0000,3,2.098287,1,-1.708770,11.017417,585.581216,12.379712,183.038081,0,-1.7087667161961417
2017-04-17,sh.603318,13.1800,13.3700,12.9500,13.2600,13.2300,2026224,26494833.0000,3,1.907932,1,0.226763,11.042400,586.909065,12.407784,183.453133,0,0.22675736961450532
2017-04-18,sh.603318,13.5900,14.0000,13.1000,13.4000,13.2600,10714692,144935415.0000,3,10.089164,1,1.055802,11.158986,593.105691,12.538786,185.390044,0,1.0558069381598756
2017-04-19,sh.603318,13.0000,13.0000,12.2100,12.4400,13.4000,5379875,67137620.0000,3,5.065796,1,-7.164179,10.359536,550.614537,11.640485,172.108369,0,-7.164179104477619
2017-04-20,sh.603318,12.4000,12.4500,11.9300,12.0300,12.4400,3296525,39911188.0000,3,3.104073,1,-3.295819,10.018105,532.467273,11.256836,166.435987,0,-3.2958199356913243
2017-04-21,sh.603318,12.0500,12.2200,12.0000,12.0800,12.0300,1641700,19793088.0000,3,1.545857,1,0.415629,9.534050,188.581926,11.291563,47.958052,0,0.41562759767248547
2017-04-24,sh.603318,12.0700,12.0700,11.2800,11.3200,12.0800,2257201,25934706.0000,3,2.125425,1,-6.291392,8.934226,176.717500,10.581166,44.940823,0,-6.29139072847682
2017-04-25,sh.603318,11.3200,11.4900,11.2100,11.3900,11.3200,1333542,15192993.0000,3,1.255689,1,0.618380,8.989473,177.810276,10.646598,45.218726,0,0.6183745583038913
2017-04-26,sh.603318,11.3900,11.4300,11.2700,11.3300,11.3900,1276627,14481441.0000,3,1.202097,1,-0.526782,8.942118,176.873611,10.590514,44.980524,0,-0.5267778753292429
2017-04-27,sh.603318,11.3100,11.4600,10.9200,11.4200,11.3300,2345182,26213829.0000,3,2.208269,1,0.794353,9.013150,178.278609,10.674640,45.337827,0,0.7943512797881747
2017-04-28,sh.603318,11.3600,11.4800,11.2200,11.4400,11.4200,1579917,18020058.0000,3,1.487681,1,0.175127,9.028935,178.590831,10.693334,45.417228,0,0.17513134851137035
2017-05-02,sh.603318,11.4400,11.7000,11.4000,11.5800,11.4400,1560488,18046676.0000,3,1.469386,1,1.223779,9.046846,112.667928,10.583141,77.915798,0,1.2237762237762295
2017-05-03,sh.603318,11.5900,11.9700,11.5400,11.9100,11.5800,2469092,29341942.0000,3,2.324945,1,2.849740,9.304657,115.878672,10.884733,80.136196,0,2.849740932642497
2017-05-04,sh.603318,11.9100,11.9600,11.7300,11.8100,11.9100,1225957,14514025.0000,3,1.154385,1,-0.839626,9.226533,114.905719,10.793342,79.463348,0,-0.8396305625524736
2017-05-05,sh.603318,11.7400,11.9000,11.7000,11.7000,11.8100,1161843,13705360.0000,3,1.094014,1,-0.931419,9.140595,113.835471,10.692811,78.723216,0,-0.9314140558848494
2017-05-08,sh.603318,11.6400,11.7500,11.5200,11.6500,11.7000,1205059,13977969.0000,3,1.134707,1,-0.427352,9.101533,113.348995,10.647115,78.386792,0,-0.42735042735041473
2017-05-09,sh.603318,11.6800,11.8600,11.4600,11.8200,11.6500,1211377,14166454.0000,3,1.140656,1,1.459228,9.234345,115.003014,10.802481,79.530633,0,1.4592274678111528
2017-05-10,sh.603318,11.8200,12.7800,11.7600,12.1500,11.8200,4618712,57047796.0000,3,4.349070,1,2.791878,9.492157,118.213759,11.104073,81.751032,0,2.7918781725888353
2017-05-11,sh.603318,12.1200,12.2600,11.5000,12.1300,12.1500,2127264,25572918.0000,3,2.003073,1,-0.164605,9.476532,118.019168,11.085795,81.616462,0,-0.16460905349794386
2017-05-12,sh.603318,12.1300,12.3700,11.9200,12.2800,12.1300,1730492,21073783.0000,3,1.629465,1,1.236600,9.593719,119.478597,11.222882,82.625734,0,1.2366034624896827
2017-05-15,sh.603318,12.3000,12.3500,12.1500,12.2200,12.2800,2322601,28468968.0000,3,2.187007,1,-0.488595,9.546844,118.894825,11.168047,82.222025,0,-0.48859934853419107
2017-05-16,sh.603318,12.2000,12.3800,11.7500,12.3300,12.2200,2569352,30860493.0000,3,2.419352,1,0.900161,9.632781,119.965073,11.268578,82.962158,0,0.9001636661211121
2017-05-17,sh.603318,12.2200,12.3200,12.0700,12.1400,12.3300,2064592,25163040.0000,3,1.944060,1,-1.540954,9.484344,118.116463,11.094934,81.683747,0,-1.5409570154095609
2017-05-18,sh.603318,12.0100,12.2200,11.9500,12.0200,12.1400,1419831,17182546.0000,3,1.336941,1,-0.988467,9.390595,116.948920,10.985264,80.876329,0,-0.9884678747940745
2017-05-19,sh.603318,12.1200,12.2900,12.0200,12.0600,12.0200,775754,9399865.0000,3,0.730465,1,0.332778,9.421844,117.338101,11.021821,81.145468,0,0.33277870216306127
2017-05-22,sh.603318,12.0900,12.3000,11.8500,11.9500,12.0600,1410994,17045135.0000,3,1.328620,1,-0.912111,9.335907,116.267853,10.921290,80.405336,0,-0.9121061359867455
2017-05-23,sh.603318,11.8900,12.0700,11.7500,11.9500,11.9500,2256794,26922760.0000,3,2.125041,1,0.000000,9.335907,116.267853,10.921290,80.405336,0,0.0
2017-05-24,sh.603318,12.0500,12.1000,11.3500,11.7000,11.9500,2122036,24856850.0000,3,1.998151,1,-2.092050,9.140595,113.835471,10.692811,78.723216,0,-2.092050209205021
2017-05-25,sh.603318,11.5100,11.7100,11.2500,11.6900,11.7000,2066078,23832213.0000,3,1.945460,1,-0.085472,9.132783,113.738176,10.683672,78.655931,0,-0.08547008547008517
2017-05-26,sh.603318,11.6900,11.7000,11.4900,11.5000,11.6900,994322,11526478.0000,3,0.936273,1,-1.625317,8.984346,111.889566,10.510028,77.377520,0,-1.6253207869974307
2017-05-31,sh.603318,11.6100,11.8200,11.5100,11.5300,11.5000,985499,11493222.0000,3,0.927965,1,0.260867,9.007783,112.181452,10.537445,77.579374,0,0.2608695652173809
2017-06-01,sh.603318,11.5000,11.5000,10.8500,10.8800,11.5300,1693500,18895426.0000,3,1.594633,1,-5.637465,8.499972,105.857259,9.943400,73.205862,0,-5.63746747614916
2017-06-02,sh.603318,10.9300,11.0900,10.5800,11.0500,10.8800,1208955,13035663.0000,3,1.138376,1,1.562501,8.632784,107.511278,10.098766,74.349704,0,1.5625
2017-06-05,sh.603318,11.0200,11.2100,10.9300,11.1800,11.0500,1033211,11477597.0000,3,0.972892,1,1.176472,8.734347,108.776117,10.217575,75.224406,0,1.17647058823529
2017-06-06,sh.603318,11.1400,11.4300,11.1100,11.3400,11.1800,1253640,14141759.0000,3,1.180452,1,1.431126,8.859346,110.332841,10.363801,76.300963,0,1.4311270125223707
2017-06-07,sh.603318,11.3500,11.6700,11.2900,11.6300,11.3400,1261540,14572007.0000,3,1.187891,1,2.557319,9.085908,113.154404,10.628837,78.252222,0,2.557319223985899
2017-06-08,sh.603318,11.7000,11.7400,11.4500,11.5200,11.6300,1006992,11632685.0000,3,0.948203,1,-0.945827,8.999971,112.084156,10.528306,77.512089,0,-0.9458297506448887
2017-06-09,sh.603318,11.5300,11.5700,11.2600,11.4200,11.5200,922150,10489745.0000,3,0.868315,1,-0.868059,8.921846,111.111203,10.436915,76.839241,0,-0.868055555555558
2017-06-12,sh.603318,11.3800,11.3800,11.1600,11.1800,11.4200,886500,9938165.0000,3,0.834746,1,-2.101574,8.734347,108.776117,10.217575,75.224406,0,-2.1015761821365997
2017-06-13,sh.603318,11.0700,11.4000,11.0700,11.3300,11.1800,906819,10275802.0000,3,0.853879,1,1.341678,8.851534,110.235546,10.354662,76.233678,0,1.341681574239706
2017-06-14,sh.603318,11.3200,11.4800,11.2600,11.3700,11.3300,560485,6373745.0000,3,0.527764,1,0.353045,8.871853,110.488602,10.378432,76.408679,0,0.3530450132391838
2017-06-15,sh.603318,11.3500,11.5900,11.3500,11.5400,11.3700,1091614,12556983.0000,3,1.027885,1,1.495163,9.004502,112.140586,10.533607,77.551113,0,1.4951627088830355
2017-06-16,sh.603318,11.5900,11.6400,11.4100,11.5300,11.5400,754400,8675251.0000,3,0.710358,1,-0.086657,8.996699,112.043410,10.524479,77.483911,0,-0.08665511265164572
2017-06-19,sh.603318,11.4300,11.6100,11.4300,11.5900,11.5300,781603,9026444.0000,3,0.735973,1,0.520385,9.043516,112.626464,10.579246,77.887123,0,0.5203816131829964
2017-06-20,sh.603318,11.6100,11.6800,11.5100,11.5200,11.5900,1171484,13572737.0000,3,1.103092,1,-0.603966,8.988896,111.946235,10.515351,77.416709,0,-0.6039689387402958
2017-06-21,sh.603318,11.5200,11.6000,11.2800,11.3900,11.5200,1084915,12389483.0000,3,1.021577,1,-1.128473,8.887459,110.682953,10.396688,76.543083,0,-1.1284722222222099
2017-06-22,sh.603318,11.3500,11.4100,11.1000,11.1100,11.3900,1202500,13580829.0000,3,1.132298,1,-2.458303,8.668979,107.962037,10.141107,74.661427,0,-2.4582967515364484
2017-06-23,sh.603318,11.0800,11.1600,10.8700,11.0800,11.1100,1497516,16514048.0000,3,1.410090,1,-0.270025,8.645570,107.670511,10.113723,74.459821,0,-0.27002700270026825
2017-06-26,sh.603318,11.0800,11.1900,11.0600,11.1800,11.0800,1208100,13444672.0000,3,1.137571,1,0.902531,8.723599,108.642266,10.205002,75.131841,0,0.902527075812265
2017-06-27,sh.603318,11.1700,11.3100,11.1100,11.1900,11.1800,998400,11210049.0000,3,0.940113,1,0.089439,8.731402,108.739442,10.214130,75.199043,0,0.08944543828264262
2017-06-28,sh.603318,11.1800,11.2300,11.0300,11.0500,11.1900,895600,9917350.0000,3,0.843315,1,-1.251112,8.622162,107.378984,10.086339,74.258215,0,-1.2511170688114248
2017-06-29,sh.603318,11.2300,11.2400,11.0400,11.1000,11.0500,881971,9796942.0000,3,0.830481,1,0.452490,8.661176,107.864862,10.131979,74.594225,0,0.4524886877828038
2017-06-30,sh.603318,11.0600,11.2700,10.9800,11.2200,11.1000,916291,10237395.0000,3,0.862798,1,1.081080,8.754810,109.030968,10.241514,75.400649,0,1.0810810810810922
2017-07-03,sh.603318,11.2000,11.5000,11.1900,11.4300,11.2200,1385187,15751641.0000,3,1.304319,1,1.871658,8.918670,111.071655,10.433200,76.811891,0,1.8716577540106805
2017-07-04,sh.603318,11.3900,11.4300,11.2900,11.3800,11.4300,1143811,12959740.0000,3,1.077035,1,-0.437447,8.879656,110.585777,10.387560,76.475881,0,-0.43744531933507247
2017-07-05,sh.603318,11.3700,11.5000,11.3000,11.4800,11.3800,1169644,13378686.0000,3,1.101360,1,0.878730,8.957685,111.557533,10.478839,77.147901,0,0.8787346221441172
2017-07-06,sh.603318,11.5000,12.0200,11.4000,12.0000,11.4800,4096270,48174899.0000,3,3.857128,1,4.529621,9.363434,116.610661,10.953491,80.642406,0,4.529616724738683
2017-07-07,sh.603318,11.9000,12.2800,11.8500,12.2000,12.0000,3481382,42127798.0000,3,3.278137,1,1.666665,9.519491,118.554172,11.136049,81.986446,0,1.6666666666666607
2017-07-10,sh.603318,12.1800,12.1800,11.8100,11.8400,12.2000,1748900,20956655.0000,3,1.646798,1,-2.950817,9.238588,115.055852,10.807444,79.567174,0,-2.950819672131144
2017-07-11,sh.603318,11.8000,11.9500,11.6600,11.6900,11.8400,1021432,12043646.0000,3,0.961800,1,-1.266897,9.121545,113.598219,10.670525,78.559143,0,-1.266891891891897
2017-07-12,sh.603318,11.8000,11.8000,11.5600,11.6800,11.6800,704500,8196318.0000,3,0.663371,1,0.000000,9.113742,113.501044,10.661397,78.491941,0,-0.08554319931565191
2017-07-13,sh.603318,11.6900,11.9000,11.6400,11.7200,11.6800,1084257,12775732.0000,3,1.020958,1,0.342465,9.144953,113.889746,10.697909,78.760749,0,0.34246575342467
2017-07-14,sh.603318,11.7200,11.7200,11.4000,11.4200,11.7200,905433,10431283.0000,3,0.852573,1,-2.559729,8.910868,110.974479,10.424072,76.744689,0,-2.5597269624573427
2017-07-17,sh.603318,11.5000,11.5000,10.4700,11.0300,11.4200,2033527,22191255.0000,3,1.914809,1,-3.415064,8.606556,107.184633,10.068083,74.123811,0,-3.4150612959719884
2017-07-18,sh.603318,11.0000,11.3600,10.9100,11.2000,11.0300,1418487,15873502.0000,3,1.335675,1,1.541252,8.739205,108.836617,10.223258,75.266245,0,1.5412511332728807
2017-07-19,sh.603318,11.1900,11.3300,11.1300,11.2700,11.2000,1548358,17383786.0000,3,1.457964,1,0.625006,8.793825,109.516846,10.287153,75.736659,0,0.6250000000000089
2017-07-20,sh.603318,11.4000,11.5400,11.2300,11.4800,11.2700,1665959,19008184.0000,3,1.568700,1,1.863346,8.957685,111.557533,10.478839,77.147901,0,1.8633540372670954
2017-07-21,sh.603318,11.4000,11.8200,11.3700,11.8000,11.4800,2465533,28810481.0000,3,2.321594,1,2.787462,9.207376,114.667150,10.770932,79.298366,0,2.7874564459930307
2017-07-24,sh.603318,11.8500,12.2100,11.6900,12.1800,11.8000,5685423,68781049.0000,3,5.353506,1,3.220340,9.503885,118.359821,11.117793,81.852042,0,3.22033898305083
2017-07-25,sh.603318,12.1200,12.2100,12.0100,12.1900,12.1800,4695168,57092790.0000,3,4.421062,1,0.082096,9.511688,118.456997,11.126921,81.919244,0,0.08210180623973162
2017-07-26,sh.603318,12.2000,12.2900,11.9800,12.2000,12.1900,2088264,25246591.0000,3,1.966350,1,0.082036,9.519491,118.554172,11.136049,81.986446,0,0.08203445447088065
2017-07-27,sh.603318,12.1700,12.3000,11.9700,12.2100,12.2000,3236820,39451686.0000,3,3.047853,1,0.081969,9.527294,118.651348,11.145177,82.053648,0,0.08196721311477528
2017-07-28,sh.603318,12.2300,12.4900,12.1800,12.3100,12.2100,2803598,34514582.0000,3,2.639923,1,0.819004,9.605322,119.623103,11.236456,82.725668,0,0.8190008190008147
2017-07-31,sh.603318,12.3000,12.5000,12.1000,12.3200,12.3100,2271500,27857417.0000,3,2.138889,1,0.081229,9.613125,119.720279,11.245584,82.792870,0,0.08123476848089783
2017-08-01,sh.603318,12.3200,12.4100,12.2100,12.3300,12.3200,2240090,27546554.0000,3,2.109313,1,0.081171,9.620928,119.817454,11.254712,82.860072,0,0.08116883116882079
2017-08-02,sh.603318,12.3500,12.4600,12.2200,12.4200,12.3300,2073099,25591226.0000,3,1.952071,1,0.729928,9.691154,120.692034,11.336863,83.464890,0,0.7299270072992581
2017-08-03,sh.603318,12.3300,12.7400,12.3300,12.4500,12.4200,5891200,73519856.0000,3,5.547269,1,0.241544,9.714562,120.983561,11.364246,83.666496,0,0.24154589371980784
2017-08-04,sh.603318,12.3000,12.6900,12.2100,12.4900,12.4500,2839500,35330936.0000,3,2.673729,1,0.321285,9.745774,121.372263,11.400758,83.935304,0,0.3212851405622663
2017-08-07,sh.603318,12.3500,12.7500,12.3500,12.7500,12.4900,2650569,33374161.0000,3,2.495828,1,2.081667,9.948648,123.898828,11.638084,85.682556,0,2.081665332265814
2017-08-08,sh.603318,12.8000,13.4800,12.6800,13.2300,12.7500,7059770,92281102.0000,3,6.647618,1,3.764702,10.323185,128.563254,12.076223,88.908252,0,3.7647058823529367
2017-08-09,sh.603318,13.1900,13.9500,13.1600,13.8600,13.2300,11908942,162853053.0000,3,11.213693,1,4.761906,10.814766,134.685314,12.651282,93.141978,0,4.761904761904745
2017-08-10,sh.603318,13.7800,14.0500,13.4100,13.4900,13.8600,6307564,86287778.0000,3,5.939326,1,-2.669552,10.526060,131.089818,12.313549,90.655504,0,-2.669552669552666
2017-08-11,sh.603318,13.3800,13.7000,13.1000,13.4700,13.4900,4225145,56814841.0000,3,3.978479,1,-0.148254,10.510454,130.895467,12.295293,90.521100,0,-0.1482579688658281
2017-08-14,sh.603318,13.4200,13.8400,13.2000,13.6600,13.4700,3562822,48199220.0000,3,3.354823,1,1.410539,10.658709,132.741803,12.468723,91.797938,0,1.410541945063093
2017-08-15,sh.603318,13.6200,13.7900,13.4000,13.4500,13.6600,2843500,38641484.0000,3,2.677495,1,-1.537336,10.494848,130.701116,12.277037,90.386696,0,-1.5373352855051259
2017-08-16,sh.603318,13.4600,13.6000,13.0900,13.4300,13.4500,3197822,42577686.0000,3,3.011132,1,-0.148695,10.479243,130.506765,12.258782,90.252292,0,-0.14869888475835813
2017-08-17,sh.603318,13.4000,13.5000,13.3100,13.3800,13.4300,1918863,25667799.0000,3,1.806839,1,-0.372302,10.440228,130.020887,12.213142,89.916282,0,-0.37230081906179935
2017-08-18,sh.603318,13.5500,14.1000,13.4300,13.7000,13.3800,5627800,77246842.0000,3,5.299247,1,2.391627,10.129552,103.888451,11.460316,-153.727264,0,2.391629297458886
2017-08-21,sh.603318,13.7400,13.7600,13.4600,13.6300,13.7000,2452800,33330744.0000,3,2.309605,1,-0.510947,10.077795,103.357634,11.401760,-152.941796,0,-0.5109489051094762
2017-08-22,sh.603318,13.5800,13.5900,13.4300,13.5900,13.6300,1989050,26861742.0000,3,1.872928,1,-0.293470,10.048220,103.054310,11.368299,-152.492957,0,-0.29347028613353476
2017-08-23,sh.603318,13.5000,13.6400,13.3000,13.4400,13.5900,2643000,35716045.0000,3,2.488701,1,-1.103757,9.937313,101.916845,11.242821,-150.809812,0,-1.103752759381904
2017-08-24,sh.603318,13.3000,13.5500,13.1200,13.4500,13.4400,4230683,56197807.0000,3,3.983694,1,0.074406,9.944706,101.992676,11.251186,-150.922022,0,0.07440476190476719
2017-08-25,sh.603318,13.3800,13.7100,13.3800,13.6200,13.4500,3454400,46765106.0000,3,3.252731,1,1.263941,10.070402,103.281803,11.393394,-152.829586,0,1.263940520446094
2017-08-28,sh.603318,13.6300,13.9000,13.5100,13.6800,13.6200,2114299,29036336.0000,3,1.990865,1,0.440532,10.114765,103.736789,11.443586,-153.502844,0,0.4405286343612369
2017-08-29,sh.603318,13.6600,13.9300,13.5800,13.9200,13.6800,3214163,44270096.0000,3,3.026519,1,1.754384,10.292217,105.556733,11.644350,-156.195877,0,1.7543859649122862
2017-08-30,sh.603318,13.7100,13.9400,13.7100,13.9100,13.9200,2723130,37763833.0000,3,2.564153,1,-0.071841,10.284823,105.480902,11.635985,-156.083667,0,-0.07183908045976795
2017-08-31,sh.603318,13.8500,14.2500,13.8200,14.1100,13.9100,4286429,60575918.0000,3,4.036185,1,1.437813,10.432699,106.997521,11.803289,-158.327861,0,1.4378145219266614
2017-09-01,sh.603318,14.0600,14.1900,13.9900,14.1300,14.1100,3431529,48326662.0000,3,3.231195,1,0.141747,10.447487,107.149183,11.820019,-158.552280,0,0.14174344436570507
2017-09-04,sh.603318,14.2200,14.2200,13.8500,13.9800,14.1300,2509098,35321331.0000,3,2.362616,1,-1.061575,10.336580,106.011718,11.694541,-156.869135,0,-1.0615711252653925
2017-09-05,sh.603318,13.9500,14.0900,13.7000,14.0200,13.9800,3872963,53777909.0000,3,3.646858,1,0.286130,10.366155,106.315042,11.728002,-157.317974,0,0.28612303290413976
2017-09-06,sh.603318,13.9800,14.2300,13.9000,14.1900,14.0200,2780614,39214373.0000,3,2.618281,1,1.212547,10.491850,107.604169,11.870211,-159.225538,0,1.2125534950071293
2017-09-07,sh.603318,14.2000,14.4900,14.1100,14.3900,14.1900,4520806,64795140.0000,3,4.256879,1,1.409449,10.639727,109.120789,12.037514,-161.469732,0,1.4094432699083947
2017-09-08,sh.603318,14.4200,14.8400,14.3200,14.6000,14.3900,4207300,61551629.0000,3,3.961676,1,1.459347,10.794997,110.713240,12.213184,-163.826135,0,1.459346768589298
2017-09-11,sh.603318,14.6800,15.1900,14.6000,15.0900,14.6000,5230683,78493282.0000,3,4.925314,1,3.356163,11.157295,114.428958,12.623078,-169.324409,0,3.356164383561655
2017-09-12,sh.603318,15.2400,15.2500,14.8100,14.9200,15.0900,3259700,48795543.0000,3,3.069397,1,-1.126574,11.031600,113.139831,12.480870,-167.416845,0,-1.1265738899933764
2017-09-13,sh.603318,14.8200,15.1600,14.7700,14.9200,14.9200,3705368,55472428.0000,3,3.489047,1,0.000000,11.031600,113.139831,12.480870,-167.416845,0,0.0
2017-09-14,sh.603318,14.9100,15.2600,14.7600,15.0800,14.9200,3150364,47251630.0000,3,2.966444,1,1.072385,11.149901,114.353127,12.614713,-169.212200,0,1.072386058981234
2017-09-15,sh.603318,15.0500,16.2000,14.8000,15.9800,15.0800,12407691,193546350.0000,3,11.683325,1,5.968167,11.815346,121.177916,13.367580,-179.311071,0,5.968169761273212
2017-09-18,sh.603318,15.9900,16.6800,15.4500,15.7600,15.9800,12018426,191994016.0000,3,11.316785,1,-1.376717,11.652682,119.509634,13.183546,-176.842458,0,-1.3767209011264159
2017-09-19,sh.603318,15.8000,15.8000,15.2800,15.4000,15.7600,4873001,74837905.0000,3,4.588513,1,-2.284268,11.386504,116.779719,12.882399,-172.802910,0,-2.2842639593908642
2017-09-20,sh.603318,15.2800,15.4400,15.1100,15.3100,15.4000,3888599,59186840.0000,3,3.661581,1,-0.584410,11.319959,116.097240,12.807112,-171.793022,0,-0.5844155844155874
2017-09-21,sh.603318,15.2500,15.4500,15.0100,15.0400,15.3100,3201800,48739314.0000,3,3.014878,1,-1.763556,11.120326,114.049803,12.581252,-168.763361,0,-1.7635532331809367
2017-09-22,sh.603318,15.0400,15.1500,15.0000,15.1000,15.0400,3399652,51163066.0000,3,3.201179,1,0.398939,11.164689,114.504789,12.631443,-169.436619,0,0.3989361702127603
2017-09-25,sh.603318,15.1000,15.4000,14.9600,15.2500,15.1000,4094212,61856977.0000,3,3.855190,1,0.993375,11.275596,115.642254,12.756921,-171.119764,0,0.9933774834437026
2017-09-26,sh.603318,15.2500,15.3500,15.1000,15.2700,15.2500,1961200,29806357.0000,3,1.846704,1,0.131151,11.290384,115.793916,12.773652,-171.344184,0,0.13114754098360049
2017-09-27,sh.603318,15.2000,15.2000,14.9900,15.1000,15.2700,1780500,26854693.0000,3,1.676554,1,-1.113294,11.164689,114.504789,12.631443,-169.436619,0,-1.113294040602486
2017-09-28,sh.603318,15.1300,15.1400,14.5500,14.9500,15.1000,4192150,62328709.0000,3,3.947411,1,-0.993381,11.053781,113.367324,12.505965,-167.753474,0,-0.9933774834437137
2017-09-29,sh.603318,14.9400,14.9700,14.7500,14.8100,14.9500,1351600,20103321.0000,3,1.272693,1,-0.936451,10.950268,112.305690,12.388853,-166.182538,0,-0.9364548494983249
2017-10-09,sh.603318,14.8400,14.9300,14.2800,14.3900,14.8100,3159500,45949707.0000,3,2.975047,1,-2.835922,10.639727,109.120789,12.037514,-161.469732,0,-2.8359216745442284
2017-10-10,sh.603318,14.3900,14.4600,13.8800,14.0100,14.3900,3728100,52475424.0000,3,3.510452,1,-2.640723,10.358761,106.239211,11.719637,-157.205764,0,-2.6407227241139752
2017-10-11,sh.603318,14.1200,14.1200,13.6400,13.7000,14.0100,4134650,56971351.0000,3,3.893267,1,-2.212708,10.129552,103.888451,11.460316,-153.727264,0,-2.212705210563881
2017-10-12,sh.603318,13.6200,13.7900,13.6200,13.7300,13.7000,3699484,50716649.0000,3,3.483507,1,0.218976,10.151734,104.115944,11.485412,-154.063893,0,0.21897810218978186
2017-10-13,sh.603318,13.7900,14.0800,13.6700,13.8200,13.7300,4597491,63836498.0000,3,4.329088,1,0.655500,10.218278,104.798423,11.560698,-155.073780,0,0.655498907501828
2017-10-16,sh.603318,13.7400,14.0700,13.7400,13.8600,13.8200,2874751,40053710.0000,3,2.706922,1,0.289435,10.247854,105.101747,11.594159,-155.522619,0,0.28943560057885787
2017-10-17,sh.603318,13.9400,13.9400,13.5000,13.5400,13.8600,1885200,25897484.0000,3,1.775141,1,-2.308800,10.011251,102.675155,11.326473,-151.931909,0,-2.3088023088023157
2017-10-18,sh.603318,13.5000,13.9500,13.4700,13.8300,13.5400,4466502,61185507.0000,3,4.205746,1,2.141802,10.225672,104.874254,11.569064,-155.185990,0,2.1418020679468297
2017-10-19,sh.603318,13.8200,14.0300,13.8000,13.9400,13.8300,2588672,36044993.0000,3,2.437544,1,0.795370,10.307004,105.708395,11.661081,-156.420296,0,0.7953723788864719
2017-10-20,sh.603318,13.8300,14.4000,13.8300,14.3100,13.9400,3494942,49506572.0000,3,3.290906,1,2.654239,10.580576,108.514141,11.970593,-160.572054,0,2.6542324246771942
2017-10-23,sh.603318,14.1800,14.3400,13.9800,14.2200,14.3100,1772612,25123332.0000,3,1.669126,1,-0.628932,10.514032,107.831662,11.895306,-159.562167,0,-0.6289308176100628
2017-10-24,sh.603318,14.1800,14.2700,14.0000,14.0300,14.2200,1835751,25977753.0000,3,1.728579,1,-1.336150,10.373549,106.390873,11.736367,-157.430183,0,-1.3361462728551432
2017-10-25,sh.603318,14.0200,14.0900,13.8800,13.9300,14.0300,1523977,21266791.0000,3,1.435007,1,-0.712754,10.299610,105.632564,11.652715,-156.308086,0,-0.7127583749109045
2017-10-26,sh.603318,13.8000,14.0800,13.6300,13.7200,13.9300,3715227,51234300.0000,3,3.498331,1,-1.507538,10.144340,104.040113,11.477046,-153.951683,0,-1.5075376884422065
2017-10-27,sh.603318,13.7200,14.4800,13.5900,14.3200,13.7200,5177977,73103262.0000,3,4.875685,1,4.373173,10.587970,108.589972,11.978958,-160.684264,0,4.37317784256559
2017-10-30,sh.603318,14.4800,14.4800,13.0000,13.2600,14.3200,5959767,82026802.0000,3,5.611833,1,-7.402231,9.397839,66.554219,8.767520,-513.252229,0,-7.4022346368715075
2017-10-31,sh.603318,13.2100,13.7200,12.1500,13.5800,13.2600,7224900,92977791.0000,3,6.803107,1,2.413271,9.624634,68.160354,8.979104,-525.638407,0,2.413273001508287
2017-11-01,sh.603318,13.4400,14.9000,13.4000,14.6700,13.5800,8302922,118232048.0000,3,7.818194,1,8.026510,10.397156,73.631252,9.699813,-567.828824,0,8.026509572901318
2017-11-02,sh.603318,14.8800,14.8800,14.3500,14.4300,14.6700,3887651,56706445.0000,3,3.660688,1,-1.635990,10.227060,72.426650,9.541124,-558.539191,0,-1.6359918200409052
2017-11-03,sh.603318,14.3000,14.5600,14.0700,14.1500,14.4300,2375400,33848687.0000,3,2.236723,1,-1.940407,10.028614,71.021282,9.355988,-547.701285,0,-1.9404019404019368
2017-11-06,sh.603318,14.2000,14.2700,13.7500,13.8000,14.1500,2359138,32771475.0000,3,2.221411,1,-2.473494,9.780556,69.264572,9.124568,-534.153904,0,-2.473498233215543
2017-11-07,sh.603318,13.8000,14.7200,13.6000,14.7100,13.8000,6129280,88288828.0000,3,5.771450,1,6.594202,10.425506,73.832019,9.726261,-569.377096,0,6.594202898550727
2017-11-08,sh.603318,14.6100,14.6500,14.2200,14.3500,14.7100,4450900,64162178.0000,3,4.191055,1,-2.447312,10.170361,72.025117,9.488228,-555.442646,0,-2.4473147518694893
2017-11-09,sh.603318,14.2500,14.5900,14.2100,14.3500,14.3500,2394100,34414510.0000,3,2.254331,1,0.000000,10.170361,72.025117,9.488228,-555.442646,0,0.0
2017-11-10,sh.603318,14.3500,14.4700,14.1000,14.1800,14.3500,2556200,36648272.0000,3,2.406968,1,-1.184669,11.153430,78.987078,10.405362,-609.131839,0,-1.184668989547033
2017-11-13,sh.603318,14.0300,14.3800,14.0300,14.1200,14.1800,2758777,39122959.0000,3,2.597718,1,-0.423134,11.106236,78.652859,10.361334,-606.554412,0,-0.42313117066290484
2017-11-14,sh.603318,14.1400,14.6800,14.1000,14.1600,14.1200,4615200,66261222.0000,3,4.345763,1,0.283286,11.137699,78.875672,10.390686,-608.272697,0,0.2832861189801861
2017-11-15,sh.603318,14.0500,14.3300,14.0100,14.0700,14.1600,3638000,51534019.0000,3,3.425612,1,-0.635594,11.066908,78.374344,10.324644,-604.406557,0,-0.6355932203389814
2017-11-16,sh.603318,14.0300,14.3800,13.6500,14.0800,14.0700,3577154,49925612.0000,3,3.368318,1,0.071075,11.074774,78.430047,10.331982,-604.836128,0,0.0710732054015617
2017-11-17,sh.603318,13.9000,14.1800,13.7200,13.9600,14.0800,2328900,32457771.0000,3,2.192938,1,-0.852272,10.980386,77.761609,10.243925,-599.681274,0,-0.8522727272727182
2017-11-20,sh.603318,13.7600,14.1300,13.0100,13.9600,13.9600,2336600,32343613.0000,3,2.200188,1,0.000000,10.980386,77.761609,10.243925,-599.681274,0,0.0
2017-11-21,sh.603318,13.8500,14.6400,13.8500,14.6100,13.9600,5041540,72724255.0000,3,4.747213,1,4.656157,11.491651,81.382314,10.720899,-627.603397,0,4.656160458452718
2017-11-22,sh.603318,14.5100,15.0100,14.5100,14.9600,14.6100,6672964,98580017.0000,3,6.283394,1,2.395622,11.766947,83.331925,10.977731,-642.638386,0,2.395619438740604
2017-11-23,sh.603318,14.9300,15.0500,14.2500,14.3200,14.9600,4503100,65781520.0000,3,4.240207,1,-4.278077,11.263548,79.766923,10.508095,-615.145834,0,-4.278074866310167
2017-11-24,sh.603318,14.2300,14.6300,14.2300,14.5700,14.3200,2610200,37798714.0000,3,2.457815,1,1.745810,11.460188,81.159501,10.691547,-625.885112,0,1.745810055865915
2017-11-27,sh.603318,14.5300,14.7600,14.2400,14.4100,14.5700,2514100,36577763.0000,3,2.367326,1,-1.098146,11.334339,80.268251,10.574138,-619.011974,0,-1.0981468771448233
2017-11-28,sh.603318,14.0300,14.3300,14.0300,14.1700,14.4100,2632200,37364714.0000,3,2.478531,1,-1.665509,11.145564,78.931375,10.398024,-608.702268,0,-1.6655100624566321
2017-11-29,sh.603318,13.9000,14.6000,13.8900,14.0700,14.1700,3568900,50754575.0000,3,3.360546,1,-0.705719,11.066908,78.374344,10.324644,-604.406557,0,-0.7057163020465773
2017-11-30,sh.603318,14.0100,14.1500,13.7000,13.8200,14.0700,2361800,32815947.0000,3,2.223917,1,-1.776830,10.870268,76.981765,10.141192,-593.667279,0,-1.776830135039087
2017-12-01,sh.603318,13.8200,13.9900,13.7100,13.9200,13.8200,1380500,19198177.0000,3,1.299906,1,0.723592,10.948924,77.538796,10.214573,-597.962990,0,0.723589001447178
2017-12-04,sh.603318,13.9800,14.0600,13.7100,13.9800,13.9200,1801500,24968390.0000,3,1.696328,1,0.431031,10.996118,77.873015,10.258601,-600.540417,0,0.4310344827586299
2017-12-05,sh.603318,13.9800,14.1000,13.7200,13.9100,13.9800,1470177,20403690.0000,3,1.384347,1,-0.500713,10.941058,77.483093,10.207235,-597.533419,0,-0.5007153075822668
2017-12-06,sh.603318,13.9500,13.9700,13.3000,13.9600,13.9100,3293149,45231459.0000,3,3.100894,1,0.359455,10.980386,77.761609,10.243925,-599.681274,0,0.35945363048166534
2017-12-07,sh.603318,13.9500,14.3000,13.8400,14.2500,13.9600,2575477,36364441.0000,3,2.425120,1,2.077364,11.208489,79.377000,10.456729,-612.138837,0,2.077363896848139
2017-12-08,sh.603318,14.2500,14.6500,14.1600,14.6400,14.2500,3248599,47131331.0000,3,3.058944,1,2.736845,11.515248,81.549424,10.742913,-628.892110,0,2.736842105263171
2017-12-11,sh.603318,14.6500,14.8000,14.4900,14.6000,14.6400,1991597,29037541.0000,3,1.875327,1,-0.273224,11.483785,81.326611,10.713561,-627.173826,0,-0.2732240437158584
2017-12-12,sh.603318,14.6000,14.7400,14.2100,14.2900,14.6000,1576200,22705113.0000,3,1.484181,1,-2.123291,11.239951,79.599813,10.486081,-613.857121,0,-2.1232876712328763
2017-12-13,sh.603318,14.2000,14.5200,14.1500,14.4700,14.2900,1302599,18747069.0000,3,1.226553,1,1.259624,11.381532,80.602470,10.618166,-621.589401,0,1.2596221133660102
2017-12-14,sh.603318,14.4000,14.9500,14.3400,14.8300,14.4700,4049057,59536787.0000,3,3.812671,1,2.487904,11.664694,82.607784,10.882336,-637.053961,0,2.4879060124395336
2017-12-15,sh.603318,14.7400,14.9700,14.2500,14.3000,14.8300,3188600,46501264.0000,3,3.002448,1,-3.573835,11.247817,79.655516,10.493419,-614.286692,0,-3.573836817262299
2017-12-18,sh.603318,14.2600,14.2800,13.9000,13.9900,14.3000,2548100,35793673.0000,3,2.399341,1,-2.167835,11.003983,77.928718,10.265939,-600.969988,0,-2.1678321678321733
2017-12-19,sh.603318,13.9900,14.7700,13.9100,14.7100,13.9900,2678397,38671053.0000,3,2.522031,1,5.146535,11.570307,81.939346,10.794279,-631.899108,0,5.146533238027162
2017-12-20,sh.603318,14.8000,15.0000,14.6100,14.9200,14.7100,6326697,93934434.0000,3,5.957342,1,1.427601,11.735485,83.109112,10.948378,-640.920101,0,1.4276002719238567
2017-12-21,sh.603318,14.8000,15.2200,14.5300,15.1500,14.9200,6267783,94053426.0000,3,5.901867,1,1.541552,11.916394,84.390285,11.117154,-650.800237,0,1.5415549597855183
2017-12-22,sh.603318,15.1000,15.4500,14.9000,15.2800,15.1500,6502900,99070377.0000,3,6.123258,1,0.858087,12.018646,85.114426,11.212548,-656.384661,0,0.858085808580844
2017-12-25,sh.603318,15.4000,15.4500,14.8100,15.1800,15.2800,5286800,79759046.0000,3,4.978154,1,-0.654447,11.939990,84.557394,11.139168,-652.088950,0,-0.654450261780104
2017-12-26,sh.603318,14.9100,15.7100,14.9000,15.5800,15.1800,7912127,121219247.0000,3,7.450214,1,2.635043,12.254615,86.785520,11.432690,-669.271795,0,2.6350461133069825
2017-12-27,sh.603318,15.5400,15.9400,14.8900,15.1100,15.5800,8233198,126276475.0000,3,7.752540,1,-3.016690,11.884931,84.167472,11.087802,-649.081952,0,-3.0166880616174674
2017-12-28,sh.603318,15.0500,15.0800,14.6200,14.6700,15.1100,4302990,63477992.0000,3,4.051780,1,-2.911976,11.480347,81.302263,10.710353,-626.986058,0,-2.9119788219722054
2017-12-29,sh.603318,14.6000,14.7800,14.1000,14.6700,14.6700,4605760,66389135.0000,3,4.336874,1,0.000000,11.480347,81.302263,10.710353,-626.986058,0,0.0
2018-01-02,sh.603318,14.7000,15.0900,14.6700,14.9400,14.6700,4100651,60998916.0000,3,3.861253,1,1.840487,11.691642,82.798623,10.907476,-638.525678,0,1.8404907975460016
2018-01-03,sh.603318,14.9400,15.1500,14.7700,15.0100,14.9400,4020461,60160028.0000,3,3.785745,1,0.468545,11.746422,83.186569,10.958582,-641.517432,0,0.46854082998661895
2018-01-04,sh.603318,15.0300,15.0500,14.7000,14.7600,15.0100,2624060,38914075.0000,3,2.470866,1,-1.665556,11.550779,81.801050,10.776061,-630.832598,0,-1.6655562958027947
2018-01-05,sh.603318,14.7500,14.8500,14.4500,14.7600,14.7600,3937300,57720363.0000,3,3.707439,1,0.000000,11.550779,81.801050,10.776061,-630.832598,0,0.0
2018-01-08,sh.603318,14.7400,14.8400,14.4200,14.6400,14.7600,4757717,69440885.0000,3,4.479960,1,-0.813007,11.456870,81.136000,10.688451,-625.703877,0,-0.8130081300812941
2018-01-09,sh.603318,14.5600,14.6900,14.3900,14.4200,14.6400,1605517,23260453.0000,3,1.511786,1,-1.502734,11.284704,79.916744,10.527832,-616.301224,0,-1.5027322404371657
2018-01-10,sh.603318,14.4000,14.4100,14.1200,14.2500,14.4200,1767888,25146841.0000,3,1.664678,1,-1.178919,11.151666,78.974591,10.403717,-609.035536,0,-1.1789181692094308
2018-01-11,sh.603318,14.1900,14.5000,14.0300,14.4500,14.2500,2488722,35596471.0000,3,2.343429,1,1.403507,11.308181,80.083006,10.549734,-617.583404,0,1.403508771929829
2018-01-12,sh.603318,14.4900,14.7800,14.3300,14.4600,14.4500,2889800,41935632.0000,3,2.721092,1,0.069206,11.316007,80.138427,10.557035,-618.010797,0,0.06920415224913601
2018-01-15,sh.603318,14.4800,14.6200,14.1800,14.2600,14.4600,2744600,39305703.0000,3,2.584369,1,-1.383125,11.159492,79.030011,10.411018,-609.462930,0,-1.3831258644536715
2018-01-16,sh.603318,14.2600,14.4400,14.1800,14.3600,14.2600,885100,12658612.0000,3,0.833427,1,0.701258,11.237749,79.584219,10.484027,-613.736863,0,0.7012622720897532
2018-01-17,sh.603318,14.3400,14.4800,14.2100,14.4000,14.3600,1059800,15252959.0000,3,0.997928,1,0.278551,11.269052,79.805902,10.513230,-615.446437,0,0.278551532033422
2018-01-18,sh.603318,14.4000,14.4500,14.2200,14.4100,14.4000,1129452,16194043.0000,3,1.063514,1,0.069446,11.276878,79.861323,10.520531,-615.873830,0,0.0694444444444331
2018-01-19,sh.603318,14.4600,14.4900,14.2700,14.4100,14.4100,1104201,15855358.0000,3,1.039737,1,0.000000,11.276878,79.861323,10.520531,-615.873830,0,0.0
2018-01-22,sh.603318,14.4500,14.4600,14.2500,14.3200,14.4100,930900,13359167.0000,3,0.876554,1,-0.624567,11.206447,79.362536,10.454823,-612.027290,0,-0.6245662734212343
2018-01-23,sh.603318,14.2600,14.4100,13.9100,14.3800,14.3200,2401939,34094423.0000,3,2.261713,1,0.418997,11.253401,79.695061,10.498628,-614.591650,0,0.41899441340782495
2018-01-24,sh.603318,14.3300,14.5700,14.2100,14.4400,14.3800,2190500,31567376.0000,3,2.062618,1,0.417243,11.300355,80.027585,10.542434,-617.156010,0,0.4172461752433909
2018-01-25,sh.603318,14.4300,14.9000,14.3600,14.4500,14.4400,2547100,37198792.0000,3,2.398399,1,0.069254,11.308181,80.083006,10.549734,-617.583404,0,0.06925207756232066
2018-01-26,sh.603318,14.4700,14.7800,14.4000,14.6600,14.4500,2695000,39488932.0000,3,2.537665,1,1.453287,11.472521,81.246842,10.703052,-626.558664,0,1.453287197231834
2018-01-29,sh.603318,14.7000,14.8400,14.4500,14.5700,14.6600,2464400,36093848.0000,3,2.320527,1,-0.613916,11.402090,80.748055,10.637345,-622.712124,0,-0.6139154160982208
2018-01-30,sh.603318,14.5700,14.6300,14.1700,14.4300,14.5700,5203901,74282269.0000,3,4.900095,1,-0.960874,11.292530,79.972164,10.535133,-616.728617,0,-0.9608785175017176
2018-01-31,sh.603318,14.4000,14.4500,14.2000,14.3600,14.4300,1556251,22232033.0000,3,1.465396,1,-0.485105,11.237749,79.584219,10.484027,-613.736863,0,-0.485100485100487
2018-02-01,sh.603318,14.4500,14.4600,13.2500,14.0600,14.3600,3453700,47684051.0000,3,3.252072,1,-2.089131,11.002978,77.921596,10.265001,-600.915063,0,-2.089136490250687
2018-02-02,sh.603318,14.0500,14.1800,13.7100,14.1100,14.0600,2525000,35029110.0000,3,2.377589,1,0.355613,11.042106,78.198700,10.301505,-603.052029,0,0.35561877667140696
2018-02-05,sh.603318,14.1100,14.1100,14.1100,14.1100,14.1100,0,0.0000,3,,0,0.000000,11.042106,78.198700,10.301505,-603.052029,0,0.0
2018-02-06,sh.603318,14.1100,14.1100,14.1100,14.1100,14.1100,0,0.0000,3,,0,0.000000,11.042106,78.198700,10.301505,-603.052029,0,0.0
2018-02-07,sh.603318,14.1100,14.1100,14.1100,14.1100,14.1100,0,0.0000,3,,0,0.000000,11.042106,78.198700,10.301505,-603.052029,0,0.0
2018-02-08,sh.603318,14.1100,14.1100,14.1100,14.1100,14.1100,0,0.0000,3,,0,0.000000,11.042106,78.198700,10.301505,-603.052029,0,0.0
2018-02-09,sh.603318,14.1100,14.1100,14.1100,14.1100,14.1100,0,0.0000,3,,0,0.000000,11.042106,78.198700,10.301505,-603.052029,0,0.0
2018-02-12,sh.603318,14.1100,14.1100,14.1100,14.1100,14.1100,0,0.0000,3,,0,0.000000,11.042106,78.198700,10.301505,-603.052029,0,0.0
2018-02-13,sh.603318,14.1100,14.1100,14.1100,14.1100,14.1100,0,0.0000,3,,0,0.000000,11.042106,78.198700,10.301505,-603.052029,0,0.0
2018-02-14,sh.603318,14.1100,14.1100,14.1100,14.1100,14.1100,0,0.0000,3,,0,0.000000,11.042106,78.198700,10.301505,-603.052029,0,0.0
2018-02-22,sh.603318,14.1100,14.1100,14.1100,14.1100,14.1100,0,0.0000,3,,0,0.000000,11.042106,78.198700,10.301505,-603.052029,0,0.0
2018-02-23,sh.603318,14.1100,14.1100,14.1100,14.1100,14.1100,0,0.0000,3,,0,0.000000,11.042106,78.198700,10.301505,-603.052029,0,0.0
2018-02-26,sh.603318,14.1100,14.1100,14.1100,14.1100,14.1100,0,0.0000,3,,0,0.000000,11.042106,78.198700,10.301505,-603.052029,0,0.0
2018-02-27,sh.603318,14.1100,14.1100,14.1100,14.1100,14.1100,0,0.0000,3,,0,0.000000,11.042106,78.198700,10.301505,-603.052029,0,0.0
2018-02-28,sh.603318,14.1100,14.1100,14.1100,14.1100,14.1100,0,0.0000,3,,0,0.000000,11.042106,78.198700,10.301505,-603.052029,0,0.0
2018-03-01,sh.603318,14.1100,14.1100,14.1100,14.1100,14.1100,0,0.0000,3,,0,0.000000,11.042106,78.198700,10.301505,-603.052029,0,0.0
2018-03-02,sh.603318,14.1100,14.1100,14.1100,14.1100,14.1100,0,0.0000,3,,0,0.000000,11.042106,78.198700,10.301505,-603.052029,0,0.0
2018-03-05,sh.603318,14.1100,14.1100,14.1100,14.1100,14.1100,0,0.0000,3,,0,0.000000,11.042106,78.198700,10.301505,-603.052029,0,0.0
2018-03-06,sh.603318,14.1100,14.1100,14.1100,14.1100,14.1100,0,0.0000,3,,0,0.000000,11.042106,78.198700,10.301505,-603.052029,0,0.0
2018-03-07,sh.603318,14.1100,14.1100,14.1100,14.1100,14.1100,0,0.0000,3,,0,0.000000,11.042106,78.198700,10.301505,-603.052029,0,0.0
2018-03-08,sh.603318,14.1100,14.1100,14.1100,14.1100,14.1100,0,0.0000,3,,0,0.000000,11.042106,78.198700,10.301505,-603.052029,0,0.0
2018-03-09,sh.603318,14.1100,14.1100,14.1100,14.1100,14.1100,0,0.0000,3,,0,0.000000,11.042106,78.198700,10.301505,-603.052029,0,0.0
2018-03-12,sh.603318,14.1100,14.1100,14.1100,14.1100,14.1100,0,0.0000,3,,0,0.000000,11.042106,78.198700,10.301505,-603.052029,0,0.0
2018-03-13,sh.603318,14.1100,14.1100,14.1100,14.1100,14.1100,0,0.0000,3,,0,0.000000,11.042106,78.198700,10.301505,-603.052029,0,0.0
2018-03-14,sh.603318,14.1100,14.1100,14.1100,14.1100,14.1100,0,0.0000,3,,0,0.000000,11.042106,78.198700,10.301505,-603.052029,0,0.0
2018-03-15,sh.603318,14.1100,14.1100,14.1100,14.1100,14.1100,0,0.0000,3,,0,0.000000,11.042106,78.198700,10.301505,-603.052029,0,0.0
2018-03-16,sh.603318,14.1100,14.1100,14.1100,14.1100,14.1100,0,0.0000,3,,0,0.000000,11.042106,78.198700,10.301505,-603.052029,0,0.0
2018-03-19,sh.603318,14.1100,14.1100,14.1100,14.1100,14.1100,0,0.0000,3,,0,0.000000,11.042106,78.198700,10.301505,-603.052029,0,0.0
2018-03-20,sh.603318,14.1100,14.1100,14.1100,14.1100,14.1100,0,0.0000,3,,0,0.000000,11.042106,78.198700,10.301505,-603.052029,0,0.0
2018-03-21,sh.603318,14.1100,14.1100,14.1100,14.1100,14.1100,0,0.0000,3,,0,0.000000,11.042106,78.198700,10.301505,-603.052029,0,0.0
2018-03-22,sh.603318,14.1100,14.1100,14.1100,14.1100,14.1100,0,0.0000,3,,0,0.000000,11.042106,78.198700,10.301505,-603.052029,0,0.0
2018-03-23,sh.603318,14.1100,14.1100,14.1100,14.1100,14.1100,0,0.0000,3,,0,0.000000,11.042106,78.198700,10.301505,-603.052029,0,0.0
2018-03-26,sh.603318,14.1100,14.1100,14.1100,14.1100,14.1100,0,0.0000,3,,0,0.000000,11.042106,78.198700,10.301505,-603.052029,0,0.0
2018-03-27,sh.603318,14.1100,14.1100,14.1100,14.1100,14.1100,0,0.0000,3,,0,0.000000,11.042106,78.198700,10.301505,-603.052029,0,0.0
2018-03-28,sh.603318,14.1100,14.1100,14.1100,14.1100,14.1100,0,0.0000,3,,0,0.000000,11.042106,78.198700,10.301505,-603.052029,0,0.0
2018-03-29,sh.603318,14.1100,14.1100,14.1100,14.1100,14.1100,0,0.0000,3,,0,0.000000,11.042106,78.198700,10.301505,-603.052029,0,0.0
2018-03-30,sh.603318,14.1100,14.1100,14.1100,14.1100,14.1100,0,0.0000,3,,0,0.000000,11.042106,78.198700,10.301505,-603.052029,0,0.0
2018-04-02,sh.603318,14.1100,14.1100,14.1100,14.1100,14.1100,0,0.0000,3,,0,0.000000,11.042106,78.198700,10.301505,-603.052029,0,0.0
2018-04-03,sh.603318,14.1100,14.1100,14.1100,14.1100,14.1100,0,0.0000,3,,0,0.000000,11.042106,78.198700,10.301505,-603.052029,0,0.0
2018-04-04,sh.603318,14.1100,14.1100,14.1100,14.1100,14.1100,0,0.0000,3,,0,0.000000,11.042106,78.198700,10.301505,-603.052029,0,0.0
2018-04-09,sh.603318,14.1100,14.1100,14.1100,14.1100,14.1100,0,0.0000,3,,0,0.000000,11.042106,78.198700,10.301505,-603.052029,0,0.0
2018-04-10,sh.603318,14.1100,14.1100,14.1100,14.1100,14.1100,0,0.0000,3,,0,0.000000,5.569965,103.723787,10.088466,28.421061,0,0.0
2018-04-11,sh.603318,14.1100,14.1100,14.1100,14.1100,14.1100,0,0.0000,3,,0,0.000000,5.569965,103.723787,10.088466,28.421061,0,0.0
2018-04-12,sh.603318,14.1100,14.1100,14.1100,14.1100,14.1100,0,0.0000,3,,0,0.000000,5.569965,103.723787,10.088466,28.421061,0,0.0
2018-04-13,sh.603318,14.1100,14.1100,14.1100,14.1100,14.1100,0,0.0000,3,,0,0.000000,5.569965,103.723787,10.088466,28.421061,0,0.0
2018-04-16,sh.603318,14.1100,14.1100,14.1100,14.1100,14.1100,0,0.0000,3,,0,0.000000,5.569965,103.723787,10.088466,28.421061,0,0.0
2018-04-17,sh.603318,14.1100,14.1100,14.1100,14.1100,14.1100,0,0.0000,3,,0,0.000000,5.569965,103.723787,10.088466,28.421061,0,0.0
2018-04-18,sh.603318,14.1100,14.1100,14.1100,14.1100,14.1100,0,0.0000,3,,0,0.000000,5.569965,103.723787,10.088466,28.421061,0,0.0
2018-04-19,sh.603318,14.1100,14.1100,14.1100,14.1100,14.1100,0,0.0000,3,,0,0.000000,5.569965,103.723787,10.088466,28.421061,0,0.0
2018-04-20,sh.603318,14.1100,14.1100,14.1100,14.1100,14.1100,0,0.0000,3,,0,0.000000,5.569965,103.723787,10.088466,28.421061,0,0.0
2018-04-23,sh.603318,14.1100,14.1100,14.1100,14.1100,14.1100,0,0.0000,3,,0,0.000000,5.569965,103.723787,10.088466,28.421061,0,0.0
2018-04-24,sh.603318,14.1100,14.1100,14.1100,14.1100,14.1100,0,0.0000,3,,0,0.000000,5.569965,103.723787,10.088466,28.421061,0,0.0
2018-04-25,sh.603318,14.1100,14.1100,14.1100,14.1100,14.1100,0,0.0000,3,,0,0.000000,5.569965,103.723787,10.088466,28.421061,0,0.0
2018-04-26,sh.603318,14.1100,14.1100,14.1100,14.1100,14.1100,0,0.0000,3,,0,0.000000,5.569965,103.723787,10.088466,28.421061,0,0.0
2018-04-27,sh.603318,14.1100,14.1100,14.1100,14.1100,14.1100,0,0.0000,3,,0,0.000000,5.569965,103.723787,10.088466,28.421061,0,0.0
2018-05-02,sh.603318,14.1100,14.1100,14.1100,14.1100,14.1100,0,0.0000,3,,0,0.000000,5.516813,92.385377,8.647378,25.983045,0,0.0
2018-05-03,sh.603318,14.1100,14.1100,14.1100,14.1100,14.1100,0,0.0000,3,,0,0.000000,5.516813,92.385377,8.647378,25.983045,0,0.0
2018-05-04,sh.603318,14.1100,14.1100,14.1100,14.1100,14.1100,0,0.0000,3,,0,0.000000,5.516813,92.385377,8.647378,25.983045,0,0.0
2018-05-07,sh.603318,14.1100,14.1100,14.1100,14.1100,14.1100,0,0.0000,3,,0,0.000000,5.516813,92.385377,8.647378,25.983045,0,0.0
2018-05-08,sh.603318,14.1100,14.1100,14.1100,14.1100,14.1100,0,0.0000,3,,0,0.000000,5.516813,92.385377,8.647378,25.983045,0,0.0
2018-05-09,sh.603318,14.1100,14.1100,14.1100,14.1100,14.1100,0,0.0000,3,,0,0.000000,5.516813,92.385377,8.647378,25.983045,0,0.0
2018-05-10,sh.603318,14.1100,14.1100,14.1100,14.1100,14.1100,0,0.0000,3,,0,0.000000,5.516813,92.385377,8.647378,25.983045,0,0.0
2018-05-11,sh.603318,14.1100,14.1100,14.1100,14.1100,14.1100,0,0.0000,3,,0,0.000000,5.516813,92.385377,8.647378,25.983045,0,0.0
2018-05-14,sh.603318,14.1100,14.1100,14.1100,14.1100,14.1100,0,0.0000,3,,0,0.000000,5.516813,92.385377,8.647378,25.983045,0,0.0
2018-05-15,sh.603318,14.1100,14.1100,14.1100,14.1100,14.1100,0,0.0000,3,,0,0.000000,5.516813,92.385377,8.647378,25.983045,0,0.0
2018-05-16,sh.603318,14.1100,14.1100,14.1100,14.1100,14.1100,0,0.0000,3,,0,0.000000,5.516813,92.385377,8.647378,25.983045,0,0.0
2018-05-17,sh.603318,14.1100,14.1100,14.1100,14.1100,14.1100,0,0.0000,3,,0,0.000000,5.516813,92.385377,8.647378,25.983045,0,0.0
2018-05-18,sh.603318,14.1100,14.1100,14.1100,14.1100,14.1100,0,0.0000,3,,0,0.000000,5.516813,92.385377,8.647378,25.983045,0,0.0
2018-05-21,sh.603318,14.1100,14.1100,14.1100,14.1100,14.1100,0,0.0000,3,,0,0.000000,5.516813,92.385377,8.647378,25.983045,0,0.0
2018-05-22,sh.603318,14.1100,14.1100,14.1100,14.1100,14.1100,0,0.0000,3,,0,0.000000,5.516813,92.385377,8.647378,25.983045,0,0.0
2018-05-23,sh.603318,14.1100,14.1100,14.1100,14.1100,14.1100,0,0.0000,3,,0,0.000000,5.516813,92.385377,8.647378,25.983045,0,0.0
2018-05-24,sh.603318,14.1100,14.1100,14.1100,14.1100,14.1100,0,0.0000,3,,0,0.000000,5.516813,92.385377,8.647378,25.983045,0,0.0
2018-05-25,sh.603318,14.1100,14.1100,14.1100,14.1100,14.1100,0,0.0000,3,,0,0.000000,5.516813,92.385377,8.647378,25.983045,0,0.0
2018-05-28,sh.603318,14.1100,14.1100,14.1100,14.1100,14.1100,0,0.0000,3,,0,0.000000,5.516813,92.385377,8.647378,25.983045,0,0.0
2018-05-29,sh.603318,14.1100,14.1100,14.1100,14.1100,14.1100,0,0.0000,3,,0,0.000000,5.516813,92.385377,8.647378,25.983045,0,0.0
2018-05-30,sh.603318,14.1100,14.1100,14.1100,14.1100,14.1100,0,0.0000,3,,0,0.000000,5.516813,92.385377,8.647378,25.983045,0,0.0
2018-05-31,sh.603318,14.1100,14.1100,14.1100,14.1100,14.1100,0,0.0000,3,,0,0.000000,5.516813,92.385377,8.647378,25.983045,0,0.0
2018-06-01,sh.603318,14.1000,14.1000,14.1000,14.1000,14.1000,0,0.0000,3,,0,0.000000,5.512903,92.319902,8.641249,25.964630,0,-0.07087172218285254
2018-06-04,sh.603318,12.6900,12.6900,12.6900,12.6900,14.1000,253300,3214377.0000,3,0.070127,1,-10.000010,4.961613,83.087912,7.777125,23.368167,0,-9.999999999999998
2018-06-05,sh.603318,12.0200,13.7400,12.0200,13.2200,12.6900,6440322,83529086.0000,3,1.783035,1,4.176522,5.168836,86.558092,8.101937,24.344142,0,4.176516942474406
2018-06-06,sh.603318,13.4000,13.4000,12.8500,12.9100,13.2200,3702600,48326571.0000,3,1.025083,1,-2.344935,5.047630,84.528364,7.911953,23.773289,0,-2.344931921331317
2018-06-07,sh.603318,12.9900,13.1000,12.7000,12.9900,12.9100,1275837,16420267.0000,3,0.353222,1,0.619674,5.078909,85.052165,7.960981,23.920606,0,0.6196746707978207
2018-06-08,sh.603318,13.0300,13.1700,12.9000,13.1500,12.9900,2315543,30277723.0000,3,0.641069,1,1.231716,5.141467,86.099767,8.059038,24.215240,0,1.2317167051578037
2018-06-11,sh.603318,13.1900,13.1900,12.9100,13.0500,13.1500,1661412,21721132.0000,3,0.459970,1,-0.760452,5.102368,85.445016,7.997752,24.031094,0,-0.760456273764254
2018-06-12,sh.603318,13.0800,13.2000,12.8000,13.0800,13.0500,1641000,21391389.0000,3,0.454319,1,0.229883,5.114098,85.641441,8.016138,24.086338,0,0.22988505747125743
2018-06-13,sh.603318,13.0000,13.0800,12.4400,12.7800,13.0800,2452911,31352162.0000,3,0.679100,1,-2.293580,4.996802,83.677188,7.832281,23.533899,0,-2.2935779816513846
2018-06-14,sh.603318,12.6000,12.9800,12.5000,12.8000,12.7800,1633374,20764858.0000,3,0.452208,1,0.156498,5.004622,83.808138,7.844539,23.570728,0,0.15649452269170805
2018-06-15,sh.603318,12.7800,12.8500,12.2800,12.7800,12.8000,2089140,26290654.0000,3,0.578389,1,-0.156254,4.996802,83.677188,7.832281,23.533899,0,-0.15625000000001332
2018-06-19,sh.603318,12.7100,12.8000,12.0000,12.3200,12.7800,2428940,29763785.0000,3,0.672464,1,-3.599374,4.816948,80.665333,7.550368,22.686826,0,-3.5993740219092296
2018-06-20,sh.603318,12.2900,12.4900,12.0200,12.3500,12.3200,1882300,23163687.0000,3,0.521124,1,0.243512,4.828678,80.861758,7.568754,22.742069,0,0.24350649350648457
2018-06-21,sh.603318,12.3700,12.3700,11.9500,12.3400,12.3500,2478384,30112627.0000,3,0.686153,1,-0.080974,4.824768,80.796283,7.562625,22.723655,0,-0.08097165991902688
2018-06-22,sh.603318,12.2800,12.8800,11.9700,12.6900,12.3400,3329955,40997960.0000,3,0.921914,1,2.836300,4.961613,83.087912,7.777125,23.368167,0,2.8363047001620734
2018-06-25,sh.603318,12.8000,12.8500,12.3800,12.5700,12.6900,1854936,23481346.0000,3,0.513548,1,-0.945626,4.914695,82.302210,7.703582,23.147191,0,-0.9456264775413614
2018-06-26,sh.603318,12.5000,12.6900,12.2500,12.4200,12.5700,1439000,17905552.0000,3,0.398394,1,-1.193314,4.856047,81.320084,7.611654,22.870972,0,-1.1933174224343701
2018-06-27,sh.603318,12.4500,12.6500,12.1400,12.2800,12.4200,1559222,19390825.0000,3,0.431678,1,-1.127217,4.801309,80.403432,7.525854,22.613167,0,-1.1272141706924366
2018-06-28,sh.603318,12.1000,12.3800,12.0400,12.2100,12.2800,912297,11157561.0000,3,0.252574,1,-0.570030,4.773940,79.945107,7.482954,22.484265,0,-0.5700325732898914
2018-06-29,sh.603318,12.1400,12.6600,12.0600,12.6300,12.2100,1369500,17061341.0000,3,0.379153,1,3.439804,4.938154,82.695061,7.740353,23.257679,0,3.439803439803435
2018-07-02,sh.603318,12.6800,12.6800,12.2800,12.4100,12.6300,693700,8650657.0000,3,0.192054,1,-1.741886,4.852137,81.254609,7.605525,22.852557,0,-1.7418844022169533
2018-07-03,sh.603318,12.5900,12.6000,12.2500,12.4300,12.4100,1163519,14454387.0000,3,0.322126,1,0.161164,4.859957,81.385559,7.617782,22.889386,0,0.16116035455278066
2018-07-04,sh.603318,12.4900,12.4900,12.1900,12.3000,12.4300,416700,5113762.0000,3,0.115365,1,-1.045858,4.809129,80.534383,7.538111,22.649996,0,-1.045856798069178
2018-07-05,sh.603318,12.3900,12.3900,12.0000,12.1400,12.3000,799900,9767525.0000,3,0.221456,1,-1.300812,4.746571,79.486781,7.440055,22.355362,0,-1.3008130081300862
2018-07-06,sh.603318,12.2400,12.3300,11.7700,12.2400,12.1400,1621939,19678706.0000,3,0.449042,1,0.823719,4.785669,80.141532,7.501340,22.539508,0,0.8237232289950658
2018-07-09,sh.603318,12.2200,12.6500,12.1400,12.6200,12.2400,1657265,20517592.0000,3,0.457738,1,3.104576,4.934244,82.629586,7.734225,23.239264,0,3.104575163398682
2018-07-10,sh.603318,12.5500,12.7900,12.2500,12.5400,12.6200,1108700,13868487.0000,3,0.306224,1,-0.633914,4.902965,82.105785,7.685196,23.091947,0,-0.6339144215530945
2018-07-11,sh.603318,12.4000,12.4000,12.1700,12.3300,12.5400,420024,5153467.0000,3,0.116011,1,-1.674641,4.820858,80.730808,7.556497,22.705240,0,-1.674641148325351
2018-07-12,sh.603318,12.2900,12.4500,12.1700,12.2000,12.3300,1340700,16470699.0000,3,0.370303,1,-1.054340,4.770030,79.879632,7.476826,22.465850,0,-1.0543390105433925
2018-07-13,sh.603318,12.3100,12.3100,11.9800,12.0800,12.2000,783000,9510367.0000,3,0.216265,1,-0.983606,4.723112,79.093930,7.403283,22.244874,0,-0.983606557377048
2018-07-16,sh.603318,12.1300,12.3600,11.9300,12.3200,12.0800,1813524,22153375.0000,3,0.500897,1,1.986753,4.816948,80.665333,7.550368,22.686826,0,1.9867549668874274
2018-07-17,sh.603318,13.0500,13.1000,12.2900,12.4100,12.3200,3806568,48450133.0000,3,1.051378,1,0.730521,4.852137,81.254609,7.605525,22.852557,0,0.7305194805194759
2018-07-18,sh.603318,12.2000,12.3900,11.6800,12.0800,12.4100,3499167,41813949.0000,3,0.966474,1,-2.659145,4.723112,79.093930,7.403283,22.244874,0,-2.65914585012087
2018-07-19,sh.603318,11.8300,12.0800,11.7800,11.9600,12.0800,865800,10281967.0000,3,0.239135,1,-0.993376,4.676193,78.308229,7.329741,22.023899,0,-0.9933774834437026
2018-07-20,sh.603318,11.9500,12.1600,11.7800,12.0400,11.9600,940000,11254547.0000,3,0.259629,1,0.668896,4.707472,78.832030,7.378769,22.171216,0,0.6688963210702115
2018-07-23,sh.603318,12.0200,12.1400,11.8600,12.0500,12.0400,754100,9023912.0000,3,0.208283,1,0.083058,4.711382,78.897505,7.384898,22.189631,0,0.08305647840531893
2018-07-24,sh.603318,12.0800,12.1600,11.9300,12.1100,12.0500,1410000,16941831.0000,3,0.389444,1,0.497921,4.734841,79.290356,7.421669,22.300118,0,0.49792531120331773
2018-07-25,sh.603318,12.1000,12.1600,11.9400,12.0300,12.1100,965500,11597118.0000,3,0.266672,1,-0.660610,4.703562,78.766555,7.372641,22.152801,0,-0.6606110652353392
2018-07-26,sh.603318,12.0000,12.5900,11.9000,12.3600,12.0300,1961200,23929712.0000,3,0.541686,1,2.743142,4.832588,80.927233,7.574883,22.760484,0,2.7431421446383997
2018-07-27,sh.603318,12.3200,12.4100,12.1000,12.2700,12.3600,1458300,17895046.0000,3,0.402784,1,-0.728149,4.797399,80.337957,7.519726,22.594752,0,-0.7281553398058249
2018-07-30,sh.603318,12.2600,12.2700,11.9900,12.2600,12.2700,1009104,12228265.0000,3,0.278716,1,-0.081501,4.793489,80.272482,7.513597,22.576338,0,-0.08149959250203231
2018-07-31,sh.603318,12.2500,12.5400,12.1200,12.4700,12.2600,1807071,22288563.0000,3,0.499115,1,1.712888,4.875596,81.647459,7.642297,22.963045,0,1.71288743882545
2018-08-01,sh.603318,12.4000,12.6800,12.3500,12.5700,12.4700,2475300,30914769.0000,3,0.683681,1,0.801920,4.914695,82.302210,7.703582,23.147191,0,0.801924619085792
2018-08-02,sh.603318,12.5700,12.6500,12.0800,12.3700,12.5700,1944100,24019285.0000,3,0.536963,1,-1.591088,4.836498,80.992708,7.581011,22.778899,0,-1.5910898965791676
2018-08-03,sh.603318,12.3900,12.4700,12.1900,12.2800,12.3700,1199600,14801031.0000,3,0.331331,1,-0.727568,4.801309,80.403432,7.525854,22.613167,0,-0.7275666936135794
2018-08-06,sh.603318,12.2100,12.3100,12.0300,12.1800,12.2800,880762,10744027.0000,3,0.243267,1,-0.814328,4.696048,87.250762,8.055821,32.644292,0,-0.8143322475570036
2018-08-07,sh.603318,12.1800,12.5500,12.0600,12.4200,12.1800,1668600,20445466.0000,3,0.460869,1,1.970441,4.788580,88.969989,8.214557,33.287529,0,1.9704433497536922
2018-08-08,sh.603318,12.4200,12.4200,12.1300,12.2700,12.4200,1902500,23235103.0000,3,0.525473,1,-1.207726,4.730747,87.895472,8.115347,32.885506,0,-1.2077294685990392
2018-08-09,sh.603318,12.2700,12.2700,12.0700,12.1600,12.2700,2627400,31870901.0000,3,0.725691,1,-0.896500,4.688336,87.107493,8.042594,32.590689,0,-0.896495517522411
2018-08-10,sh.603318,12.1400,12.1900,11.9500,12.0800,12.1600,1362800,16405316.0000,3,0.376407,1,-0.657894,4.657492,86.534418,7.989682,32.376276,0,-0.6578947368421018
2018-08-13,sh.603318,12.0700,12.0900,11.9000,12.0800,12.0800,2337683,27999982.0000,3,0.645671,1,0.000000,4.657492,86.534418,7.989682,32.376276,0,0.0
2018-08-14,sh.603318,12.1000,12.4300,11.9300,12.3200,12.0800,1799167,21903054.0000,3,0.496932,1,1.986753,4.750025,88.253645,8.148417,33.019513,0,1.9867549668874274
2018-08-15,sh.603318,12.2900,12.4400,12.0900,12.2200,12.3200,985300,12055676.0000,3,0.272141,1,-0.811684,4.711470,87.537300,8.082277,32.751498,0,-0.8116883116883078
2018-08-16,sh.603318,12.1500,12.1500,11.9500,12.0600,12.2200,522800,6284319.0000,3,0.144398,1,-1.309328,4.649781,86.391149,7.976454,32.322673,0,-1.3093289689034338
2018-08-17,sh.603318,12.0600,12.2100,11.9400,12.1800,12.0600,633100,7622459.0000,3,0.174863,1,0.995024,4.696048,87.250762,8.055821,32.644292,0,0.995024875621886
2018-08-20,sh.603318,12.4600,12.4600,12.0200,12.1400,12.1800,437200,5307978.0000,3,0.120755,1,-0.328407,4.680625,86.964225,8.029366,32.537086,0,-0.3284072249589376
2018-08-21,sh.603318,12.1300,12.1300,12.0000,12.0700,12.1400,550100,6644720.0000,3,0.151938,1,-0.576612,4.653637,86.462783,7.983068,32.349475,0,-0.5766062602965416
2018-08-22,sh.603318,12.0600,12.1400,12.0000,12.0900,12.0700,738200,8904601.0000,3,0.203892,1,0.165704,4.661348,86.606052,7.996296,32.403078,0,0.1657000828500399
2018-08-23,sh.603318,12.0800,12.1500,12.0600,12.0900,12.0900,635300,7690315.0000,3,0.175471,1,0.000000,4.661348,86.606052,7.996296,32.403078,0,0.0
2018-08-24,sh.603318,12.1200,12.1200,11.8000,12.0400,12.0900,762500,9147820.0000,3,0.210603,1,-0.413567,4.642070,86.247880,7.963226,32.269070,0,-0.41356492969396585
2018-08-27,sh.603318,12.0100,12.2500,12.0100,12.1900,12.0400,1493500,18150032.0000,3,0.412506,1,1.245844,4.699903,87.322397,8.062435,32.671093,0,1.2458471760797396
2018-08-28,sh.603318,12.2000,12.3400,12.1800,12.3200,12.1900,1549600,18975908.0000,3,0.428001,1,1.066449,4.750025,88.253645,8.148417,33.019513,0,1.0664479081214262
2018-08-29,sh.603318,12.3700,12.4300,12.2700,12.3700,12.3200,1483000,18330778.0000,3,0.409606,1,0.405846,4.769303,88.611817,8.181487,33.153521,0,0.40584415584414835
2018-08-30,sh.603318,12.3800,12.5900,12.3800,12.4200,12.3700,1699700,21203851.0000,3,0.469459,1,0.404205,4.788580,88.969989,8.214557,33.287529,0,0.4042037186742231
2018-08-31,sh.603318,12.4700,12.5200,12.3500,12.4400,12.4200,1224400,15230698.0000,3,0.338181,1,0.161027,4.796292,89.113258,8.227785,33.341132,0,0.16103059581320522
2018-09-03,sh.603318,12.4400,12.6400,12.4200,12.5800,12.4400,1867035,23446514.0000,3,0.515677,1,1.125405,4.850269,90.116140,8.320380,33.716354,0,1.12540192926045
2018-09-04,sh.603318,12.5800,12.6200,12.4000,12.4800,12.5800,1117500,13950804.0000,3,0.308655,1,-0.794916,4.811714,89.399796,8.254241,33.448338,0,-0.7949125596184436
2018-09-05,sh.603318,12.5500,12.5500,12.3500,12.3700,12.4800,626400,7803493.0000,3,0.173012,1,-0.881408,4.769303,88.611817,8.181487,33.153521,0,-0.8814102564102644
2018-09-06,sh.603318,12.3800,12.4700,12.3000,12.3900,12.3700,1687100,20902831.0000,3,0.465979,1,0.161685,4.777014,88.755086,8.194715,33.207124,0,0.16168148746968924
2018-09-07,sh.603318,12.3900,12.5600,12.3900,12.5000,12.3900,1716700,21388604.0000,3,0.474154,1,0.887810,4.819425,89.543065,8.267469,33.501941,0,0.8878127522195189
2018-09-10,sh.603318,12.5000,12.7300,12.4500,12.5200,12.5000,1227400,15424444.0000,3,0.339009,1,0.160004,4.827136,89.686334,8.280697,33.555545,0,0.16000000000000458
2018-09-11,sh.603318,12.5600,12.6700,12.5300,12.6500,12.5200,2031833,25620482.0000,3,0.561195,1,1.038332,4.877258,90.617582,8.366678,33.903965,0,1.0383386581469756
2018-09-12,sh.603318,12.6400,12.7000,12.5200,12.6300,12.6500,1438600,18129767.0000,3,0.397343,1,-0.158099,4.869547,90.474313,8.353450,33.850362,0,-0.15810276679841806
2018-09-13,sh.603318,12.6400,12.7500,12.5200,12.6700,12.6300,1536300,19379235.0000,3,0.424328,1,0.316706,4.884969,90.760851,8.379906,33.957568,0,0.3167062549485289
2018-09-14,sh.603318,12.6900,12.7000,12.4900,12.4900,12.6700,956000,12032687.0000,3,0.264048,1,-1.420681,4.815569,89.471430,8.260855,33.475140,0,-1.420678768745065
2018-09-17,sh.603318,12.4800,12.5000,12.2600,12.3500,12.4900,846000,10462600.0000,3,0.233666,1,-1.120892,4.761592,88.468548,8.168259,33.099918,0,-1.1208967173738982
2018-09-18,sh.603318,12.3200,12.4800,12.2400,12.3400,12.3500,705400,8696195.0000,3,0.194832,1,-0.080974,4.757736,88.396914,8.161645,33.073117,0,-0.08097165991902688
2018-09-19,sh.603318,12.3100,12.3100,12.0800,12.1600,12.3400,972100,11809977.0000,3,0.268495,1,-1.458673,4.688336,87.107493,8.042594,32.590689,0,-1.4586709886547755
2018-09-20,sh.603318,12.1600,12.2000,11.8700,11.9000,12.1600,1019800,12229564.0000,3,0.281670,1,-2.138160,4.588092,85.244998,7.870630,31.893848,0,-2.1381578947368363
2018-09-21,sh.603318,11.8600,11.9900,11.6400,11.8500,11.9000,3529400,41705384.0000,3,0.974824,1,-0.420162,4.568815,84.886825,7.837560,31.759840,0,-0.42016806722690037
2018-09-25,sh.603318,11.8300,12.2300,11.5800,12.1200,11.8500,3226041,38344641.0000,3,0.891036,1,2.278477,4.672914,86.820956,8.016138,32.483482,0,2.278481012658218
2018-09-26,sh.603318,12.1700,12.4500,11.9800,12.4500,12.1200,2834751,34697691.0000,3,0.782961,1,2.722772,4.800147,89.184893,8.234399,33.367934,0,2.722772277227725
2018-09-27,sh.603318,12.5700,12.7500,12.3600,12.6300,12.4500,3291946,41472526.0000,3,0.909239,1,1.445786,4.869547,90.474313,8.353450,33.850362,0,1.445783132530143
2018-09-28,sh.603318,12.6300,12.7000,12.2700,12.2900,12.6300,2654700,33176318.0000,3,0.733231,1,-2.692004,4.738458,88.038741,8.128575,32.939109,0,-2.692003167062562
2018-10-08,sh.603318,12.1300,12.3200,11.9700,12.1900,12.2900,1018765,12406387.0000,3,0.281384,1,-0.813673,4.699903,87.322397,8.062435,32.671093,0,-0.8136696501220508
2018-10-09,sh.603318,12.1600,12.2400,12.0700,12.1600,12.1900,484000,5886332.0000,3,0.133681,1,-0.246101,4.688336,87.107493,8.042594,32.590689,0,-0.24610336341263084
2018-10-10,sh.603318,12.1500,12.1800,12.0000,12.0600,12.1600,569100,6877455.0000,3,0.157186,1,-0.822364,4.649781,86.391149,7.976454,32.322673,0,-0.8223684210526327
2018-10-11,sh.603318,11.8900,11.9800,11.4400,11.7900,12.0600,1384900,16225810.0000,3,0.382511,1,-2.238810,4.545681,84.457019,7.797876,31.599031,0,-2.23880597014926
2018-10-12,sh.603318,11.7900,12.0900,11.3800,11.9900,11.7900,1676600,19851808.0000,3,0.463079,1,1.696351,4.622792,85.889708,7.930156,32.135062,0,1.6963528413910245
2018-10-15,sh.603318,12.0000,12.0900,11.8000,11.8700,11.9900,296900,3544550.0000,3,0.082004,1,-1.000833,4.576526,85.030094,7.850788,31.813444,0,-1.0008340283569672
2018-10-16,sh.603318,11.8700,12.0300,11.7500,11.9800,11.8700,460200,5461931.0000,3,0.127108,1,0.926703,4.618937,85.818073,7.923542,32.108261,0,0.9267059814658918
2018-10-17,sh.603318,11.9800,12.1000,11.8100,11.9500,11.9800,352000,4193317.0000,3,0.097223,1,-0.250415,4.607370,85.603170,7.903700,32.027856,0,-0.25041736227046085
2018-10-18,sh.603318,11.9900,11.9900,11.6800,11.8300,11.9500,464300,5466579.0000,3,0.128240,1,-1.004183,4.561104,84.743557,7.824332,31.706237,0,-1.0041841004184038
2018-10-19,sh.603318,11.7700,12.0600,11.7200,12.0500,11.8300,839700,9989030.0000,3,0.231926,1,1.859681,4.645926,86.319515,7.969840,32.295872,0,1.8596787827557026
2018-10-22,sh.603318,12.0500,12.3500,11.9800,12.2500,12.0500,1370400,16706704.0000,3,0.378506,1,1.659750,4.723036,87.752204,8.102119,32.831903,0,1.6597510373443924
2018-10-23,sh.603318,12.2600,12.2600,11.8900,11.9500,12.2500,691000,8303561.0000,3,0.190855,1,-2.448981,4.607370,85.603170,7.903700,32.027856,0,-2.448979591836742
2018-10-24,sh.603318,11.9500,12.0700,11.8400,12.0300,11.9500,582400,6951558.0000,3,0.160860,1,0.669455,4.638214,86.176246,7.956612,32.242268,0,0.6694560669456173
2018-10-25,sh.603318,11.9000,12.1800,11.7900,12.0800,12.0300,783300,9327614.0000,3,0.216348,1,0.415629,4.657492,86.534418,7.989682,32.376276,0,0.41562759767248547
2018-10-26,sh.603318,12.0600,12.1500,11.8800,12.0600,12.0800,452600,5423935.0000,3,0.125009,1,-0.165559,4.649781,86.391149,7.976454,32.322673,0,-0.16556291390728006
2018-10-29,sh.603318,12.0000,12.1500,11.8000,12.0400,12.0600,970302,11601594.0000,3,0.267999,1,-0.165841,4.642070,86.247880,7.963226,32.269070,0,-0.16583747927032544
2018-10-30,sh.603318,11.9000,12.0900,11.9000,12.0000,12.0400,398100,4782400.0000,3,0.109956,1,-0.332226,4.626648,85.961342,7.936770,32.161864,0,-0.33222591362125353
2018-10-31,sh.603318,11.9200,12.0900,11.9000,12.0200,12.0000,1186800,14230761.0000,3,0.327796,1,0.166670,4.700941,351.813952,10.421167,112.279476,0,0.16666666666667052
2018-11-01,sh.603318,12.0000,12.0500,11.9000,11.9300,12.0200,461500,5516869.0000,3,0.127467,1,-0.748753,4.665742,349.179737,10.343138,111.438781,0,-0.7487520798668879
2018-11-02,sh.603318,11.9200,12.4000,11.9000,12.3400,11.9300,1818332,21903062.0000,3,0.502225,1,3.436713,4.826090,361.180047,10.698602,115.268613,0,3.4367141659681577
2018-11-05,sh.603318,12.2700,12.5000,12.1000,12.2200,12.3400,763624,9343250.0000,3,0.210914,1,-0.972446,4.779159,357.667761,10.594564,114.147687,0,-0.9724473257698429
2018-11-06,sh.603318,12.2100,12.2200,12.0200,12.0800,12.2200,350600,4232283.0000,3,0.096836,1,-1.145666,4.724406,353.570094,10.473186,112.839939,0,-1.1456628477905073
2018-11-07,sh.603318,12.0800,12.1500,11.9500,12.1000,12.0800,459800,5524349.0000,3,0.126997,1,0.165567,4.732228,354.155475,10.490525,113.026760,0,0.16556291390728006
2018-11-08,sh.603318,12.0900,12.1900,11.9800,12.1900,12.1000,2065000,24986970.0000,3,0.570355,1,0.743795,4.767426,356.789690,10.568554,113.867455,0,0.7438016528925617
2018-11-09,sh.603318,12.1600,12.1600,12.0000,12.1300,12.1900,556200,6708569.0000,3,0.153623,1,-0.492202,4.743961,355.033547,10.516535,113.306992,0,-0.4922067268252617
2018-11-12,sh.603318,11.9700,12.6400,11.6800,12.6100,12.1300,5567674,67425813.0000,3,1.537798,1,3.957127,4.931686,369.082690,10.932688,117.790698,0,3.9571310799670023
2018-11-13,sh.603318,12.4600,12.7200,12.3300,12.3800,12.6100,3316995,41665837.0000,3,0.916158,1,-1.823946,4.841734,362.350809,10.733281,115.642255,0,-1.8239492466296525
2018-11-14,sh.603318,12.4700,12.4700,12.0700,12.3500,12.3800,2424400,29584622.0000,3,0.669622,1,-0.242324,4.830001,361.472737,10.707272,115.362024,0,-0.24232633279483995
2018-11-15,sh.603318,12.3000,12.9900,12.2700,12.8300,12.3500,5098881,63541042.0000,3,1.267867,1,3.886636,5.017726,375.521880,11.123425,119.845730,0,3.886639676113357
2018-11-16,sh.603318,12.7500,12.9100,12.6400,12.7000,12.8300,3021000,38533258.0000,3,0.751189,1,-1.013251,4.966884,371.716904,11.010717,118.631393,0,-1.0132501948558081
2018-11-19,sh.603318,12.5900,13.0900,12.4500,12.9000,12.7000,2471219,31344493.0000,3,0.614483,1,1.574802,5.045103,377.570713,11.184114,120.499604,0,1.5748031496063186
2018-11-20,sh.603318,12.9100,13.0500,12.7100,12.8300,12.9000,1869819,23999622.0000,3,0.464941,1,-0.542633,5.017726,375.521880,11.123425,119.845730,0,-0.5426356589147363
2018-11-21,sh.603318,12.8200,13.1800,12.6400,13.0300,12.8300,1899695,24547817.0000,3,0.472370,1,1.558845,5.095945,381.375690,11.296822,121.713941,0,1.5588464536243185
2018-11-22,sh.603318,12.9800,13.1600,12.9100,13.0000,13.0300,1233900,16090835.0000,3,0.306816,1,-0.230236,5.084212,380.497618,11.270812,121.433709,0,-0.23023791250958991
2018-11-23,sh.603318,13.0000,13.1000,12.7200,12.9000,13.0000,2092250,27047164.0000,3,0.520250,1,-0.769234,5.045103,377.570713,11.184114,120.499604,0,-0.7692307692307665
2018-11-26,sh.603318,12.8900,13.0700,12.8200,12.8400,12.9000,842550,10914509.0000,3,0.209505,1,-0.465112,5.021637,375.814571,11.132095,119.939140,0,-0.46511627906976605
2018-11-27,sh.603318,12.8300,13.3000,12.7800,13.0200,12.8400,1679300,21807055.0000,3,0.417568,1,1.401872,5.092034,381.082999,11.288152,121.620530,0,1.4018691588784993
2018-11-28,sh.603318,13.0200,13.1700,12.9400,12.9600,13.0200,953800,12435345.0000,3,0.237168,1,-0.460833,5.068568,379.326856,11.236133,121.060067,0,-0.4608294930875445
2018-11-29,sh.603318,12.9500,13.1000,12.9000,12.9600,12.9600,666200,8652982.0000,3,0.165655,1,0.000000,5.068568,379.326856,11.236133,121.060067,0,0.0
2018-11-30,sh.603318,12.9600,12.9600,12.6800,12.7000,12.9600,789800,10086697.0000,3,0.196388,1,-2.006175,4.966884,371.716904,11.010717,118.631393,0,-2.0061728395061817
2018-12-03,sh.603318,12.7000,13.1100,12.7000,13.1100,12.7000,1617697,21067436.0000,3,0.402250,1,3.228345,5.127232,383.717213,11.366181,122.461225,0,3.228346456692921
2018-12-04,sh.603318,13.0500,13.2100,13.0100,13.1400,13.1100,1320000,17291280.0000,3,0.328226,1,0.228838,5.138965,384.595285,11.392190,122.741457,0,0.22883295194509046
2018-12-05,sh.603318,13.1200,13.1500,12.9700,13.0600,13.1400,953100,12439795.0000,3,0.236994,1,-0.608827,5.107677,382.253761,11.322832,121.994172,0,-0.60882800608828
2018-12-06,sh.603318,13.0200,13.0800,12.9700,13.0200,13.0600,456200,5931098.0000,3,0.113437,1,-0.306278,5.092034,381.082999,11.288152,121.620530,0,-0.3062787136294043
2018-12-07,sh.603318,13.0200,13.4000,13.0000,13.3100,13.0200,1956608,25740950.0000,3,0.486522,1,2.227342,5.205451,389.571023,11.539578,124.329436,0,2.227342549923206
2018-12-10,sh.603318,13.3100,13.9100,13.2600,13.6600,13.3100,3844715,52750593.0000,3,0.956011,1,2.629597,5.342333,399.815190,11.843023,127.598805,0,2.6296018031555235
2018-12-11,sh.603318,14.6000,14.6000,12.9000,13.1700,13.6600,8927326,122904440.0000,3,2.219832,1,-3.587114,5.150698,385.473356,11.418200,123.021688,0,-3.5871156661786308
2018-12-12,sh.603318,13.0400,13.0400,12.3300,12.4500,13.1700,4815126,60802212.0000,3,1.197309,1,-5.466972,4.869111,364.399642,10.793970,116.296129,0,-5.466970387243741
2018-12-13,sh.603318,12.4500,12.5500,12.2000,12.3200,12.4500,2245900,27705840.0000,3,0.558456,1,-1.044178,4.818268,360.594666,10.681262,115.081792,0,-1.0441767068273045
2018-12-14,sh.603318,12.3100,12.5000,12.1500,12.2000,12.3200,1208200,14899969.0000,3,0.300426,1,-0.974025,4.771337,357.082380,10.577224,113.960866,0,-0.9740259740259827
2018-12-17,sh.603318,12.1500,12.4300,12.0600,12.0900,12.2000,2477400,30251642.0000,3,0.616020,1,-0.901637,4.728317,353.862785,10.481856,112.933350,0,-0.901639344262295
2018-12-18,sh.603318,12.0600,12.2000,11.9400,12.1300,12.0900,1606500,19372297.0000,3,0.399466,1,0.330852,4.743961,355.033547,10.516535,113.306992,0,0.3308519437551727
2018-12-19,sh.603318,12.8000,12.8000,12.1100,12.1800,12.1300,1002400,12243184.0000,3,0.249253,1,0.412203,4.763515,356.496999,10.559884,113.774044,0,0.41220115416322756
2018-12-20,sh.603318,12.1000,12.2400,12.0400,12.2200,12.1800,900300,10955011.0000,3,0.223865,1,0.328407,4.779159,357.667761,10.594564,114.147687,0,0.3284072249589487
2018-12-21,sh.603318,12.1700,12.1700,12.0300,12.1200,12.2200,664800,8040094.0000,3,0.165306,1,-0.818334,4.740050,354.740856,10.507865,113.213581,0,-0.8183306055646544
2018-12-24,sh.603318,12.0600,12.1200,11.8000,12.1000,12.1200,1147000,13698860.0000,3,0.285208,1,-0.165012,4.732228,354.155475,10.490525,113.026760,0,-0.16501650165016146
2018-12-25,sh.603318,12.0300,12.0500,11.8000,11.8500,12.1000,963700,11448874.0000,3,0.239630,1,-2.066116,4.634455,346.838214,10.273779,110.691496,0,-2.066115702479343
2018-12-26,sh.603318,11.8300,11.9000,11.7300,11.8400,11.8500,1221600,14456990.0000,3,0.303758,1,-0.084390,4.630544,346.545523,10.265109,110.598086,0,-0.08438818565400519
2018-12-27,sh.603318,11.9400,12.3400,11.8700,12.2300,11.8400,1476281,17912417.0000,3,0.367086,1,3.293914,4.783070,357.960452,10.603234,114.241097,0,3.2939189189189255
2018-12-28,sh.603318,12.2200,12.4600,12.2200,12.4600,12.2300,1215715,14995352.0000,3,0.302295,1,1.880626,4.873022,364.692333,10.802640,116.389540,0,1.8806214227309992
2019-01-02,sh.603318,12.4400,12.5800,12.2000,12.3700,12.4600,989626,12212894.0000,3,0.246076,1,-0.722313,4.837823,362.058118,10.724612,115.548845,0,-0.7223113964687111
2019-01-03,sh.603318,12.3500,12.4900,12.2500,12.4900,12.3700,559150,6904861.0000,3,0.139036,1,0.970088,4.884754,365.570404,10.828650,116.669771,0,0.9700889248181133
2019-01-04,sh.603318,12.3800,12.5800,12.3500,12.5000,12.4900,1675199,20898667.0000,3,0.416548,1,0.080066,4.888665,365.863094,10.837320,116.763182,0,0.08006405124099114
2019-01-07,sh.603318,12.5100,12.5400,12.3900,12.4700,12.5000,467100,5814679.0000,3,0.116147,1,-0.239998,4.876932,364.985023,10.811310,116.482950,0,-0.23999999999999577
2019-01-08,sh.603318,12.4100,12.5500,12.3100,12.4900,12.4700,1740551,21607929.0000,3,0.432798,1,0.160381,4.884754,365.570404,10.828650,116.669771,0,0.1603849238171584
2019-01-09,sh.603318,12.4900,12.8500,12.3300,12.7500,12.4900,1535650,19215068.0000,3,0.381848,1,2.081667,4.986439,373.180356,11.054066,119.098446,0,2.081665332265814
2019-01-10,sh.603318,12.7000,12.7500,12.3900,12.4600,12.7500,1069300,13364045.0000,3,0.265888,1,-2.274509,4.873022,364.692333,10.802640,116.389540,0,-2.274509803921565
2019-01-11,sh.603318,12.4400,12.5200,12.2500,12.4900,12.4600,1253100,15518580.0000,3,0.311591,1,0.240768,4.884754,365.570404,10.828650,116.669771,0,0.24077046548955927
2019-01-14,sh.603318,12.4600,12.5000,12.3400,12.4500,12.4900,1793600,22317512.0000,3,0.445989,1,-0.320256,4.869111,364.399642,10.793970,116.296129,0,-0.32025620496397567
2019-01-15,sh.603318,12.4600,12.7500,12.3400,12.7500,12.4500,1262400,15796869.0000,3,0.313903,1,2.409640,4.986439,373.180356,11.054066,119.098446,0,2.4096385542168752
2019-01-16,sh.603318,12.7400,12.8100,12.6100,12.7000,12.7500,857100,10897292.0000,3,0.213123,1,-0.392158,4.966884,371.716904,11.010717,118.631393,0,-0.39215686274510775
2019-01-17,sh.603318,12.6800,12.8200,12.5300,12.6000,12.7000,1164104,14777910.0000,3,0.289461,1,-0.787397,4.927775,368.789999,10.924018,117.697287,0,-0.7874015748031482
2019-01-18,sh.603318,12.6100,12.7800,12.5500,12.7000,12.6000,745104,9406087.0000,3,0.185274,1,0.793646,4.966884,371.716904,11.010717,118.631393,0,0.7936507936507908
2019-01-21,sh.603318,12.7100,12.7600,12.5500,12.7100,12.7000,448400,5668345.0000,3,0.111497,1,0.078742,4.970795,372.009594,11.019387,118.724803,0,0.07874015748032814
2019-01-22,sh.603318,12.6700,12.7100,12.5600,12.6100,12.7100,234600,2957550.0000,3,0.058335,1,-0.786785,4.931686,369.082690,10.932688,117.790698,0,-0.7867820613690069
2019-01-23,sh.603318,12.5700,12.6500,12.3000,12.5700,12.6100,713000,8896748.0000,3,0.177292,1,-0.317208,4.916042,367.911928,10.898009,117.417056,0,-0.3172085646312328
2019-01-24,sh.603318,12.5900,12.7000,12.4600,12.6000,12.5700,755800,9496337.0000,3,0.187934,1,0.238669,4.927775,368.789999,10.924018,117.697287,0,0.23866348448686736
2019-01-25,sh.603318,12.6000,12.6700,12.5100,12.5900,12.6000,881000,11089996.0000,3,0.219066,1,-0.079367,4.923864,368.497309,10.915348,117.603877,0,-0.07936507936507908
2019-01-28,sh.603318,12.6800,12.6800,12.3100,12.3600,12.5900,1274000,15835755.0000,3,0.316788,1,-1.826851,4.833912,361.765428,10.715942,115.455434,0,-1.8268467037331204
2019-01-29,sh.603318,12.3500,12.5700,11.2900,12.4800,12.3600,1036751,12696600.0000,3,0.257794,1,0.970873,4.880843,365.277713,10.819980,116.576361,0,0.9708737864077666
2019-01-30,sh.603318,12.4400,12.5800,12.0000,12.3900,12.4800,1202400,14702397.0000,3,0.298984,1,-0.721148,4.845645,362.643499,10.741951,115.735666,0,-0.7211538461538436
2019-01-31,sh.603318,12.3900,12.4400,12.2000,12.2000,12.3900,955900,11753936.0000,3,0.237690,1,-1.533499,4.771337,357.082380,10.577224,113.960866,0,-1.5334947538337418
2019-02-01,sh.603318,12.2500,12.3100,12.1100,12.2200,12.2000,1328600,16218215.0000,3,0.330364,1,0.163938,4.779159,357.667761,10.594564,114.147687,0,0.16393442622952836
2019-02-11,sh.603318,12.2200,12.4900,12.1900,12.4900,12.2200,832800,10253586.0000,3,0.207081,1,2.209488,4.884754,365.570404,10.828650,116.669771,0,2.209492635024546
2019-02-12,sh.603318,12.4800,12.5200,12.3200,12.5000,12.4900,934500,11616556.0000,3,0.232369,1,0.080066,4.888665,365.863094,10.837320,116.763182,0,0.08006405124099114
2019-02-13,sh.603318,12.4900,12.6800,12.3200,12.6800,12.5000,1722000,21408571.0000,3,0.428185,1,1.440002,4.959062,371.131523,10.993377,118.444572,0,1.4399999999999968
2019-02-14,sh.603318,12.5900,12.8000,12.5500,12.7500,12.6800,1861509,23558424.0000,3,0.462875,1,0.552048,4.986439,373.180356,11.054066,119.098446,0,0.5520504731861164
2019-02-15,sh.603318,12.6900,12.7600,12.5000,12.6000,12.7500,1363300,17174348.0000,3,0.338993,1,-1.176468,4.927775,368.789999,10.924018,117.697287,0,-1.176470588235301
2019-02-18,sh.603318,12.5900,12.7700,12.4800,12.7000,12.6000,3614159,45558613.0000,3,0.898682,1,0.793646,4.966884,371.716904,11.010717,118.631393,0,0.7936507936507908
2019-02-19,sh.603318,12.6800,12.6800,12.3000,12.3100,12.7000,3384826,42180010.0000,3,0.841657,1,-3.070862,4.814358,360.301975,10.672592,114.988382,0,-3.070866141732276
2019-02-20,sh.603318,12.2800,12.4200,12.0200,12.3800,12.3100,3655000,44470144.0000,3,0.908837,1,0.568641,4.841734,362.350809,10.733281,115.642255,0,0.5686433793663737
2019-02-21,sh.603318,13.0000,13.0000,12.3700,12.3700,12.3800,4717951,59798492.0000,3,1.173146,1,-0.080777,4.837823,362.058118,10.724612,115.548845,0,-0.08077544426495775
2019-02-22,sh.603318,12.2700,12.7900,12.0300,12.7000,12.3700,3398326,42203183.0000,3,0.845014,1,2.667744,4.966884,371.716904,11.010717,118.631393,0,2.667744543249806
2019-02-25,sh.603318,12.7700,13.9700,12.7700,13.9500,12.7000,7338370,98526553.0000,3,1.824729,1,9.842520,5.455750,408.303213,12.094449,130.307711,0,9.842519685039374
2019-02-26,sh.603318,14.4000,14.4000,13.2400,13.2700,13.9500,7859700,107966004.0000,3,1.954360,1,-4.874547,5.189807,388.400261,11.504899,123.955794,0,-4.874551971326158
2019-02-27,sh.603318,13.2600,13.5800,12.8100,13.3000,13.2700,4720021,61919143.0000,3,1.173661,1,0.226072,5.201540,389.278332,11.530908,124.236026,0,0.22607385079127518
2019-02-28,sh.603318,13.1000,13.4500,13.1000,13.1800,13.3000,2657677,35227565.0000,3,0.660847,1,-0.902255,5.154609,385.766047,11.426870,123.115099,0,-0.9022556390977488
2019-03-01,sh.603318,13.1800,13.5800,13.1200,13.5700,13.1800,3716562,49765698.0000,3,0.924145,1,2.959024,5.307135,397.180975,11.764994,126.758110,0,2.959028831562982
2019-03-04,sh.603318,13.6300,13.7300,13.0800,13.2400,13.5700,8013153,107633858.0000,3,1.992517,1,-2.431834,5.178074,387.522190,11.478889,123.675562,0,-2.4318349299926267
2019-03-05,sh.603318,13.1500,13.6800,12.9100,13.6300,13.2400,9970065,131188813.0000,3,2.479115,1,2.945622,5.330601,398.937118,11.817013,127.318574,0,2.945619335347427
2019-03-06,sh.603318,13.5000,13.6700,13.3600,13.5400,13.6300,4694545,63685721.0000,3,1.167326,1,-0.660309,5.295402,396.302904,11.738985,126.477879,0,-0.6603081438004477
2019-03-07,sh.603318,13.5700,14.3000,13.5600,14.1800,13.5400,9261912,129967947.0000,3,2.303029,1,4.726738,5.545702,415.035094,12.293855,132.456154,0,4.726735598227472
2019-03-08,sh.603318,14.0800,14.4600,13.7600,14.1600,14.1800,6312740,89452106.0000,3,1.569700,1,-0.141047,5.537880,414.449713,12.276516,132.269332,0,-0.14104372355430161
2019-03-11,sh.603318,14.2100,14.8700,14.2100,14.7000,14.1600,6016450,87735038.0000,3,1.496025,1,3.813559,5.749070,430.254999,12.744688,137.313502,0,3.813559322033888
2019-03-12,sh.603318,14.7100,15.6100,14.7100,15.6100,14.7000,14312362,216818402.0000,3,3.558852,1,6.190475,6.104965,456.889832,13.533645,145.813862,0,6.190476190476191
2019-03-13,sh.603318,15.5800,15.9000,15.1400,15.2300,15.6100,9119516,141011095.0000,3,2.267621,1,-2.434338,5.956350,445.767594,13.204190,142.264261,0,-2.43433696348494
2019-03-14,sh.603318,15.1300,15.7000,15.1300,15.5700,15.2300,4390672,67570959.0000,3,1.091766,1,2.232437,6.089321,455.719070,13.498965,145.440219,0,2.2324359816152217
2019-03-15,sh.603318,15.5200,15.8200,15.5200,15.7200,15.5700,3727365,58450226.0000,3,0.926831,1,0.963395,6.147985,460.109428,13.629013,146.841378,0,0.9633911368015502
2019-03-18,sh.603318,15.7200,16.4900,15.7200,15.8500,15.7200,6261706,100743754.0000,3,1.557010,1,0.826973,6.198828,463.914404,13.741721,148.055715,0,0.8269720101781175
2019-03-19,sh.603318,15.9000,16.1500,15.3100,15.5000,15.8500,7672600,119471735.0000,3,1.907837,1,-2.208204,6.061945,453.670237,13.438276,144.786346,0,-2.208201892744477
2019-03-20,sh.603318,15.2400,15.8000,15.1800,15.4200,15.5000,10436016,161759016.0000,3,2.594976,1,-0.516128,6.030657,451.328713,13.368918,144.039061,0,-0.5161290322580614
2019-03-21,sh.603318,15.4300,16.9000,15.3900,16.7500,15.4200,12620545,202081390.0000,3,3.138172,1,8.625162,6.550811,490.256547,14.522008,156.462664,0,8.625162127107643
2019-03-22,sh.603318,16.4000,16.8500,16.3300,16.7100,16.7500,7055300,117362591.0000,3,1.754342,1,-0.238811,6.535168,489.085785,14.487329,156.089022,0,-0.23880597014924732
2019-03-25,sh.603318,16.7000,17.1000,16.3500,16.8700,16.7100,6343000,106140251.0000,3,1.577224,1,0.957521,6.597743,493.768832,14.626047,157.583590,0,0.957510472770795
2019-03-26,sh.603318,16.8700,16.9600,16.5700,16.8400,16.8700,4143762,69328010.0000,3,1.030371,1,-0.177835,6.586010,492.890761,14.600037,157.303359,0,-0.1778304682869103
2019-03-27,sh.603318,17.3300,18.1500,17.2900,17.7800,16.8400,8177089,144685560.0000,3,2.033281,1,5.581951,6.953637,520.403666,15.415004,166.083950,0,5.581947743467941
2019-03-28,sh.603318,17.7700,17.8700,17.3300,17.5400,17.7800,2868700,50516540.0000,3,0.713319,1,-1.349830,6.859775,513.379094,15.206927,163.842097,0,-1.3498312710911287
2019-03-29,sh.603318,17.5000,18.0500,17.0000,18.0000,17.5400,5844250,103314544.0000,3,1.453207,1,2.622571,7.039678,526.842856,15.605740,168.138982,0,2.6225769669327326
2019-04-01,sh.603318,18.0000,19.1200,17.9000,18.9200,18.0000,6545895,121479868.0000,3,1.627675,1,5.111112,7.399484,553.770380,16.403367,176.732752,0,5.111111111111111
2019-04-02,sh.603318,18.9500,19.3200,18.3000,18.5400,18.9200,7156091,133807720.0000,3,1.779404,1,-2.008452,7.250868,542.648142,16.073913,173.183151,0,-2.008456659619462
2019-04-03,sh.603318,18.3200,19.5500,18.2100,19.5500,18.5400,4444779,83692969.0000,3,1.105220,1,5.447671,7.645872,572.209880,16.949568,182.617616,0,5.447680690399137
2019-04-04,sh.603318,19.5500,20.1700,19.5000,20.1500,19.5500,7385357,147261228.0000,3,1.836412,1,3.069056,7.880528,589.771308,17.469759,188.222249,0,3.069053708439884
2019-04-08,sh.603318,20.3700,22.0000,20.3700,21.8000,20.1500,8475550,179272460.0000,3,2.107495,1,8.188583,8.525832,638.065237,18.900286,203.634989,0,8.188585607940468
2019-04-09,sh.603318,22.4800,22.5500,20.4100,22.5500,21.8000,11814397,254294741.0000,3,2.937719,1,3.440367,8.819152,660.017022,19.550525,210.640780,0,3.4403669724770714
2019-04-10,sh.603318,22.7000,22.7500,21.1700,21.3000,22.5500,13961888,304763396.0000,3,3.471705,1,-5.543238,8.330286,623.430713,18.466793,198.964462,0,-5.543237250554323
2019-04-11,sh.603318,21.0800,21.0800,20.4800,20.5300,21.3000,5729423,118157827.0000,3,1.424655,1,-3.615017,8.029144,600.893546,17.799214,191.771850,0,-3.6150234741784026
2019-04-12,sh.603318,20.6200,21.8800,20.2000,20.7400,20.5300,8317365,174981786.0000,3,2.068161,1,1.022889,8.111273,607.040046,17.981281,193.733471,0,1.0228933268387586
2019-04-15,sh.603318,21.0800,22.8100,21.0000,22.8100,20.7400,16106695,356396487.0000,3,4.005024,1,9.980712,8.920836,667.626975,19.775941,213.069454,0,9.980713596914171
2019-04-16,sh.603318,23.1200,25.0900,23.1200,24.9900,22.8100,15937719,386555676.0000,3,3.963007,1,9.557214,9.773420,731.433498,21.665970,233.432953,0,9.557211749232785
2019-04-17,sh.603318,24.5300,26.8000,24.0100,26.4000,24.9900,13491072,343685317.0000,3,3.354634,1,5.642257,10.324861,772.702855,22.888419,246.603840,0,5.6422569027611
2019-04-18,sh.603318,26.8000,26.8000,24.5500,24.8500,26.4000,11841253,301925069.0000,3,2.944397,1,-5.871210,9.718667,727.335832,21.544592,232.125206,0,-5.8712121212121104
2019-04-19,sh.603318,25.0100,25.9400,24.3500,24.7000,24.8500,5740526,142944501.0000,3,1.427415,1,-0.603620,9.660003,722.945475,21.414544,230.724047,0,-0.6036217303822977
2019-04-22,sh.603318,24.7600,24.9900,22.9500,23.9300,24.7000,11853545,279439277.0000,3,2.947453,1,-3.117411,9.358861,700.408308,20.746965,223.531435,0,-3.1174089068825905
2019-04-23,sh.603318,24.0800,26.0200,23.2900,26.0000,23.9300,12275848,299664698.0000,3,3.052461,1,8.650229,10.168424,760.995236,22.541625,242.867418,0,8.650229837024659
2019-04-24,sh.603318,25.9800,25.9800,24.7000,24.9000,26.0000,7118200,178540215.0000,3,1.769982,1,-4.230771,9.738221,728.799284,21.587941,232.592258,0,-4.230769230769238
2019-04-25,sh.603318,24.8600,25.3000,24.0000,24.0000,24.9000,4257427,104649410.0000,3,1.058634,1,-3.614456,9.386237,702.457141,20.807654,224.185309,0,-3.6144578313252906
2019-04-26,sh.603318,24.0000,24.9300,23.7000,24.1900,24.0000,4405590,107696139.0000,3,1.095476,1,0.791669,9.460545,708.018260,20.972381,225.960110,0,0.7916666666666794
2019-04-29,sh.603318,24.2600,24.6000,23.6500,24.1100,24.1900,5304487,127795920.0000,3,1.318992,1,-0.330715,9.510312,2218.989572,23.007404,-62.409805,0,-0.3307151715585044
2019-04-30,sh.603318,23.9000,24.1200,23.0000,24.1200,24.1100,4485100,105415570.0000,3,1.115246,1,0.041478,9.757294,-320.070496,30.740769,-43.328397,0,0.041476565740361515
2019-05-06,sh.603318,23.4500,23.5000,22.1600,23.2800,24.1200,5323200,120119792.0000,3,1.323645,1,-3.482588,9.417488,-308.923762,29.670195,-41.819448,0,-3.482587064676612
2019-05-07,sh.603318,23.2500,24.5000,22.6500,23.9000,23.2800,6733700,160575506.0000,3,1.674374,1,2.663225,9.668297,-317.151114,30.460380,-42.933196,0,2.6632302405498187
2019-05-08,sh.603318,24.0000,24.3000,23.1100,24.1000,23.9000,3065800,72838351.0000,3,0.762329,1,0.836823,9.749203,-319.805098,30.715279,-43.292470,0,0.8368200836820217
2019-05-09,sh.603318,23.9700,24.4800,23.9000,23.9000,24.1000,4183100,100834647.0000,3,1.040152,1,-0.829879,9.668297,-317.151114,30.460380,-42.933196,0,-0.8298755186722073
2019-05-10,sh.603318,23.9100,24.9900,23.5200,24.3600,23.9000,4880048,119483506.0000,3,1.213452,1,1.924690,9.854381,-323.255277,31.046647,-43.759525,0,1.9246861924686165
2019-05-13,sh.603318,24.4000,24.9500,24.1700,24.8600,24.3600,4995326,123302876.0000,3,1.242117,1,2.052545,10.056647,-329.890238,31.683893,-44.657709,0,2.052545155993424
2019-05-14,sh.603318,24.6800,24.9300,24.0500,24.3900,24.8600,3322407,81136650.0000,3,0.826136,1,-1.890592,9.866517,-323.653375,31.084882,-43.813416,0,-1.8905872888173691
2019-05-15,sh.603318,24.5000,24.7300,23.2800,23.5900,24.3900,4427671,105572346.0000,3,1.100966,1,-3.280030,9.542892,-313.037438,30.065288,-42.376322,0,-3.2800328003280033
2019-05-16,sh.603318,23.4000,24.1100,23.1100,23.7100,23.5900,5508171,130847569.0000,3,1.369639,1,0.508686,9.591436,-314.629829,30.218227,-42.591886,0,0.5086901229334417
2019-05-17,sh.603318,23.7200,26.0800,23.4200,26.0800,23.7100,21293113,528603863.0000,3,5.294657,1,9.995786,10.550175,-346.079541,33.238775,-46.849278,0,9.995782370307872
2019-05-20,sh.603318,27.0000,27.7000,25.4000,26.5900,26.0800,10481040,275216428.0000,3,2.606172,1,1.955522,10.756486,-352.847201,33.888766,-47.765426,0,1.9555214723926406
2019-05-21,sh.603318,26.7100,27.2000,25.8800,26.2800,26.5900,9529400,252896084.0000,3,2.369541,1,-1.165850,10.631081,-348.733526,33.493673,-47.208552,0,-1.1658518239939797
2019-05-22,sh.603318,25.9900,25.9900,24.7000,24.7000,26.2800,4917250,123723959.0000,3,1.222703,1,-6.012176,9.991922,-327.767050,31.479975,-44.370290,0,-6.012176560121773
2019-05-23,sh.603318,24.7000,24.7500,23.9100,24.0000,24.7000,4202500,101632431.0000,3,1.044976,1,-2.834011,9.708750,-318.478106,30.587830,-43.112833,0,-2.8340080971659853
2019-05-24,sh.603318,24.1700,25.0500,23.5700,24.6500,24.0000,5985400,143856673.0000,3,1.488305,1,2.708332,9.971695,-327.103554,31.416250,-44.280472,0,2.708333333333335
2019-05-27,sh.603318,24.5000,24.5000,23.0800,23.7900,24.6500,7078000,167268094.0000,3,1.759986,1,-3.488839,9.623798,-315.691422,30.320186,-42.735595,0,-3.488843813387421
2019-05-28,sh.603318,23.8000,24.0900,23.3800,23.9300,23.7900,6143183,146480180.0000,3,1.527538,1,0.588480,9.680433,-317.549211,30.498615,-42.987087,0,0.5884825556956796
2019-05-29,sh.603318,23.8000,24.1400,23.4000,23.5900,23.9300,6346200,150833060.0000,3,1.578020,1,-1.420811,9.542892,-313.037438,30.065288,-42.376322,0,-1.4208106978687796
2019-05-30,sh.603318,23.5000,23.6000,22.6000,22.8300,23.5900,2940542,67306330.0000,3,0.731183,1,-3.221705,9.235448,-302.952298,29.096673,-41.011082,0,-3.2217041119118384
2019-05-31,sh.603318,22.8900,23.8000,22.6500,23.6000,22.8300,6968080,162479254.0000,3,1.732654,1,3.372757,9.546938,-313.170137,30.078032,-42.394286,0,3.372755146736761
2019-06-03,sh.603318,23.6300,23.9500,23.0000,23.3800,23.6000,2672963,63001276.0000,3,0.664648,1,-0.932208,9.457941,-310.250755,29.797644,-41.999085,0,-0.9322033898305215
2019-06-04,sh.603318,23.4600,23.6000,23.1200,23.4000,23.3800,1449000,33952263.0000,3,0.360302,1,0.085545,9.466031,-310.516153,29.823134,-42.035012,0,0.08554319931566301
2019-06-05,sh.603318,23.5000,23.7900,23.1300,23.1300,23.4000,3154138,74021684.0000,3,0.784295,1,-1.153848,9.356808,-306.933274,29.479021,-41.549993,0,-1.1538461538461497
2019-06-06,sh.603318,23.3200,23.3300,20.8200,20.8200,23.1300,5181809,112631448.0000,3,1.288487,1,-9.987028,8.422341,-276.279757,26.534942,-37.400382,0,-9.987029831387806
2019-06-10,sh.603318,20.0300,20.6500,19.8900,20.0100,20.8200,6283100,126246779.0000,3,1.562330,1,-3.890488,8.094670,-265.531121,25.502603,-35.945324,0,-3.890489913544659
2019-06-11,sh.603318,20.2000,20.9000,19.5000,20.7600,20.0100,10440713,209777440.0000,3,2.596144,1,3.748126,8.398069,-275.483561,26.458473,-37.292600,0,3.748125937031488
2019-06-12,sh.603318,20.7000,21.5000,20.1600,21.0300,20.7600,6084280,126213994.0000,3,1.512892,1,1.300580,8.507292,-279.066440,26.802586,-37.777620,0,1.3005780346820872
2019-06-13,sh.603318,20.5000,20.9000,20.2000,20.7100,21.0300,2806117,57889526.0000,3,0.697757,1,-1.521643,8.377842,-274.820065,26.394748,-37.202782,0,-1.5216357584403206
2019-06-14,sh.603318,20.6900,20.8400,19.8100,20.1500,20.7100,3594057,73190231.0000,3,0.893683,1,-2.704005,8.151305,-267.388910,25.681032,-36.196816,0,-2.704007725736368
2019-06-17,sh.603318,20.1400,20.1500,19.0300,19.7900,20.1500,3925063,76951460.0000,3,0.975990,1,-1.786594,8.005673,-262.611738,25.222214,-35.550123,0,-1.7866004962779125
2019-06-18,sh.603318,19.9700,20.0000,19.4000,19.4700,19.7900,1580709,31151949.0000,3,0.393053,1,-1.616986,7.876223,-258.365363,24.814377,-34.975286,0,-1.6169782718544745
2019-06-19,sh.603318,19.9900,21.2000,19.7000,20.6800,19.4700,5335807,108840385.0000,3,1.326780,1,6.214694,8.365706,-274.421968,26.356513,-37.148891,0,6.214689265536721
2019-06-20,sh.603318,20.8000,22.4200,20.1700,22.1300,20.6800,8702200,185649830.0000,3,2.163853,1,7.011600,8.952277,-293.663353,28.204528,-39.753625,0,7.011605415860722
2019-06-21,sh.603318,22.0600,22.4700,21.8300,22.1700,22.1300,4731063,105087110.0000,3,1.176406,1,0.180754,8.968458,-294.194150,28.255508,-39.825479,0,0.18075011296883048
2019-06-24,sh.603318,22.4000,23.3000,22.1000,23.0000,22.1700,6852463,156806180.0000,3,1.703905,1,3.743798,9.304219,-305.208185,29.313337,-41.316465,0,3.743797925124026
2019-06-25,sh.603318,23.0800,23.0800,22.4000,22.8400,23.0000,2561500,58255041.0000,3,0.636932,1,-0.695651,9.239494,-303.084997,29.109418,-41.029046,0,-0.6956521739130417
2019-06-26,sh.603318,22.8400,24.7700,22.6100,24.2000,22.8400,6791203,159937701.0000,3,1.688672,1,5.954469,9.789656,-321.132090,30.842728,-43.472106,0,5.954465849387036
2019-06-27,sh.603318,24.0000,24.0000,22.6000,22.6000,24.2000,4402700,101964142.0000,3,1.094757,1,-6.611571,9.142406,-299.900216,28.803540,-40.597918,0,-6.611570247933873
2019-06-28,sh.603318,22.8500,22.8500,21.6500,22.1000,22.6000,3661423,80348716.0000,3,0.910434,1,-2.212389,8.940141,-293.265256,28.166293,-39.699734,0,-2.212389380530977
2019-07-01,sh.603318,22.3500,24.3100,22.3500,24.3100,22.1000,5744657,134497941.0000,3,1.428443,1,9.999995,9.834155,-322.591781,30.982922,-43.669707,0,9.999999999999986
2019-07-02,sh.603318,24.3100,24.4000,23.0800,23.3100,24.3100,6337950,148875925.0000,3,1.575968,1,-4.113533,9.429623,-309.321860,29.708429,-41.873339,0,-4.11353352529823
2019-07-03,sh.603318,23.3900,23.7400,22.5800,23.1500,23.3100,5045237,116057451.0000,3,1.254528,1,-0.686400,9.364898,-307.198673,29.504511,-41.585920,0,-0.68640068640069
2019-07-04,sh.603318,23.2200,23.5800,22.5800,22.9700,23.1500,5304790,121864565.0000,3,1.319067,1,-0.777539,9.292083,-304.810087,29.275102,-41.262574,0,-0.7775377969762354
2019-07-05,sh.603318,22.8200,23.1600,21.8100,22.5800,22.9700,9063800,201444750.0000,3,2.253767,1,-1.697864,9.134316,-299.634818,28.778050,-40.561990,0,-1.6978667827601268
2019-07-08,sh.603318,22.4000,22.5600,21.6500,22.1700,22.5800,5114100,113060424.0000,3,1.271651,1,-1.815766,8.968458,-294.194150,28.255508,-39.825479,0,-1.8157661647475454
2019-07-09,sh.603318,22.0000,22.2900,21.6800,22.0900,22.1700,3299100,72134608.0000,3,0.820340,1,-0.360848,8.936095,-293.132556,28.153548,-39.681770,0,-0.36084799278305324
2019-07-10,sh.603318,22.0900,22.2000,21.7100,21.8400,22.0900,1548200,34074696.0000,3,0.384969,1,-1.131734,8.834963,-289.815076,27.834925,-39.232678,0,-1.131733816206426
2019-07-11,sh.603318,22.0400,23.4700,22.0400,23.1100,21.8400,4505200,103676741.0000,3,1.120244,1,5.815020,9.348717,-306.667876,29.453531,-41.514065,0,5.815018315018317
2019-07-12,sh.603318,23.1000,23.9500,22.9400,23.2000,23.1100,3833800,89351788.0000,3,0.953297,1,0.389442,9.385125,-307.862169,29.568235,-41.675738,0,0.38944180008653184
2019-07-15,sh.603318,23.3800,24.2700,23.3700,23.7500,23.2000,4299200,102738315.0000,3,1.069021,1,2.370686,9.607617,-315.160625,30.269206,-42.663741,0,2.37068965517242
2019-07-16,sh.603318,23.9000,23.9000,22.9900,23.1000,23.7500,2789371,64942170.0000,3,0.693593,1,-2.736840,9.344672,-306.535177,29.440786,-41.496102,0,-2.7368421052631486
2019-07-17,sh.603318,23.1000,23.5300,23.1000,23.3400,23.1000,1785200,41666626.0000,3,0.443900,1,1.038960,9.441759,-309.719958,29.746664,-41.927230,0,1.0389610389610393
2019-07-18,sh.603318,23.4400,23.6000,22.8100,22.9000,23.3400,3921300,90094272.0000,3,0.975054,1,-1.885178,9.263766,-303.881192,29.185887,-41.136828,0,-1.8851756640959727
2019-07-19,sh.603318,23.0500,24.5400,23.0500,23.6400,22.9000,7988839,192886847.0000,3,1.986471,1,3.231440,9.563119,-313.700934,30.129012,-42.466140,0,3.2314410480349443
2019-07-22,sh.603318,23.8700,24.3500,22.6100,22.9800,23.6400,4286096,99127437.0000,3,1.065763,1,-2.791878,9.296128,-304.942786,29.287847,-41.280537,0,-2.7918781725888353
2019-07-23,sh.603318,22.9800,23.1600,22.5200,22.6700,22.9800,3211100,72949010.0000,3,0.798459,1,-1.348997,9.170723,-300.829111,28.892754,-40.723663,0,-1.3489991296779746
2019-07-24,sh.603318,22.7800,24.9400,22.6700,24.9400,22.6700,9382376,228818618.0000,3,2.332983,1,10.013240,10.089009,-330.951831,31.785853,-44.801419,0,10.013233348037055
2019-07-25,sh.603318,24.6600,24.8700,23.8000,24.4000,24.9400,6573038,158696602.0000,3,1.634424,1,-2.165200,9.870563,-323.786074,31.097627,-43.831380,0,-2.165196471531683
2019-07-26,sh.603318,24.6000,24.6000,24.0900,24.1700,24.4000,3120600,75704908.0000,3,0.776000,1,-0.942600,9.777520,-320.733992,30.804493,-43.418215,0,-0.9426229508196604
2019-07-29,sh.603318,24.3000,25.8000,24.3000,24.7600,24.1700,6237300,155063802.0000,3,1.550941,1,2.441043,10.016194,-328.563246,31.556444,-44.478072,0,2.4410426148117503
2019-07-30,sh.603318,24.8100,25.1700,24.2000,24.8200,24.7600,3935750,96970816.0000,3,0.978600,1,0.242300,10.040466,-329.359441,31.632914,-44.585855,0,0.24232633279481774
2019-07-31,sh.603318,24.8100,24.8200,24.1500,24.3400,24.8200,2309400,56193005.0000,3,0.574200,1,-1.933900,9.846291,-322.989879,31.021157,-43.723598,0,-1.9339242546333568
2019-08-01,sh.603318,24.3000,24.8900,23.9700,24.6500,24.3400,3638500,88830060.0000,3,0.904700,1,1.273600,9.971695,-327.103554,31.416250,-44.280472,0,1.2736236647493682
2019-08-02,sh.603318,24.4900,24.4900,24.1000,24.3000,24.6500,1626600,39527821.0000,3,0.404500,1,-1.419900,9.830109,-322.459082,30.970177,-43.651743,0,-1.4198782961460377
2019-08-05,sh.603318,24.3000,25.1000,23.9800,24.1800,24.3000,1988800,48455946.0000,3,0.494500,1,-0.493800,9.781566,-320.866691,30.817238,-43.436179,0,-0.4938271604938316
2019-08-06,sh.603318,23.9800,24.8000,23.2000,24.5000,24.1800,3494500,83898774.0000,3,0.868900,1,1.323400,9.911016,-325.113066,31.225076,-44.011017,0,1.3234077750206685
2019-08-07,sh.603318,24.6600,24.6600,23.9000,24.0700,24.5000,2165958,52321520.0000,3,0.538600,1,-1.755100,9.737067,-319.407000,30.677044,-43.238579,0,-1.7551020408163254
2019-08-08,sh.603318,24.1400,24.5000,23.5500,24.1100,24.0700,3748458,89897464.0000,3,0.932100,1,0.166200,9.753248,-319.937797,30.728024,-43.310433,0,0.16618196925632933
2019-08-09,sh.603318,24.1800,24.4800,23.8500,23.9900,24.1100,1423000,34284469.0000,3,0.353800,1,-0.497700,9.704705,-318.345406,30.575085,-43.094869,0,-0.49771878888428267
2019-08-12,sh.603318,23.9900,24.1700,23.7300,24.0300,23.9900,2271684,54352714.0000,3,0.564900,1,0.166700,9.720886,-318.876203,30.626064,-43.166724,0,0.16673614005837667
2019-08-13,sh.603318,23.9700,24.0800,23.5900,23.9300,24.0300,1775600,42235125.0000,3,0.441500,1,-0.416100,9.680433,-317.549211,30.498615,-42.987087,0,-0.4161464835622186
2019-08-14,sh.603318,24.1000,24.7000,24.1000,24.3400,23.9300,3916042,95446254.0000,3,0.973700,1,1.713300,10.023684,-146.536285,35.381184,-78.119368,0,1.7133305474300142
2019-08-15,sh.603318,24.0600,24.5500,23.8000,24.2700,24.3400,2688600,65151510.0000,3,0.668500,1,-0.287600,9.994857,-146.114858,35.279430,-77.894702,0,-0.2875924404272867
2019-08-16,sh.603318,24.2900,24.6000,24.0000,24.4000,24.2700,3165600,76769209.0000,3,0.787100,1,0.535600,10.048393,-146.897508,35.468401,-78.311938,0,0.5356407086938519
2019-08-19,sh.603318,24.3200,24.4500,23.9800,24.2900,24.4000,2865900,69494419.0000,3,0.712600,1,-0.450800,10.003093,-146.235266,35.308502,-77.958892,0,-0.45081967213114194
2019-08-20,sh.603318,24.4200,24.9700,24.0000,24.2500,24.2900,4676150,113490859.0000,3,1.162800,1,-0.164700,9.986620,-145.994450,35.250358,-77.830512,0,-0.16467682173734177
2019-08-21,sh.603318,24.1500,24.2000,23.5200,23.6000,24.2500,2648900,62658806.0000,3,0.658700,1,-2.680400,9.718938,-142.081197,34.305503,-75.744333,0,-2.680412371134011
2019-08-22,sh.603318,23.6000,24.1000,23.0400,23.8100,23.6000,3576550,84082169.0000,3,0.889300,1,0.889800,9.805420,-143.345478,34.610763,-76.418330,0,0.8898305084745539
2019-08-23,sh.603318,23.8400,24.1800,23.6500,23.9100,23.8100,2939808,70214736.0000,3,0.731000,1,0.420000,9.846602,-143.947517,34.756126,-76.739280,0,0.4199916001680126
2019-08-26,sh.603318,23.6800,23.9300,23.3100,23.5900,23.9100,1856103,43963105.0000,3,0.461500,1,-1.338400,9.714820,-142.020993,34.290966,-75.712238,0,-1.3383521539104937
2019-08-27,sh.603318,23.7000,24.4800,23.6000,24.1300,23.5900,2945600,70830073.0000,3,0.732400,1,2.289100,9.937202,-145.272003,35.075923,-77.445371,0,2.289105553200499
2019-08-28,sh.603318,24.3000,24.3000,23.8800,24.0900,24.1300,966003,23191953.0000,3,0.240200,1,-0.165800,9.920729,-145.031188,35.017778,-77.316991,0,-0.16576875259013413
2019-08-29,sh.603318,24.1600,24.4800,24.0000,24.0500,24.0900,1392100,33597038.0000,3,0.346200,1,-0.166000,9.904256,-144.790372,34.959633,-77.188611,0,-0.16604400166043698
2019-08-30,sh.603318,24.0600,24.2400,23.8800,24.0800,24.0500,1268500,30484657.0000,3,0.315400,1,0.124700,9.916611,-144.970984,35.003242,-77.284896,0,0.1247401247401081
2019-09-02,sh.603318,24.2000,24.4700,23.8600,24.3400,24.0800,3119574,75344761.0000,3,0.775700,1,1.079700,10.023684,-146.536285,35.381184,-78.119368,0,1.0797342192691017
2019-09-03,sh.603318,24.4000,24.5700,24.2400,24.4000,24.3400,2005600,48875454.0000,3,0.498700,1,0.246500,10.048393,-146.897508,35.468401,-78.311938,0,0.24650780608053147
2019-09-04,sh.603318,24.4100,24.5600,24.1400,24.4200,24.4000,1743549,42344245.0000,3,0.433500,1,0.082000,10.056630,-147.017916,35.497473,-78.376128,0,0.08196721311477528
2019-09-05,sh.603318,24.4600,26.5000,24.2400,25.5500,24.4200,6337529,158230846.0000,3,1.575900,1,4.627400,10.521986,-153.820957,37.140067,-82.002869,0,4.627354627354618
2019-09-06,sh.603318,25.5200,26.1800,25.0000,25.8100,25.5500,5314153,134808022.0000,3,1.321400,1,1.017600,10.629059,-155.386258,37.518009,-82.837341,0,1.0176125244618417
2019-09-09,sh.603318,26.1000,28.2300,25.8500,27.8400,25.8100,8239274,221179719.0000,3,2.048700,1,7.865200,11.465052,-167.607649,40.468864,-89.352637,0,7.86516853932584
2019-09-10,sh.603318,27.6300,28.1000,27.3000,27.8600,27.8400,2981850,82478806.0000,3,0.741500,1,0.071800,11.473288,-167.728057,40.497937,-89.416827,0,0.07183908045977905
2019-09-11,sh.603318,27.9000,28.8000,26.1700,27.0000,27.8600,7474142,201712551.0000,3,1.858500,1,-3.086900,11.119124,-162.550522,39.247821,-86.656653,0,-3.086862885857855
2019-09-12,sh.603318,26.7000,27.8900,26.5800,27.7400,27.0000,3366473,92420608.0000,3,0.837100,1,2.740700,11.423870,-167.005610,40.323502,-89.031687,0,2.7407407407407325
2019-09-16,sh.603318,27.9800,28.2000,27.3000,27.6800,27.7400,2071746,57145816.0000,3,0.515200,1,-0.216300,11.399161,-166.644387,40.236284,-88.839116,0,-0.21629416005767288
2019-09-17,sh.603318,27.7800,27.7800,27.2000,27.2400,27.6800,1319135,36122955.0000,3,0.328000,1,-1.589600,11.217960,-163.995415,39.596690,-87.426934,0,-1.5895953757225523
2019-09-18,sh.603318,27.3000,27.8700,27.1000,27.7200,27.2400,2487601,68596176.0000,3,0.618600,1,1.762100,11.415634,-166.885202,40.294429,-88.967497,0,1.7621145374449254
2019-09-19,sh.603318,27.7000,27.9600,27.2700,27.5300,27.7200,1984300,54695495.0000,3,0.493400,1,-0.685400,11.337388,-165.741328,40.018241,-88.357691,0,-0.6854256854256779
2019-09-20,sh.603318,27.5500,27.7600,27.2000,27.5600,27.5300,2900800,79628832.0000,3,0.721300,1,0.109000,11.349743,-165.921940,40.061850,-88.453976,0,0.10897203051216664
2019-09-23,sh.603318,27.5200,27.9900,27.2000,27.9900,27.5600,2548520,70422424.0000,3,0.633700,1,1.560200,11.526825,-168.510707,40.686908,-89.834063,0,1.5602322206095698
2019-09-24,sh.603318,28.0400,28.5900,27.6500,28.0400,27.9900,2458443,68876872.0000,3,0.611300,1,0.178600,11.547416,-168.811727,40.759589,-89.994538,0,0.17863522686674127
2019-09-25,sh.603318,28.1000,28.2800,27.4800,27.7800,28.0400,1806463,50070596.0000,3,0.449200,1,-0.927200,11.440343,-167.246426,40.381647,-89.160067,0,-0.9272467902995629
2019-09-26,sh.603318,27.8200,28.8800,27.6400,28.5300,27.7800,5662869,160630362.0000,3,1.408100,1,2.699800,11.749207,-171.761718,41.471864,-91.567196,0,2.699784017278617
2019-09-27,sh.603318,28.5800,29.0500,28.3600,28.8800,28.5300,3243900,93335936.0000,3,0.806600,1,1.226800,11.893344,-173.868854,41.980632,-92.690523,0,1.2267788293024884
2019-09-30,sh.603318,28.9000,29.5800,28.6100,29.2100,28.8800,3577875,104219485.0000,3,0.889700,1,1.142700,12.029245,-175.855583,42.460328,-93.749660,0,1.1426592797783908
2019-10-08,sh.603318,29.2500,31.0400,29.2500,30.6600,29.2100,5655780,171334959.0000,3,1.406300,1,4.964100,12.626383,-184.585148,44.568081,-98.403443,0,4.9640534063676744
2019-10-09,sh.603318,30.7800,30.8900,29.4800,30.1300,30.6600,5308600,158874539.0000,3,1.320000,1,-1.728600,12.408118,-181.394341,43.797661,-96.702405,0,-1.7286366601435121
2019-10-10,sh.603318,30.1500,30.8800,29.6000,30.5900,30.1300,3854185,115706997.0000,3,0.958400,1,1.526700,12.597555,-184.163721,44.466327,-98.178778,0,1.526717557251911
2019-10-11,sh.603318,30.6200,31.8800,30.5500,31.7000,30.5900,6671879,207970974.0000,3,1.659000,1,3.628600,13.054675,-190.846353,46.079849,-101.741329,0,3.6286368094148314
2019-10-14,sh.603318,31.6800,32.9000,31.5600,32.7700,31.7000,6007649,193823091.0000,3,1.493800,1,3.375400,13.495322,-197.288170,47.635225,-105.175500,0,3.375394321766567
2019-10-15,sh.603318,32.7700,33.5000,31.9700,32.0900,32.7700,3214000,104163865.0000,3,0.799200,1,-2.075100,13.215284,-193.194305,46.646762,-102.993036,0,-2.07506866036008
2019-10-16,sh.603318,32.2300,32.2800,30.6200,30.8300,32.0900,6063689,188770975.0000,3,1.507800,1,-3.926500,12.696392,-185.608614,44.815197,-98.949059,0,-3.926456840137127
2019-10-17,sh.603318,30.9600,31.3500,30.3700,30.9100,30.8300,2487068,76934045.0000,3,0.618400,1,0.259500,12.729337,-186.090245,44.931487,-99.205820,0,0.2594875121634921
2019-10-18,sh.603318,30.9600,31.7800,30.6400,31.2200,30.9100,3396015,105796685.0000,3,0.844400,1,1.002900,12.857002,-187.956566,45.382110,-100.200766,0,1.0029116790682524
2019-10-21,sh.603318,31.2500,31.4000,29.9000,30.3000,31.2200,2073800,63225059.0000,3,0.515700,1,-2.946800,12.478128,-182.417808,44.044777,-97.248021,0,-2.9468289557975647
2019-10-22,sh.603318,30.5800,30.9800,29.7100,29.8800,30.3000,1877306,56698124.0000,3,0.466800,1,-1.386100,12.305164,-179.889244,43.434255,-95.900029,0,-1.3861386138613874
2019-10-23,sh.603318,29.8800,30.2000,28.2800,29.7500,29.8800,5186098,151869794.0000,3,1.289600,1,-0.435100,12.251627,-179.106593,43.245284,-95.482793,0,-0.4350736278447065
2019-10-24,sh.603318,29.6900,29.7300,28.8300,29.2200,29.7500,1901272,55567751.0000,3,0.472800,1,-1.781500,12.033363,-175.915787,42.474864,-93.781755,0,-1.7815126050420238
2019-10-25,sh.603318,29.2300,30.4600,28.9800,29.8100,29.2200,3303021,98530246.0000,3,0.821300,1,2.019200,12.276336,-179.467817,43.332501,-95.675363,0,2.0191649555099334
2019-10-28,sh.603318,29.9000,30.3500,27.9900,28.0900,29.8100,5955771,171877366.0000,3,1.480900,1,-5.769900,11.568007,-169.112746,40.832270,-90.155014,0,-5.76987588057698
2019-10-29,sh.603318,28.1200,30.9000,28.0000,30.2600,28.0900,8489975,251987927.0000,3,2.111100,1,7.725200,12.461655,-182.176992,43.986632,-97.119641,0,7.725169099323614
2019-10-30,sh.603318,29.7800,29.7800,28.3700,29.0900,30.2600,3097405,89159436.0000,3,0.770200,1,-3.866500,11.979826,-175.133136,42.285893,-93.364519,0,-3.866490416391277
2019-10-31,sh.603318,28.6400,29.7600,28.2100,29.3600,29.0900,4435677,128328119.0000,3,1.103000,1,0.928200,12.358630,-163.212922,33.881260,-178.977930,0,0.9281540048126535
2019-11-01,sh.603318,29.0900,29.3200,27.4200,28.3000,29.3600,5233806,148267474.0000,3,1.301400,1,-3.610400,11.912439,-157.320357,32.658027,-172.516192,0,-3.610354223433243
2019-11-04,sh.603318,27.8000,27.8000,25.4700,26.5000,28.3000,7559300,193950973.0000,3,1.879700,1,-6.360400,11.154758,-147.314116,30.580838,-161.543431,0,-6.360424028268552
2019-11-05,sh.603318,25.3900,25.4000,23.8500,23.8500,26.5000,1209500,29149639.0000,3,0.300700,1,-10.000000,10.039282,-132.582704,27.522754,-145.389088,0,-9.999999999999998
2019-11-06,sh.603318,21.4700,21.4700,21.4700,21.4700,23.8500,956300,20531761.0000,3,0.237800,1,-9.979000,9.037458,-119.352229,24.776248,-130.880659,0,-9.979035639413002
2019-11-07,sh.603318,19.3200,19.3200,19.3200,19.3200,21.4700,274600,5305272.0000,3,0.068300,1,-10.014000,8.132450,-107.400329,22.295162,-117.774305,0,-10.013972985561237
2019-11-08,sh.603318,17.3900,18.2700,17.3900,17.3900,19.3200,52292827,910323825.0000,3,13.002900,1,-9.989600,7.299355,-96.398156,20.011228,-105.709415,0,-9.989648033126297
2019-11-11,sh.603318,15.6500,16.3000,15.6500,15.6500,17.3900,50394800,789412539.0000,3,12.531000,1,-10.005800,6.569000,-86.752797,18.008954,-95.132394,0,-10.005750431282346
2019-11-12,sh.603318,14.0900,14.0900,14.0900,14.0900,15.6500,12181000,171630290.0000,3,3.028900,1,-9.968000,5.914199,-78.105234,16.213813,-85.649549,0,-9.968051118210862
2019-11-13,sh.603318,13.0100,13.9900,12.6800,12.6800,14.0900,84107860,1098476909.0000,3,20.913900,1,-10.007100,5.322359,-70.289167,14.591281,-77.078515,0,-10.007097232079488
2019-11-14,sh.603318,12.7000,13.2800,12.3500,12.9500,12.6800,56773474,730647495.0000,3,14.117100,1,2.129300,5.435690,-71.785861,14.901978,-78.719777,0,2.1293375394321634
2019-11-15,sh.603318,12.7200,13.0800,12.1100,12.1600,12.9500,48909657,610807258.0000,3,12.161700,1,-6.100400,5.104092,-67.406646,13.992900,-73.917567,0,-6.100386100386091
2019-11-18,sh.603318,11.9800,12.5900,11.9800,12.3600,12.1600,30675348,378669668.0000,3,7.627600,1,1.644700,5.188041,-68.515308,14.223046,-75.133316,0,1.6447368421052655
2019-11-19,sh.603318,12.4000,12.8800,12.2700,12.6900,12.3600,34226084,429438489.0000,3,8.510500,1,2.669900,5.326557,-70.344601,14.602788,-77.139303,0,2.669902912621369
2019-11-20,sh.603318,12.6500,12.7400,12.2300,12.2800,12.6900,31782279,396563908.0000,3,7.902800,1,-3.230900,5.154461,-68.071844,14.130988,-74.647016,0,-3.230890464933023
2019-11-21,sh.603318,12.2900,12.8800,12.2900,12.5100,12.2800,29698205,373169553.0000,3,7.384600,1,1.873000,5.251003,-69.346805,14.395656,-76.045128,0,1.8729641693811194
2019-11-22,sh.603318,12.5300,13.0900,12.2200,12.8100,12.5100,41196790,519844909.0000,3,10.243800,1,2.398100,5.376926,-71.009798,14.740876,-77.868752,0,2.3980815347721895
2019-11-25,sh.603318,12.7000,12.7000,11.6900,11.9400,12.8100,34989926,426628720.0000,3,8.700400,1,-6.791600,5.011748,-66.187118,13.739739,-72.580242,0,-6.791569086651061
2019-11-26,sh.603318,11.8300,12.1800,11.6100,11.8800,11.9400,20464430,244015538.0000,3,5.088600,1,-0.502500,4.986564,-65.854520,13.670695,-72.215517,0,-0.5025125628140614
2019-11-27,sh.603318,11.8600,12.1700,11.6800,11.8100,11.8800,20455057,244072927.0000,3,5.086300,1,-0.589200,4.957182,-65.466488,13.590144,-71.790005,0,-0.5892255892255949
2019-11-28,sh.603318,11.8900,11.9500,11.3500,11.4800,11.8100,24278574,281451775.0000,3,6.037000,1,-2.794200,4.818666,-63.637196,13.210402,-69.784018,0,-2.794242167654526
2019-11-29,sh.603318,11.6000,11.6500,11.2700,11.3100,11.4800,18319771,209065746.0000,3,4.555300,1,-1.480800,4.747309,-62.694833,13.014778,-68.750631,0,-1.4808362369338024
2019-12-02,sh.603318,11.3300,11.3800,10.9000,11.1600,11.3100,26254225,291868400.0000,3,6.528300,1,-1.326300,4.684348,-61.863337,12.842168,-67.838819,0,-1.326259946949604
2019-12-03,sh.603318,11.0900,11.6600,10.9200,11.4500,11.1600,30497828,345464375.0000,3,7.583500,1,2.598600,4.806074,-63.470896,13.175880,-69.601656,0,2.5985663082437105
2019-12-04,sh.603318,11.2400,11.5700,11.1500,11.3300,11.4500,24011677,273393111.0000,3,5.970600,1,-1.048000,4.755704,-62.805699,13.037793,-68.872206,0,-1.0480349344978102
2019-12-05,sh.603318,11.3800,11.4800,11.2100,11.3100,11.3300,19134086,216815426.0000,3,4.757800,1,-0.176500,4.747309,-62.694833,13.014778,-68.750631,0,-0.1765225066195919
2019-12-06,sh.603318,11.3400,11.4700,11.2500,11.3700,11.3100,18000632,204259983.0000,3,4.476000,1,0.530500,4.772494,-63.027432,13.083822,-69.115356,0,0.5305039787798282
2019-12-09,sh.603318,11.4300,11.4500,11.1100,11.1900,11.3700,19588982,219743463.0000,3,4.870900,1,-1.583100,4.696940,-62.029636,12.876690,-68.021182,0,-1.58311345646438
2019-12-10,sh.603318,11.2000,12.3100,11.2000,12.3100,11.1900,40514718,484223365.0000,3,10.074200,1,10.008900,5.167054,-68.238143,14.165510,-74.829379,0,10.008936550491509
2019-12-11,sh.603318,12.3900,12.7400,11.9100,11.9400,12.3100,55255767,681108165.0000,3,13.739700,1,-3.005700,5.011748,-66.187118,13.739739,-72.580242,0,-3.005686433793675
2019-12-12,sh.603318,11.7500,12.1700,11.7000,11.8200,11.9400,26144343,311629311.0000,3,6.500900,1,-1.005000,4.961379,-65.521921,13.601651,-71.850792,0,-1.005025125628134
2019-12-13,sh.603318,11.8800,11.9600,11.4600,11.5900,11.8200,27002101,314619888.0000,3,6.714200,1,-1.945900,4.864838,-64.246960,13.336983,-70.452681,0,-1.9458544839255576
2019-12-16,sh.603318,11.7000,12.1800,11.5800,11.9900,11.5900,30708161,366458624.0000,3,7.635800,1,3.451200,5.032736,-66.464284,13.797276,-72.884180,0,3.45125107851596
2019-12-17,sh.603318,12.0100,12.5000,11.8900,12.2000,11.9900,34576523,421029493.0000,3,8.597700,1,1.751500,5.120882,-67.628379,14.038929,-74.160716,0,1.7514595496246788
2019-12-18,sh.603318,12.3100,12.8700,12.2100,12.6000,12.2000,40536944,507624336.0000,3,10.079700,1,3.278700,5.288780,-69.845703,14.499222,-76.592215,0,3.2786885245901676
2019-12-19,sh.603318,12.7000,13.1300,12.4600,12.8200,12.6000,36689150,469033500.0000,3,9.123000,1,1.746000,5.381123,-71.065231,14.752383,-77.929540,0,1.746031746031762
2019-12-20,sh.603318,12.8500,13.3800,12.4500,12.4500,12.8200,34455109,443818993.0000,3,8.567500,1,-2.886100,5.225818,-69.014206,14.326612,-75.680403,0,-2.8861154446177872
2019-12-23,sh.603318,12.1600,12.3300,11.8500,12.0200,12.4500,23453625,283933557.0000,3,5.831900,1,-3.453800,5.045328,-66.630583,13.831798,-73.066542,0,-3.4538152610441797
2019-12-24,sh.603318,12.0500,12.1800,11.9200,12.1400,12.0200,16647504,200740163.0000,3,4.139500,1,0.998300,5.095697,-67.295780,13.969885,-73.795992,0,0.9983361064891838
2019-12-25,sh.603318,12.0600,12.1500,11.8500,11.9500,12.1400,19162958,229544686.0000,3,4.765000,1,-1.565100,5.015946,-66.242551,13.751246,-72.641030,0,-1.565074135090616
2019-12-26,sh.603318,11.9200,11.9300,11.6600,11.8600,11.9500,17922698,211138758.0000,3,4.456600,1,-0.753100,4.978169,-65.743653,13.647681,-72.093942,0,-0.7531380753138084
2019-12-27,sh.603318,11.8700,12.0000,11.6500,11.6600,11.8600,16224351,192000507.0000,3,4.034300,1,-1.686300,4.894220,-64.634992,13.417534,-70.878193,0,-1.6863406408094361
2019-12-30,sh.603318,11.5300,11.5700,11.0200,11.5000,11.6600,15093817,171410926.0000,3,3.753200,1,-1.372200,4.827061,-63.748062,13.233417,-69.905593,0,-1.3722126929674117
2019-12-31,sh.603318,11.4700,11.7800,11.4200,11.5300,11.5000,11332851,131050482.0000,3,2.818000,1,0.260900,4.839653,-63.914361,13.267939,-70.087956,0,0.2608695652173809
2020-01-02,sh.603318,11.6700,11.6700,11.5600,11.6700,11.5300,19009209,220746420.0000,3,4.726800,1,1.214200,4.898417,-64.690425,13.429041,-70.938980,0,1.2142237640936804
2020-01-03,sh.603318,11.6900,11.9800,11.5800,11.7100,11.6700,17224843,202636067.0000,3,4.283100,1,0.342800,4.915207,-64.912157,13.475071,-71.182130,0,0.3427592116538314
2020-01-06,sh.603318,11.6000,12.2000,11.5400,12.1300,11.7100,25778663,307374083.0000,3,6.410000,1,3.586700,5.091500,-67.240347,13.958378,-73.735204,0,3.5866780529461906
2020-01-07,sh.603318,12.0800,12.1300,11.9600,12.0500,12.1300,17738265,213391518.0000,3,4.410700,1,-0.659500,5.057920,-66.796882,13.866320,-73.248904,0,-0.6595218466611708
2020-01-08,sh.603318,12.0200,12.2400,11.6800,11.7400,12.0500,20234356,242191932.0000,3,5.031400,1,-2.572600,4.927799,-65.078456,13.509593,-71.364493,0,-2.5726141078838194
2020-01-09,sh.603318,11.8500,12.1800,11.7800,12.0500,11.7400,20385954,244833645.0000,3,5.069100,1,2.640500,5.057920,-66.796882,13.866320,-73.248904,0,2.640545144804096
2020-01-10,sh.603318,12.1300,12.1300,11.7500,11.9000,12.0500,14773827,175941350.0000,3,3.673600,1,-1.244800,4.994959,-65.965386,13.693710,-72.337092,0,-1.2448132780083054
2020-01-13,sh.603318,11.8100,11.8600,11.6600,11.7900,11.9000,11572894,135940527.0000,3,2.877700,1,-0.924400,4.948787,-65.355622,13.567129,-71.668430,0,-0.9243697478991675
2020-01-14,sh.603318,11.7800,11.8500,11.6200,11.6500,11.7900,16231397,190299838.0000,3,4.036000,1,-1.187400,4.890022,-64.579558,13.406027,-70.817405,0,-1.187446988973695
2020-01-15,sh.603318,11.6500,11.6500,11.3800,11.3900,11.6500,13049330,150012216.0000,3,3.244800,1,-2.231800,4.780889,-63.138298,13.106837,-69.236931,0,-2.2317596566523545
2020-01-16,sh.603318,11.4400,11.5500,11.3200,11.3300,11.3900,10430729,119126896.0000,3,2.593700,1,-0.526800,4.755704,-62.805699,13.037793,-68.872206,0,-0.5267778753292429
2020-01-17,sh.603318,11.3700,11.4200,11.0800,11.2000,11.3300,11898352,133766676.0000,3,2.958600,1,-1.147400,4.701137,-62.085069,12.888197,-68.081969,0,-1.1473962930273696
2020-01-20,sh.603318,11.1400,11.2300,11.1300,11.1600,11.2000,8197388,91625292.0000,3,2.038300,1,-0.357100,4.684348,-61.863337,12.842168,-67.838819,0,-0.35714285714284477
2020-01-21,sh.603318,11.2000,11.2000,10.8200,10.8400,11.1600,11723310,128683506.0000,3,2.915100,1,-2.867400,4.550029,-60.089478,12.473934,-65.893620,0,-2.8673835125448077
2020-01-22,sh.603318,10.8200,10.8600,10.5000,10.7100,10.8400,10660901,113862699.0000,3,2.650900,1,-1.199300,4.495463,-59.368847,12.324339,-65.103383,0,-1.1992619926199155
2020-01-23,sh.603318,10.7000,10.8200,9.6500,10.1000,10.7100,15469683,158937945.0000,3,3.846600,1,-5.695600,4.239419,-55.987428,11.622392,-61.395347,0,-5.695611577964533
2020-02-03,sh.603318,9.0900,9.0900,9.0900,9.0900,10.1000,659000,5990310.0000,3,0.163900,1,-10.000000,3.815477,-50.388686,10.460153,-55.255812,0,-9.999999999999998
2020-02-04,sh.603318,8.1800,8.5800,8.1800,8.3600,9.0900,24312402,201941396.0000,3,6.045400,1,-8.030800,3.509063,-46.342069,9.620119,-50.818327,0,-8.030803080308036
2020-02-05,sh.603318,8.4000,8.9600,8.3300,8.8400,8.3600,22749307,198370404.0000,3,5.656700,1,5.741600,3.710541,-49.002858,10.172470,-53.736126,0,5.741626794258381
2020-02-06,sh.603318,8.9300,8.9700,8.7400,8.8700,8.8400,15556671,137915942.0000,3,3.868300,1,0.339400,3.723133,-49.169157,10.206992,-53.918488,0,0.33936651583710287
2020-02-07,sh.603318,8.8600,9.1000,8.7500,8.9200,8.8700,13867467,123479353.0000,3,3.448200,1,0.563700,3.744120,-49.446323,10.264529,-54.222425,0,0.5636978579481422
2020-02-10,sh.603318,8.8900,9.1400,8.8000,9.1300,8.9200,12593288,113387552.0000,3,3.131400,1,2.354300,3.832266,-50.610418,10.506182,-55.498962,0,2.354260089686111
2020-02-11,sh.603318,9.2100,9.2100,9.0200,9.0500,9.1300,11064503,100588804.0000,3,2.751300,1,-0.876200,3.798687,-50.166953,10.414124,-55.012663,0,-0.8762322015334112
2020-02-12,sh.603318,9.0900,9.1800,9.0100,9.1700,9.0500,10815434,98411919.0000,3,2.689300,1,1.326000,3.849056,-50.832150,10.552212,-55.742112,0,1.3259668508287303
2020-02-13,sh.603318,9.1900,9.2900,8.9300,8.9500,9.1700,13253855,120548649.0000,3,3.295600,1,-2.399100,3.756713,-49.612622,10.299051,-54.404788,0,-2.399127589967287
2020-02-14,sh.603318,8.9700,9.0600,8.8100,8.8600,8.9500,10703774,95619007.0000,3,2.661600,1,-1.005600,3.718936,-49.113724,10.195485,-53.857701,0,-1.0055865921787643
2020-02-17,sh.603318,9.1100,9.7500,9.1100,9.3800,8.8600,20144950,190397211.0000,3,5.009200,1,5.869100,3.937203,-51.996245,10.793865,-57.018649,0,5.8690744920993465
2020-02-18,sh.603318,9.4300,9.6500,9.3200,9.5700,9.3800,16167015,153181084.0000,3,4.020000,1,2.025600,4.016954,-53.049474,11.012504,-58.173611,0,2.025586353944564
2020-02-19,sh.603318,9.5700,9.6500,9.3400,9.3500,9.5700,13298045,125736847.0000,3,3.306600,1,-2.298800,4.016954,-53.049474,11.012504,-58.173611,0,-2.298850574712652
2020-02-20,sh.603318,9.5000,9.5500,9.3300,9.5200,9.3500,11668466,110202505.0000,3,2.901400,1,1.818200,3.995967,-52.772309,10.954968,-57.869674,0,1.8181818181818077
2020-02-21,sh.603318,9.5500,9.7300,9.4800,9.6600,9.5200,13839016,132891650.0000,3,3.441200,1,1.470600,4.054731,-53.548372,11.116070,-58.720698,0,1.4705882352941346
2020-02-24,sh.603318,9.6100,9.9100,9.5300,9.7900,9.6600,16072729,156667239.0000,3,3.996600,1,1.345800,4.109298,-54.269002,11.265665,-59.510936,0,1.3457556935817738
2020-02-25,sh.603318,9.5400,9.6400,9.2100,9.5400,9.7900,15676002,148561571.0000,3,3.897900,1,-2.553600,4.004362,-52.883175,10.977982,-57.991249,0,-2.5536261491317713
2020-02-26,sh.603318,9.5400,9.6500,9.3600,9.3900,9.5400,14499846,137628052.0000,3,3.605500,1,-1.572300,3.941400,-52.051678,10.805373,-57.079437,0,-1.5723270440251458
2020-02-27,sh.603318,9.3900,9.4700,9.1400,9.1700,9.3900,12659837,117608598.0000,3,3.147900,1,-2.342900,3.849056,-50.832150,10.552212,-55.742112,0,-2.3429179978700865
2020-02-28,sh.603318,9.0300,9.0300,8.3400,8.3600,9.1700,18136657,157707941.0000,3,4.509800,1,-8.833200,3.509063,-46.342069,9.620119,-50.818327,0,-8.833151581243193
2020-03-02,sh.603318,8.3500,9.2000,8.3500,9.2000,8.3600,15058688,134895716.0000,3,3.744400,1,10.047800,3.861649,-50.998450,10.586734,-55.924475,0,10.047846889952151
2020-03-03,sh.603318,9.4900,9.7800,8.9100,8.9900,9.2000,29406928,274347829.0000,3,7.312200,1,-2.282600,3.773502,-49.834355,10.345080,-54.647938,0,-2.2826086956521663
2020-03-04,sh.603318,8.8200,9.2300,8.8100,9.1300,8.9900,15433800,139969594.0000,3,3.837700,1,1.557300,3.832266,-50.610418,10.506182,-55.498962,0,1.5572858731924377
2020-03-05,sh.603318,9.2200,9.5700,9.1000,9.3500,9.1300,19134658,177472890.0000,3,4.757900,1,2.409600,3.924610,-51.829946,10.759343,-56.836287,0,2.409638554216853
2020-03-06,sh.603318,9.3200,9.4400,9.1900,9.3000,9.3500,13410323,124915249.0000,3,3.334600,1,-0.534800,3.903623,-51.552781,10.701807,-56.532349,0,-0.5347593582887611
2020-03-09,sh.603318,9.2300,9.2400,8.8600,8.9100,9.3000,13462276,121928027.0000,3,3.347500,1,-4.193600,3.739923,-49.390890,10.253021,-54.161638,0,-4.193548387096779
2020-03-10,sh.603318,8.7700,9.2000,8.6000,9.1200,8.9100,14922879,132620293.0000,3,3.710700,1,2.356900,3.828069,-50.554985,10.494675,-55.438175,0,2.3569023569023573
2020-03-11,sh.603318,9.2500,9.3900,9.0500,9.0700,9.1200,14065971,129855472.0000,3,3.497600,1,-0.548200,3.807082,-50.277819,10.437138,-55.134238,0,-0.5482456140350811
2020-03-12,sh.603318,8.9300,8.9900,8.7100,8.8000,9.0700,10779370,95297316.0000,3,2.680400,1,-2.976800,3.693751,-48.781126,10.126441,-53.492976,0,-2.9768467475192906
2020-03-13,sh.603318,8.3000,8.5300,8.1100,8.4500,8.8000,15355284,127492690.0000,3,3.818200,1,-3.977300,3.546840,-46.840967,9.723685,-51.365414,0,-3.9772727272727404
2020-03-16,sh.603318,8.5800,8.6200,7.9500,7.9900,8.4500,12618950,104370570.0000,3,3.137800,1,-5.443800,3.353758,-44.291045,9.194348,-48.569191,0,-5.443786982248511
2020-03-17,sh.603318,8.0000,8.1500,7.5600,7.7800,7.9900,12750427,99151743.0000,3,3.170500,1,-2.628300,3.265612,-43.126950,8.952694,-47.292654,0,-2.6282853566958697
2020-03-18,sh.603318,7.8800,8.2600,7.7100,7.7100,7.7800,13447700,107163525.0000,3,3.343800,1,-0.899700,3.236229,-42.738918,8.872143,-46.867141,0,-0.899742930591263
2020-03-19,sh.603318,7.7300,7.8500,7.5500,7.7900,7.7100,10279118,79192413.0000,3,2.556000,1,1.037600,3.269809,-43.182383,8.964202,-47.353441,0,1.037613488975353
2020-03-20,sh.603318,7.8700,7.9200,7.6500,7.8500,7.7900,9227650,71936432.0000,3,2.294500,1,0.770200,3.294994,-43.514981,9.033246,-47.718166,0,0.7702182284980763
2020-03-23,sh.603318,7.6100,7.6800,7.3300,7.3700,7.8500,9471687,71451862.0000,3,2.355200,1,-6.114700,3.093516,-40.854193,8.480894,-44.800367,0,-6.114649681528661
2020-03-24,sh.603318,7.5000,7.5900,7.1800,7.4600,7.3700,10695368,79247765.0000,3,2.659500,1,1.221200,3.131293,-41.353091,8.584460,-45.347454,0,1.2211668928086894
2020-03-25,sh.603318,7.6100,7.6700,7.4800,7.6400,7.4600,9844873,74823686.0000,3,2.448000,1,2.412900,3.206847,-42.350886,8.791592,-46.441629,0,2.4128686327077764
2020-03-26,sh.603318,7.6800,7.7900,7.4000,7.4600,7.6400,10589528,80153406.0000,3,2.633100,1,-2.356000,3.316601,-24.978784,9.270844,-20.232485,0,-2.3560209424083767
2020-03-27,sh.603318,7.5900,7.6300,7.3200,7.3500,7.4600,7849500,58523648.0000,3,1.951800,1,-1.474500,3.267697,-24.610464,9.134143,-19.934151,0,-1.4745308310991967
2020-03-30,sh.603318,7.2000,7.2300,6.9500,7.1200,7.3500,9651557,68166094.0000,3,2.399900,1,-3.129300,3.165442,-23.840341,8.848312,-19.310361,0,-3.129251700680269
2020-03-31,sh.603318,7.2100,7.2300,6.8700,6.9000,7.1200,8887356,62383158.0000,3,2.209900,1,-3.089900,3.067634,-23.103701,8.574909,-18.713693,0,-3.08988764044944
2020-04-01,sh.603318,6.9200,7.1000,6.8500,6.8500,6.9000,9195970,64069491.0000,3,2.286600,1,-0.724600,3.045405,-22.936283,8.512772,-18.578086,0,-0.7246376811594346
2020-04-02,sh.603318,6.7400,7.4800,6.7300,7.1600,6.8500,13941789,98514966.0000,3,3.466700,1,4.525500,3.183226,-23.974275,8.898022,-19.418846,0,4.5255474452554845
2020-04-03,sh.603318,7.1200,7.4600,7.0800,7.3800,7.1600,15740849,114590781.0000,3,3.914100,1,3.072600,3.281034,-24.710915,9.171425,-20.015515,0,3.0726256983240274
2020-04-07,sh.603318,7.4700,7.5000,7.3300,7.4600,7.3800,11478530,85218336.0000,3,2.854200,1,1.084000,3.316601,-24.978784,9.270844,-20.232485,0,1.084010840108407
2020-04-08,sh.603318,7.4000,8.2100,7.3800,8.2100,7.4600,18277426,143102322.0000,3,4.544800,1,10.053600,3.650040,-27.490056,10.202900,-22.266582,0,10.05361930294908
2020-04-09,sh.603318,8.4100,8.4100,7.8900,7.9100,8.2100,18529214,149949705.0000,3,4.607400,1,-3.654100,3.516664,-26.485547,9.830077,-21.452943,0,-3.654080389768588
2020-04-10,sh.603318,7.9800,8.1400,7.7000,7.7800,7.9100,11623900,91866597.0000,3,2.890400,1,-1.643500,3.458868,-26.050260,9.668521,-21.100366,0,-1.643489254108721
2020-04-13,sh.603318,7.7900,7.8500,7.5600,7.6800,7.7800,7147397,54666383.0000,3,1.777200,1,-1.285400,3.414410,-25.715424,9.544247,-20.829153,0,-1.285347043701801
2020-04-14,sh.603318,7.7500,7.8800,7.6700,7.7500,7.6800,8409156,65211521.0000,3,2.091000,1,0.911500,3.445531,-25.949809,9.631239,-21.019003,0,0.9114583333333481
2020-04-15,sh.603318,7.7400,7.8200,7.5600,7.5800,7.7500,8176621,62612449.0000,3,2.033200,1,-2.193500,3.369951,-25.380588,9.419973,-20.557941,0,-2.1935483870967776
2020-04-16,sh.603318,7.6000,7.6200,7.3700,7.5300,7.5800,9344800,70223744.0000,3,2.323600,1,-0.659600,3.347722,-25.213169,9.357836,-20.422334,0,-0.659630606860151
2020-04-17,sh.603318,7.5800,7.6300,7.3100,7.3100,7.5300,10799232,80440560.0000,3,2.685300,1,-2.921700,3.249914,-24.476530,9.084433,-19.825666,0,-2.92164674634795
2020-04-20,sh.603318,7.2900,7.5700,7.2000,7.4600,7.3100,8840824,65440043.0000,3,2.198300,1,2.052000,3.316601,-24.978784,9.270844,-20.232485,0,2.0519835841313228
2020-04-21,sh.603318,7.4000,7.4000,7.1000,7.1900,7.4600,9512699,68807343.0000,3,2.365400,1,-3.619300,3.196563,-24.074726,8.935304,-19.500210,0,-3.6193029490616535
2020-04-22,sh.603318,7.2000,7.2900,7.1100,7.2200,7.1900,6478100,46677614.0000,3,1.610800,1,0.417200,3.209901,-24.175177,8.972586,-19.581574,0,0.4172461752433909
2020-04-23,sh.603318,7.2700,7.2700,7.0500,7.0800,7.2200,7940965,56539301.0000,3,1.974600,1,-1.939100,3.147659,-23.706406,8.798603,-19.201876,0,-1.939058171745145
2020-04-24,sh.603318,7.0500,7.0700,6.7800,6.8100,7.0800,9832742,67854951.0000,3,2.445000,1,-3.813600,3.027621,-22.802348,8.463063,-18.469601,0,-3.8135593220338992
2020-04-27,sh.603318,6.8500,6.9000,6.7000,6.7300,6.8100,6588292,44661118.0000,3,1.638200,1,-1.174700,2.992054,-22.534479,8.363644,-18.252631,0,-1.1747430249632762
2020-04-28,sh.603318,6.6700,6.7200,6.1700,6.3600,6.7300,10680045,68558944.0000,3,2.655700,1,-5.497800,2.827558,-21.295585,7.903830,-17.249143,0,-5.4977711738484425
2020-04-29,sh.603318,6.4200,6.8700,6.3400,6.5700,6.3600,13930316,93020694.0000,3,3.463900,1,3.301900,2.920921,-21.998741,8.164805,-17.818690,0,3.301886792452824
2020-04-30,sh.603318,6.6500,6.8100,6.4300,6.7400,6.5700,8164942,54603614.0000,3,2.030300,1,2.587500,3.027703,-26.031686,6.688270,-42.833325,0,2.5875190258751957
2020-05-06,sh.603318,6.6600,6.9700,6.6400,6.9200,6.7400,6464461,44272107.0000,3,1.607400,1,2.670600,3.108562,-26.726894,6.866889,-43.977242,0,2.6706231454005858
2020-05-07,sh.603318,6.9200,7.0300,6.7500,6.7600,6.9200,6375700,43591835.0000,3,1.585400,1,-2.312100,3.036687,-26.108932,6.708117,-42.960427,0,-2.3121387283236983
2020-05-08,sh.603318,7.1000,7.4400,7.0300,7.4400,6.7600,12165530,88614401.0000,3,3.025000,1,10.059200,3.342153,-28.735274,7.382898,-47.281890,0,10.059171597633142
2020-05-11,sh.603318,7.7100,7.7100,7.2700,7.3500,7.4400,24429336,182826402.0000,3,6.074500,1,-1.209700,3.301724,-28.387670,7.293588,-46.709932,0,-1.2096774193548487
2020-05-12,sh.603318,7.4200,7.7100,7.3500,7.4500,7.3500,15809849,118999196.0000,3,3.931200,1,1.360500,3.346645,-28.773896,7.392821,-47.345441,0,1.3605442176870763
2020-05-13,sh.603318,7.4500,7.5800,7.3100,7.3400,7.4500,12701256,94092358.0000,3,3.158200,1,-1.476500,3.297232,-28.349047,7.283665,-46.646381,0,-1.4765100671141007
2020-05-14,sh.603318,7.2700,7.3200,7.1700,7.2000,7.3400,8501408,61508666.0000,3,2.113900,1,-1.907400,3.234342,-27.808329,7.144740,-45.756668,0,-1.9073569482288777
2020-05-15,sh.603318,7.2800,7.3600,7.0900,7.1000,7.2000,8128300,58511266.0000,3,2.021100,1,-1.388900,3.189420,-27.422103,7.045507,-45.121159,0,-1.388888888888895
2020-05-18,sh.603318,7.1800,7.2100,6.7400,6.8000,7.1000,12777351,88484481.0000,3,3.177200,1,-4.225300,3.054656,-26.263422,6.747810,-43.214631,0,-4.225352112676051
2020-05-19,sh.603318,6.8500,6.9500,6.7800,6.8400,6.8000,7382730,50575572.0000,3,1.835800,1,0.588200,3.072625,-26.417913,6.787503,-43.468834,0,0.588235294117645
2020-05-20,sh.603318,6.8600,6.8700,6.6600,6.7100,6.8400,6864574,46209913.0000,3,1.706900,1,-1.900600,3.014227,-25.915818,6.658500,-42.642672,0,-1.900584795321636
2020-05-21,sh.603318,6.7300,6.7700,6.5800,6.6000,6.7100,6995812,46529760.0000,3,1.739500,1,-1.639300,2.964813,-25.490969,6.549345,-41.943612,0,-1.6393442622950838
2020-05-22,sh.603318,6.6200,6.8800,6.4700,6.7600,6.6000,9138666,60652647.0000,3,2.272400,1,2.424200,3.036687,-26.108932,6.708117,-42.960427,0,2.4242424242424176
2020-05-25,sh.603318,6.7500,6.7500,6.5200,6.5700,6.7600,6417239,42378489.0000,3,1.595700,1,-2.810700,2.951337,-25.375101,6.519575,-41.752959,0,-2.810650887573962
2020-05-26,sh.603318,6.5800,6.7200,6.5600,6.7100,6.5700,5485265,36569765.0000,3,1.363900,1,2.130900,3.014227,-25.915818,6.658500,-42.642672,0,2.130898021308969
2020-05-27,sh.603318,6.7600,6.8200,6.6000,6.6300,6.7100,6001034,40147621.0000,3,1.492200,1,-1.192200,2.978290,-25.606837,6.579114,-42.134265,0,-1.1922503725782407
2020-05-28,sh.603318,6.6500,6.6600,6.4200,6.5200,6.6300,5981534,39039006.0000,3,1.487300,1,-1.659100,2.928876,-25.181987,6.469959,-41.435205,0,-1.6591251885369585
2020-05-29,sh.603318,6.5000,6.6300,6.4700,6.6000,6.5200,4254600,27995390.0000,3,1.057900,1,1.227000,2.964813,-25.490969,6.549345,-41.943612,0,1.2269938650306678
2020-06-01,sh.603318,6.6100,6.9400,6.6000,6.9000,6.6000,10715101,73113511.0000,3,2.664400,1,4.545500,3.099577,-26.649649,6.847042,-43.850140,0,4.545454545454564
2020-06-02,sh.603318,7.0000,7.1400,6.8600,7.1100,6.9000,10790580,75653663.0000,3,2.683100,1,3.043500,3.193912,-27.460725,7.055430,-45.184709,0,3.04347826086957
2020-06-03,sh.603318,7.1300,7.2200,7.0200,7.0400,7.1100,9040613,64253106.0000,3,2.248000,1,-0.984500,3.162467,-27.190367,6.985968,-44.739853,0,-0.9845288326301049
2020-06-04,sh.603318,7.0500,7.1300,6.9000,6.9100,7.0400,6276800,43747896.0000,3,1.560800,1,-1.846600,3.104070,-26.688272,6.856965,-43.913691,0,-1.846590909090906
2020-06-05,sh.603318,6.9300,7.0200,6.8500,6.9800,6.9100,5910393,40984035.0000,3,1.469700,1,1.013000,3.135515,-26.958631,6.926428,-44.358547,0,1.013024602026058
2020-06-08,sh.603318,7.0200,7.1300,6.8500,6.8500,6.9800,7586276,52858485.0000,3,1.886400,1,-1.862500,3.077117,-26.456536,6.797426,-43.532385,0,-1.8624641833810962
2020-06-09,sh.603318,6.8200,6.9300,6.7100,6.8200,6.8500,6787943,46264157.0000,3,1.687900,1,-0.438000,3.063640,-26.340668,6.767656,-43.341733,0,-0.4379562043795526
2020-06-10,sh.603318,6.7800,6.7900,6.6700,6.6700,6.8200,6365400,42752858.0000,3,1.582800,1,-2.199400,2.996258,-25.761327,6.618807,-42.388469,0,-2.1994134897360795
2020-06-11,sh.603318,6.8000,7.3400,6.8000,7.3400,6.6700,7222529,51881258.0000,3,1.795900,1,10.045000,3.297232,-28.349047,7.283665,-46.646381,0,10.04497751124438
2020-06-12,sh.603318,7.3800,7.9500,7.3000,7.7200,7.3400,44460112,342955766.0000,3,11.055300,1,5.177100,3.467933,-29.816709,7.660749,-49.061316,0,5.177111716621252
2020-06-15,sh.603318,7.5400,7.8100,7.4200,7.5700,7.7200,24456491,185779640.0000,3,6.081200,1,-1.943000,3.400551,-29.237369,7.511900,-48.108052,0,-1.943005181347146
2020-06-16,sh.603318,7.4900,7.6200,7.3600,7.4300,7.5700,16732900,124363085.0000,3,4.160700,1,-1.849400,3.337661,-28.696651,7.372974,-47.218339,0,-1.8494055482166538
2020-06-17,sh.603318,7.4000,7.4300,7.1900,7.2300,7.4300,16832104,122406460.0000,3,4.185400,1,-2.691800,3.247818,-27.924198,7.174509,-45.947321,0,-2.69179004037684
2020-06-18,sh.603318,7.2000,7.4400,7.1100,7.2500,7.2300,13375916,97326095.0000,3,3.326000,1,0.276600,3.256802,-28.001443,7.194356,-46.074422,0,0.2766251728907321
2020-06-19,sh.603318,7.2000,7.3300,7.1700,7.2600,7.2500,8138455,58923808.0000,3,2.023700,1,0.137900,3.261294,-28.040066,7.204279,-46.137973,0,0.13793103448276334
2020-06-22,sh.603318,7.1800,7.2700,7.1500,7.1700,7.2600,7704108,55333537.0000,3,1.915700,1,-1.239700,3.220865,-27.692461,7.114970,-45.566015,0,-1.2396694214875992
2020-06-23,sh.603318,7.1800,7.4400,7.1800,7.3000,7.1700,11542327,84709319.0000,3,2.870100,1,1.813100,3.279263,-28.194556,7.243972,-46.392177,0,1.8131101813110062
2020-06-24,sh.603318,7.2500,7.3000,7.1200,7.1400,7.3000,8525876,61131413.0000,3,2.120000,1,-2.191800,3.207389,-27.576593,7.085200,-45.375362,0,-2.1917808219178103
2020-06-29,sh.603318,7.2500,7.6500,7.1400,7.5900,7.1400,15715840,116842671.0000,3,3.907800,1,6.302500,3.409535,-29.314614,7.531746,-48.235154,0,6.302521008403361
2020-06-30,sh.603318,7.5500,7.6500,7.4500,7.6000,7.5900,13115034,99254676.0000,3,3.261100,1,0.131700,3.414027,-29.353237,7.541670,-48.298705,0,0.13175230566535578
2020-07-01,sh.603318,7.6000,8.3600,7.5300,8.3600,7.6000,33633502,274056446.0000,3,8.363200,1,10.000000,3.755430,-32.288560,8.295837,-53.128575,0,9.999999999999986
2020-07-02,sh.603318,8.4500,9.1500,8.4500,8.9100,8.3600,37153517,328588757.0000,3,9.238400,1,6.579000,4.002498,-34.412808,8.841615,-56.623876,0,6.578947368421062
2020-07-03,sh.603318,8.7600,8.8000,8.5000,8.5500,8.9100,27400171,236373725.0000,3,6.813200,1,-4.040400,3.840781,-33.022391,8.484378,-54.336043,0,-4.040404040404033
2020-07-06,sh.603318,8.5500,9.4100,8.5400,9.4100,8.5500,30141025,278281643.0000,3,7.494700,1,10.058500,4.227105,-36.343942,9.337778,-59.801423,0,10.058479532163744
2020-07-07,sh.603318,9.8800,10.0800,9.2000,9.4000,9.4100,37569405,360876782.0000,3,9.341900,1,-0.106300,4.222613,-36.305319,9.327855,-59.737872,0,-0.10626992561104665
2020-07-08,sh.603318,9.4500,9.8800,9.2000,9.7000,9.4000,24784851,236831556.0000,3,6.162900,1,3.191500,4.357377,-37.463999,9.625552,-61.644400,0,3.1914893617021267
2020-07-09,sh.603318,9.6000,9.7700,9.4000,9.6600,9.7000,23505000,225546622.0000,3,5.844700,1,-0.412400,4.339408,-37.309509,9.585859,-61.390196,0,-0.412371134020606
2020-07-10,sh.603318,9.7000,9.7000,9.2000,9.2300,9.6600,18578293,174132580.0000,3,4.619600,1,-4.451300,4.146246,-35.648733,9.159159,-58.657506,0,-4.4513457556935805
2020-07-13,sh.603318,9.2500,10.1500,9.2500,10.1500,9.2300,21976202,211733512.0000,3,5.464500,1,9.967500,4.559523,-39.202020,10.072098,-64.504191,0,9.967497291440953
2020-07-14,sh.603318,10.4000,10.4800,9.7700,9.8400,10.1500,27517480,274991929.0000,3,6.842400,1,-3.054200,4.420267,-38.004717,9.764478,-62.534113,0,-3.0541871921182295
2020-07-15,sh.603318,9.8400,9.9800,9.4800,9.5600,9.8400,13624326,131761229.0000,3,3.387800,1,-2.845500,4.294487,-36.923282,9.486627,-60.754687,0,-2.8455284552845517
2020-07-16,sh.603318,9.5500,9.6000,8.6500,8.7900,9.5600,16301089,148956217.0000,3,4.053400,1,-8.054400,3.948592,-33.949336,8.722536,-55.861265,0,-8.054393305439344
2020-07-17,sh.603318,8.7900,9.2700,8.7400,9.0000,8.7900,11527118,104083093.0000,3,2.866300,1,2.389100,4.042927,-34.760412,8.930925,-57.195835,0,2.3890784982935287
2020-07-20,sh.603318,8.9900,9.2000,8.8500,9.1800,9.0000,10118461,92092284.0000,3,2.516000,1,2.000000,4.123786,-35.455620,9.109543,-58.339751,0,2.0000000000000018
2020-07-21,sh.603318,9.1000,9.1700,8.8500,8.9300,9.1800,10530385,94651391.7900,3,2.618400,1,-2.723300,4.011482,-34.490053,8.861462,-56.750978,0,-2.7233115468409563
